user_id,item_id,ratings
0,11,4.0
0,686,0.0
0,957,0.0
0,562,0.0
0,1899,0.0
0,1590,0.0
0,1267,0.0
0,831,0.0
0,1528,0.0
0,1154,0.0
0,1508,0.0
0,1842,0.0
0,646,0.0
0,20,0.0
0,840,0.0
0,166,0.0
0,1297,0.0
0,387,0.0
0,600,0.0
0,315,0.0
0,13,0.0
0,241,0.0
0,2041,0.0
0,776,0.0
0,1369,0.0
0,564,0.0
0,897,0.0
0,1363,0.0
0,91,0.0
0,1390,0.0
0,955,0.0
0,1478,0.0
0,1451,0.0
0,508,0.0
0,775,0.0
0,1966,0.0
0,34,0.0
0,205,0.0
0,1104,0.0
0,1955,0.0
0,1585,0.0
0,1895,0.0
0,1411,0.0
0,1025,0.0
0,1021,0.0
0,1413,0.0
0,565,0.0
0,1129,0.0
0,1795,0.0
0,1845,0.0
1,203,3.0
1,592,0.0
1,391,0.0
1,1698,0.0
1,418,0.0
1,288,0.0
1,378,0.0
1,1796,0.0
1,1513,0.0
1,230,0.0
1,1017,0.0
1,40,0.0
1,1051,0.0
1,134,0.0
1,200,0.0
1,1863,0.0
1,779,0.0
1,929,0.0
1,1056,0.0
1,1071,0.0
1,502,0.0
1,406,0.0
1,1597,0.0
1,1751,0.0
1,804,0.0
1,98,0.0
1,683,0.0
1,1895,0.0
1,725,0.0
1,2010,0.0
1,1570,0.0
1,960,0.0
1,1762,0.0
1,612,0.0
1,1966,0.0
1,1485,0.0
1,642,0.0
1,1792,0.0
1,1028,0.0
1,1241,0.0
1,502,0.0
1,766,0.0
1,397,0.0
1,870,0.0
1,794,0.0
1,392,0.0
1,206,0.0
1,1038,0.0
1,1881,0.0
1,1577,0.0
2,12,2.0
2,1248,0.0
2,1408,0.0
2,1400,0.0
2,1306,0.0
2,1981,0.0
2,632,0.0
2,627,0.0
2,972,0.0
2,1768,0.0
2,1282,0.0
2,1382,0.0
2,709,0.0
2,1479,0.0
2,1434,0.0
2,648,0.0
2,317,0.0
2,1700,0.0
2,1248,0.0
2,1842,0.0
2,1257,0.0
2,683,0.0
2,663,0.0
2,1998,0.0
2,1850,0.0
2,1397,0.0
2,1695,0.0
2,1631,0.0
2,1495,0.0
2,1256,0.0
2,1715,0.0
2,1136,0.0
2,1853,0.0
2,1520,0.0
2,441,0.0
2,563,0.0
2,1291,0.0
2,1533,0.0
2,1830,0.0
2,1409,0.0
2,1410,0.0
2,1136,0.0
2,1636,0.0
2,1648,0.0
2,951,0.0
2,1104,0.0
2,698,0.0
2,112,0.0
2,1,0.0
2,641,0.0
3,3,4.0
3,1986,0.0
3,1534,0.0
3,146,0.0
3,1171,0.0
3,863,0.0
3,1734,0.0
3,1843,0.0
3,488,0.0
3,928,0.0
3,1959,0.0
3,1663,0.0
3,550,0.0
3,337,0.0
3,871,0.0
3,640,0.0
3,1802,0.0
3,2011,0.0
3,1976,0.0
3,472,0.0
3,1969,0.0
3,150,0.0
3,1438,0.0
3,2013,0.0
3,1321,0.0
3,1634,0.0
3,262,0.0
3,1787,0.0
3,143,0.0
3,345,0.0
3,623,0.0
3,1016,0.0
3,2035,0.0
3,1595,0.0
3,880,0.0
3,1,0.0
3,896,0.0
3,1327,0.0
3,253,0.0
3,1675,0.0
3,452,0.0
3,1060,0.0
3,1183,0.0
3,1014,0.0
3,8,0.0
3,1256,0.0
3,1122,0.0
3,1682,0.0
3,815,0.0
3,207,0.0
4,217,3.0
4,687,0.0
4,459,0.0
4,954,0.0
4,1906,0.0
4,469,0.0
4,1398,0.0
4,1045,0.0
4,749,0.0
4,1693,0.0
4,37,0.0
4,229,0.0
4,1388,0.0
4,562,0.0
4,437,0.0
4,1799,0.0
4,1306,0.0
4,26,0.0
4,225,0.0
4,1300,0.0
4,797,0.0
4,1632,0.0
4,283,0.0
4,878,0.0
4,959,0.0
4,1504,0.0
4,452,0.0
4,1019,0.0
4,1852,0.0
4,815,0.0
4,658,0.0
4,1539,0.0
4,546,0.0
4,1215,0.0
4,1072,0.0
4,1535,0.0
4,16,0.0
4,1195,0.0
4,1243,0.0
4,157,0.0
4,476,0.0
4,1069,0.0
4,1396,0.0
4,517,0.0
4,98,0.0
4,1915,0.0
4,1768,0.0
4,1060,0.0
4,279,0.0
4,1372,0.0
5,254,4.0
5,537,0.0
5,1890,0.0
5,1841,0.0
5,920,0.0
5,407,0.0
5,524,0.0
5,827,0.0
5,1529,0.0
5,902,0.0
5,1848,0.0
5,35,0.0
5,684,0.0
5,19,0.0
5,320,0.0
5,1799,0.0
5,511,0.0
5,2029,0.0
5,399,0.0
5,653,0.0
5,971,0.0
5,1906,0.0
5,470,0.0
5,1166,0.0
5,1115,0.0
5,1377,0.0
5,833,0.0
5,1823,0.0
5,726,0.0
5,1982,0.0
5,853,0.0
5,50,0.0
5,1688,0.0
5,1721,0.0
5,574,0.0
5,1213,0.0
5,1148,0.0
5,149,0.0
5,313,0.0
5,569,0.0
5,1365,0.0
5,304,0.0
5,1715,0.0
5,681,0.0
5,837,0.0
5,1806,0.0
5,1077,0.0
5,1002,0.0
5,443,0.0
5,612,0.0
6,11,4.0
6,1119,0.0
6,1661,0.0
6,1141,0.0
6,559,0.0
6,1624,0.0
6,487,0.0
6,1260,0.0
6,1908,0.0
6,896,0.0
6,1295,0.0
6,1212,0.0
6,2022,0.0
6,703,0.0
6,1470,0.0
6,580,0.0
6,789,0.0
6,860,0.0
6,246,0.0
6,1986,0.0
6,1099,0.0
6,153,0.0
6,1679,0.0
6,1458,0.0
6,996,0.0
6,1109,0.0
6,696,0.0
6,1308,0.0
6,1997,0.0
6,1243,0.0
6,1092,0.0
6,1070,0.0
6,1008,0.0
6,93,0.0
6,1773,0.0
6,957,0.0
6,1011,0.0
6,452,0.0
6,1227,0.0
6,911,0.0
6,217,0.0
6,473,0.0
6,431,0.0
6,340,0.0
6,550,0.0
6,1635,0.0
6,1312,0.0
6,1277,0.0
6,1757,0.0
6,356,0.0
7,211,2.5
7,284,0.0
7,396,0.0
7,11,0.0
7,1630,0.0
7,1325,0.0
7,1921,0.0
7,1276,0.0
7,498,0.0
7,753,0.0
7,34,0.0
7,726,0.0
7,848,0.0
7,89,0.0
7,775,0.0
7,604,0.0
7,1945,0.0
7,969,0.0
7,1625,0.0
7,1021,0.0
7,417,0.0
7,114,0.0
7,616,0.0
7,1926,0.0
7,1219,0.0
7,825,0.0
7,1524,0.0
7,1649,0.0
7,1516,0.0
7,1098,0.0
7,412,0.0
7,1399,0.0
7,1443,0.0
7,728,0.0
7,1300,0.0
7,1020,0.0
7,760,0.0
7,675,0.0
7,1417,0.0
7,1892,0.0
7,456,0.0
7,919,0.0
7,191,0.0
7,738,0.0
7,1712,0.0
7,1122,0.0
7,2031,0.0
7,1571,0.0
7,977,0.0
7,1008,0.0
8,6,1.0
8,947,0.0
8,890,0.0
8,1492,0.0
8,1507,0.0
8,1588,0.0
8,1174,0.0
8,1167,0.0
8,568,0.0
8,1062,0.0
8,108,0.0
8,1716,0.0
8,1065,0.0
8,1209,0.0
8,934,0.0
8,397,0.0
8,1246,0.0
8,633,0.0
8,1156,0.0
8,1186,0.0
8,1238,0.0
8,732,0.0
8,234,0.0
8,1866,0.0
8,657,0.0
8,750,0.0
8,587,0.0
8,1032,0.0
8,1097,0.0
8,953,0.0
8,491,0.0
8,912,0.0
8,1276,0.0
8,1253,0.0
8,1542,0.0
8,1197,0.0
8,1676,0.0
8,1191,0.0
8,169,0.0
8,1416,0.0
8,945,0.0
8,794,0.0
8,633,0.0
8,1217,0.0
8,1540,0.0
8,28,0.0
8,1188,0.0
8,1445,0.0
8,338,0.0
8,1671,0.0
9,5,2.0
9,1432,0.0
9,823,0.0
9,928,0.0
9,933,0.0
9,1140,0.0
9,133,0.0
9,57,0.0
9,1579,0.0
9,684,0.0
9,671,0.0
9,172,0.0
9,1852,0.0
9,814,0.0
9,1172,0.0
9,79,0.0
9,885,0.0
9,1236,0.0
9,202,0.0
9,763,0.0
9,1252,0.0
9,1699,0.0
9,1250,0.0
9,1682,0.0
9,1555,0.0
9,1464,0.0
9,1425,0.0
9,46,0.0
9,1256,0.0
9,1328,0.0
9,1549,0.0
9,1166,0.0
9,1438,0.0
9,1536,0.0
9,1396,0.0
9,1589,0.0
9,1909,0.0
9,1282,0.0
9,655,0.0
9,470,0.0
9,1976,0.0
9,970,0.0
9,1035,0.0
9,1353,0.0
9,735,0.0
9,783,0.0
9,967,0.0
9,357,0.0
9,971,0.0
9,1431,0.0
10,302,4.0
10,1015,0.0
10,1824,0.0
10,373,0.0
10,1088,0.0
10,145,0.0
10,223,0.0
10,1262,0.0
10,176,0.0
10,1802,0.0
10,852,0.0
10,1305,0.0
10,62,0.0
10,1240,0.0
10,1877,0.0
10,826,0.0
10,794,0.0
10,688,0.0
10,1484,0.0
10,1952,0.0
10,1633,0.0
10,104,0.0
10,1122,0.0
10,510,0.0
10,384,0.0
10,404,0.0
10,2031,0.0
10,822,0.0
10,517,0.0
10,475,0.0
10,2000,0.0
10,708,0.0
10,1886,0.0
10,1668,0.0
10,1893,0.0
10,770,0.0
10,1460,0.0
10,1046,0.0
10,996,0.0
10,1588,0.0
10,676,0.0
10,713,0.0
10,1481,0.0
10,82,0.0
10,1168,0.0
10,1108,0.0
10,1101,0.0
10,456,0.0
10,1901,0.0
10,0,0.0
11,234,2.5
11,1329,0.0
11,97,0.0
11,1873,0.0
11,797,0.0
11,1358,0.0
11,858,0.0
11,434,0.0
11,446,0.0
11,2017,0.0
11,1331,0.0
11,248,0.0
11,165,0.0
11,1504,0.0
11,983,0.0
11,1358,0.0
11,1019,0.0
11,541,0.0
11,758,0.0
11,1129,0.0
11,1586,0.0
11,80,0.0
11,132,0.0
11,796,0.0
11,899,0.0
11,137,0.0
11,183,0.0
11,1424,0.0
11,1353,0.0
11,784,0.0
11,1531,0.0
11,1875,0.0
11,983,0.0
11,68,0.0
11,545,0.0
11,1797,0.0
11,52,0.0
11,1473,0.0
11,204,0.0
11,125,0.0
11,1770,0.0
11,42,0.0
11,1775,0.0
11,1994,0.0
11,1906,0.0
11,110,0.0
11,760,0.0
11,1686,0.0
11,1206,0.0
11,847,0.0
12,1,3.5
12,1079,0.0
12,349,0.0
12,106,0.0
12,830,0.0
12,47,0.0
12,1596,0.0
12,336,0.0
12,1049,0.0
12,803,0.0
12,1280,0.0
12,7,0.0
12,624,0.0
12,1890,0.0
12,1276,0.0
12,1715,0.0
12,718,0.0
12,302,0.0
12,638,0.0
12,55,0.0
12,725,0.0
12,525,0.0
12,473,0.0
12,27,0.0
12,2006,0.0
12,77,0.0
12,1239,0.0
12,1409,0.0
12,364,0.0
12,665,0.0
12,525,0.0
12,698,0.0
12,1335,0.0
12,882,0.0
12,1030,0.0
12,1026,0.0
12,1646,0.0
12,918,0.0
12,749,0.0
12,362,0.0
12,1774,0.0
12,1531,0.0
12,2028,0.0
12,1297,0.0
12,1529,0.0
12,805,0.0
12,738,0.0
12,1906,0.0
12,1038,0.0
12,1215,0.0
13,254,3.0
13,1400,0.0
13,1312,0.0
13,1460,0.0
13,661,0.0
13,276,0.0
13,1733,0.0
13,1605,0.0
13,1526,0.0
13,623,0.0
13,515,0.0
13,1373,0.0
13,842,0.0
13,1469,0.0
13,1853,0.0
13,349,0.0
13,1630,0.0
13,1687,0.0
13,822,0.0
13,1160,0.0
13,758,0.0
13,898,0.0
13,242,0.0
13,542,0.0
13,1063,0.0
13,228,0.0
13,547,0.0
13,919,0.0
13,1246,0.0
13,5,0.0
13,1345,0.0
13,467,0.0
13,1755,0.0
13,74,0.0
13,3,0.0
13,1870,0.0
13,645,0.0
13,117,0.0
13,880,0.0
13,1629,0.0
13,503,0.0
13,2021,0.0
13,946,0.0
13,573,0.0
13,1464,0.0
13,193,0.0
13,846,0.0
13,714,0.0
13,1415,0.0
13,1049,0.0
14,120,4.0
14,910,0.0
14,1943,0.0
14,1573,0.0
14,2038,0.0
14,1442,0.0
14,1629,0.0
14,1118,0.0
14,1840,0.0
14,1604,0.0
14,317,0.0
14,1979,0.0
14,235,0.0
14,1969,0.0
14,333,0.0
14,1908,0.0
14,375,0.0
14,1482,0.0
14,1160,0.0
14,1953,0.0
14,587,0.0
14,2018,0.0
14,1570,0.0
14,512,0.0
14,1319,0.0
14,1343,0.0
14,917,0.0
14,1595,0.0
14,1855,0.0
14,1372,0.0
14,1863,0.0
14,1802,0.0
14,872,0.0
14,1252,0.0
14,269,0.0
14,1851,0.0
14,797,0.0
14,1314,0.0
14,724,0.0
14,1188,0.0
14,4,0.0
14,850,0.0
14,1402,0.0
14,77,0.0
14,1433,0.0
14,573,0.0
14,131,0.0
14,600,0.0
14,1772,0.0
14,1065,0.0
15,1,4.0
15,1464,0.0
15,1120,0.0
15,1020,0.0
15,996,0.0
15,1434,0.0
15,950,0.0
15,288,0.0
15,1277,0.0
15,195,0.0
15,597,0.0
15,1857,0.0
15,1545,0.0
15,516,0.0
15,1658,0.0
15,1865,0.0
15,864,0.0
15,1141,0.0
15,805,0.0
15,1932,0.0
15,1182,0.0
15,814,0.0
15,227,0.0
15,1900,0.0
15,215,0.0
15,947,0.0
15,1719,0.0
15,14,0.0
15,1180,0.0
15,1671,0.0
15,1284,0.0
15,1180,0.0
15,46,0.0
15,323,0.0
15,843,0.0
15,1708,0.0
15,129,0.0
15,1434,0.0
15,94,0.0
15,626,0.0
15,754,0.0
15,1955,0.0
15,1315,0.0
15,793,0.0
15,1834,0.0
15,1306,0.0
15,68,0.0
15,1683,0.0
15,10,0.0
15,1277,0.0
16,2,4.0
16,1636,0.0
16,1428,0.0
16,1369,0.0
16,1645,0.0
16,419,0.0
16,1205,0.0
16,982,0.0
16,824,0.0
16,1024,0.0
16,1854,0.0
16,1973,0.0
16,566,0.0
16,370,0.0
16,935,0.0
16,1934,0.0
16,660,0.0
16,1454,0.0
16,968,0.0
16,1332,0.0
16,1160,0.0
16,201,0.0
16,1459,0.0
16,312,0.0
16,116,0.0
16,1689,0.0
16,936,0.0
16,1826,0.0
16,574,0.0
16,243,0.0
16,536,0.0
16,1625,0.0
16,74,0.0
16,1829,0.0
16,385,0.0
16,1926,0.0
16,1233,0.0
16,474,0.0
16,417,0.0
16,346,0.0
16,1552,0.0
16,639,0.0
16,938,0.0
16,954,0.0
16,875,0.0
16,762,0.0
16,1202,0.0
16,1205,0.0
16,663,0.0
16,24,0.0
17,244,1.5
17,1042,0.0
17,17,0.0
17,768,0.0
17,589,0.0
17,1394,0.0
17,1198,0.0
17,1009,0.0
17,193,0.0
17,501,0.0
17,987,0.0
17,1136,0.0
17,113,0.0
17,1245,0.0
17,1701,0.0
17,946,0.0
17,830,0.0
17,1667,0.0
17,1920,0.0
17,1287,0.0
17,924,0.0
17,54,0.0
17,1894,0.0
17,1666,0.0
17,799,0.0
17,777,0.0
17,1481,0.0
17,2002,0.0
17,1901,0.0
17,161,0.0
17,1403,0.0
17,2016,0.0
17,86,0.0
17,54,0.0
17,1499,0.0
17,1823,0.0
17,1201,0.0
17,1414,0.0
17,1372,0.0
17,1031,0.0
17,832,0.0
17,312,0.0
17,758,0.0
17,1858,0.0
17,2007,0.0
17,2006,0.0
17,442,0.0
17,1790,0.0
17,327,0.0
17,1077,0.0
18,251,3.0
18,745,0.0
18,1022,0.0
18,1409,0.0
18,706,0.0
18,470,0.0
18,1142,0.0
18,395,0.0
18,1555,0.0
18,260,0.0
18,804,0.0
18,933,0.0
18,1279,0.0
18,1757,0.0
18,904,0.0
18,1249,0.0
18,1076,0.0
18,939,0.0
18,1890,0.0
18,1523,0.0
18,1529,0.0
18,853,0.0
18,1387,0.0
18,1303,0.0
18,592,0.0
18,713,0.0
18,1181,0.0
18,631,0.0
18,58,0.0
18,2029,0.0
18,1750,0.0
18,127,0.0
18,735,0.0
18,720,0.0
18,1905,0.0
18,1138,0.0
18,1232,0.0
18,525,0.0
18,520,0.0
18,551,0.0
18,1985,0.0
18,236,0.0
18,1304,0.0
18,1382,0.0
18,1224,0.0
18,1781,0.0
18,1301,0.0
18,1258,0.0
18,493,0.0
18,3,0.0
19,12,3.0
19,1599,0.0
19,129,0.0
19,1019,0.0
19,1845,0.0
19,1386,0.0
19,1728,0.0
19,818,0.0
19,692,0.0
19,1315,0.0
19,1394,0.0
19,793,0.0
19,28,0.0
19,148,0.0
19,1802,0.0
19,1319,0.0
19,10,0.0
19,1535,0.0
19,675,0.0
19,1136,0.0
19,186,0.0
19,806,0.0
19,743,0.0
19,1250,0.0
19,1333,0.0
19,97,0.0
19,54,0.0
19,622,0.0
19,663,0.0
19,757,0.0
19,405,0.0
19,68,0.0
19,1335,0.0
19,1312,0.0
19,1785,0.0
19,1571,0.0
19,750,0.0
19,1171,0.0
19,1490,0.0
19,1762,0.0
19,1267,0.0
19,1514,0.0
19,1872,0.0
19,957,0.0
19,1530,0.0
19,364,0.0
19,2026,0.0
19,481,0.0
19,200,0.0
19,153,0.0
20,233,3.0
20,975,0.0
20,709,0.0
20,1223,0.0
20,1560,0.0
20,465,0.0
20,1112,0.0
20,1291,0.0
20,1678,0.0
20,1594,0.0
20,1945,0.0
20,488,0.0
20,1900,0.0
20,1561,0.0
20,46,0.0
20,1311,0.0
20,777,0.0
20,1039,0.0
20,710,0.0
20,400,0.0
20,1942,0.0
20,1817,0.0
20,980,0.0
20,1109,0.0
20,249,0.0
20,390,0.0
20,1805,0.0
20,334,0.0
20,628,0.0
20,1542,0.0
20,136,0.0
20,882,0.0
20,687,0.0
20,1863,0.0
20,1521,0.0
20,826,0.0
20,726,0.0
20,1500,0.0
20,593,0.0
20,1246,0.0
20,989,0.0
20,371,0.0
20,934,0.0
20,994,0.0
20,401,0.0
20,1466,0.0
20,1513,0.0
20,614,0.0
20,1296,0.0
20,1549,0.0
21,329,3.0
21,28,0.0
21,957,0.0
21,2032,0.0
21,476,0.0
21,317,0.0
21,244,0.0
21,747,0.0
21,696,0.0
21,271,0.0
21,1463,0.0
21,1771,0.0
21,1262,0.0
21,376,0.0
21,265,0.0
21,925,0.0
21,920,0.0
21,1382,0.0
21,339,0.0
21,388,0.0
21,576,0.0
21,2013,0.0
21,1712,0.0
21,2,0.0
21,1452,0.0
21,1165,0.0
21,375,0.0
21,1693,0.0
21,2033,0.0
21,323,0.0
21,145,0.0
21,1981,0.0
21,292,0.0
21,1688,0.0
21,431,0.0
21,704,0.0
21,948,0.0
21,2029,0.0
21,1998,0.0
21,584,0.0
21,398,0.0
21,816,0.0
21,1912,0.0
21,1367,0.0
21,963,0.0
21,1163,0.0
21,186,0.0
21,2041,0.0
21,1828,0.0
21,60,0.0
22,1,4.0
22,1596,0.0
22,1914,0.0
22,1513,0.0
22,418,0.0
22,689,0.0
22,849,0.0
22,61,0.0
22,1168,0.0
22,215,0.0
22,2,0.0
22,159,0.0
22,1762,0.0
22,2021,0.0
22,780,0.0
22,1143,0.0
22,892,0.0
22,2030,0.0
22,1112,0.0
22,328,0.0
22,579,0.0
22,1933,0.0
22,1380,0.0
22,1633,0.0
22,1290,0.0
22,1640,0.0
22,951,0.0
22,1346,0.0
22,634,0.0
22,987,0.0
22,1564,0.0
22,1672,0.0
22,1218,0.0
22,920,0.0
22,737,0.0
22,1355,0.0
22,169,0.0
22,520,0.0
22,1486,0.0
22,39,0.0
22,1560,0.0
22,1284,0.0
22,1418,0.0
22,954,0.0
22,1249,0.0
22,983,0.0
22,1147,0.0
22,974,0.0
22,37,0.0
22,327,0.0
23,3,3.0
23,190,0.0
23,1690,0.0
23,421,0.0
23,699,0.0
23,6,0.0
23,132,0.0
23,1770,0.0
23,556,0.0
23,825,0.0
23,760,0.0
23,2034,0.0
23,1054,0.0
23,534,0.0
23,425,0.0
23,1417,0.0
23,671,0.0
23,362,0.0
23,1460,0.0
23,1693,0.0
23,1574,0.0
23,1950,0.0
23,81,0.0
23,355,0.0
23,1281,0.0
23,1741,0.0
23,588,0.0
23,2012,0.0
23,1547,0.0
23,294,0.0
23,1985,0.0
23,1247,0.0
23,1548,0.0
23,1069,0.0
23,1690,0.0
23,1136,0.0
23,1256,0.0
23,16,0.0
23,359,0.0
23,1246,0.0
23,865,0.0
23,699,0.0
23,447,0.0
23,855,0.0
23,364,0.0
23,674,0.0
23,1007,0.0
23,1349,0.0
23,466,0.0
23,413,0.0
24,16,3.5
24,878,0.0
24,78,0.0
24,1951,0.0
24,946,0.0
24,458,0.0
24,569,0.0
24,2006,0.0
24,1561,0.0
24,1505,0.0
24,1453,0.0
24,737,0.0
24,1308,0.0
24,515,0.0
24,2000,0.0
24,1122,0.0
24,396,0.0
24,1512,0.0
24,38,0.0
24,1294,0.0
24,886,0.0
24,796,0.0
24,156,0.0
24,1098,0.0
24,883,0.0
24,1823,0.0
24,1153,0.0
24,1710,0.0
24,973,0.0
24,1107,0.0
24,1045,0.0
24,1482,0.0
24,1562,0.0
24,1730,0.0
24,848,0.0
24,1405,0.0
24,747,0.0
24,1463,0.0
24,1627,0.0
24,988,0.0
24,20,0.0
24,302,0.0
24,1999,0.0
24,868,0.0
24,1978,0.0
24,83,0.0
24,1797,0.0
24,1682,0.0
24,1976,0.0
24,1476,0.0
25,232,2.0
25,454,0.0
25,1296,0.0
25,1917,0.0
25,1259,0.0
25,1875,0.0
25,1763,0.0
25,520,0.0
25,1701,0.0
25,1967,0.0
25,1016,0.0
25,955,0.0
25,1854,0.0
25,725,0.0
25,1013,0.0
25,500,0.0
25,116,0.0
25,385,0.0
25,1367,0.0
25,583,0.0
25,394,0.0
25,1087,0.0
25,1740,0.0
25,720,0.0
25,71,0.0
25,1812,0.0
25,273,0.0
25,2013,0.0
25,1343,0.0
25,337,0.0
25,1389,0.0
25,1518,0.0
25,606,0.0
25,165,0.0
25,1567,0.0
25,10,0.0
25,1324,0.0
25,728,0.0
25,800,0.0
25,101,0.0
25,1448,0.0
25,1415,0.0
25,778,0.0
25,213,0.0
25,1714,0.0
25,1111,0.0
25,1576,0.0
25,400,0.0
25,587,0.0
25,888,0.0
26,342,4.0
26,222,0.0
26,1439,0.0
26,552,0.0
26,1393,0.0
26,715,0.0
26,1287,0.0
26,1863,0.0
26,1713,0.0
26,1883,0.0
26,1341,0.0
26,1107,0.0
26,1341,0.0
26,110,0.0
26,250,0.0
26,382,0.0
26,6,0.0
26,458,0.0
26,1107,0.0
26,207,0.0
26,899,0.0
26,1413,0.0
26,1337,0.0
26,21,0.0
26,409,0.0
26,894,0.0
26,514,0.0
26,1150,0.0
26,808,0.0
26,1723,0.0
26,873,0.0
26,13,0.0
26,970,0.0
26,977,0.0
26,1013,0.0
26,1035,0.0
26,86,0.0
26,1547,0.0
26,908,0.0
26,1560,0.0
26,1324,0.0
26,1266,0.0
26,121,0.0
26,1170,0.0
26,1590,0.0
26,749,0.0
26,1379,0.0
26,684,0.0
26,1927,0.0
26,1756,0.0
27,7,3.5
27,1640,0.0
27,419,0.0
27,1273,0.0
27,1140,0.0
27,865,0.0
27,1535,0.0
27,1763,0.0
27,577,0.0
27,334,0.0
27,1441,0.0
27,931,0.0
27,1797,0.0
27,294,0.0
27,1961,0.0
27,754,0.0
27,1394,0.0
27,185,0.0
27,1269,0.0
27,636,0.0
27,1291,0.0
27,1666,0.0
27,1260,0.0
27,529,0.0
27,1575,0.0
27,20,0.0
27,910,0.0
27,1760,0.0
27,866,0.0
27,793,0.0
27,1543,0.0
27,99,0.0
27,751,0.0
27,477,0.0
27,1622,0.0
27,1321,0.0
27,939,0.0
27,525,0.0
27,333,0.0
27,1,0.0
27,374,0.0
27,292,0.0
27,836,0.0
27,1957,0.0
27,1004,0.0
27,552,0.0
27,317,0.0
27,1525,0.0
27,1851,0.0
27,380,0.0
28,2,2.0
28,2003,0.0
28,1307,0.0
28,1144,0.0
28,1130,0.0
28,1956,0.0
28,686,0.0
28,2020,0.0
28,1227,0.0
28,164,0.0
28,304,0.0
28,1520,0.0
28,1655,0.0
28,1579,0.0
28,1847,0.0
28,155,0.0
28,1390,0.0
28,1742,0.0
28,1925,0.0
28,619,0.0
28,1274,0.0
28,956,0.0
28,1939,0.0
28,1905,0.0
28,333,0.0
28,1665,0.0
28,968,0.0
28,510,0.0
28,1316,0.0
28,1043,0.0
28,281,0.0
28,796,0.0
28,1024,0.0
28,118,0.0
28,1058,0.0
28,197,0.0
28,484,0.0
28,1780,0.0
28,1082,0.0
28,836,0.0
28,1184,0.0
28,1008,0.0
28,690,0.0
28,1229,0.0
28,1035,0.0
28,489,0.0
28,275,0.0
28,692,0.0
28,241,0.0
28,1239,0.0
29,5,3.5
29,113,0.0
29,2001,0.0
29,1168,0.0
29,1561,0.0
29,1671,0.0
29,302,0.0
29,743,0.0
29,1904,0.0
29,587,0.0
29,986,0.0
29,1863,0.0
29,344,0.0
29,813,0.0
29,1987,0.0
29,800,0.0
29,1024,0.0
29,1170,0.0
29,1310,0.0
29,1999,0.0
29,1677,0.0
29,1076,0.0
29,1327,0.0
29,1092,0.0
29,360,0.0
29,1625,0.0
29,1981,0.0
29,1243,0.0
29,1985,0.0
29,1009,0.0
29,703,0.0
29,1989,0.0
29,574,0.0
29,1608,0.0
29,1184,0.0
29,1704,0.0
29,1112,0.0
29,687,0.0
29,780,0.0
29,584,0.0
29,1780,0.0
29,588,0.0
29,1182,0.0
29,488,0.0
29,970,0.0
29,1347,0.0
29,1633,0.0
29,1404,0.0
29,1125,0.0
29,493,0.0
30,234,4.0
30,327,0.0
30,815,0.0
30,1473,0.0
30,453,0.0
30,1947,0.0
30,628,0.0
30,1244,0.0
30,1177,0.0
30,664,0.0
30,11,0.0
30,1156,0.0
30,2017,0.0
30,303,0.0
30,1316,0.0
30,974,0.0
30,1323,0.0
30,1763,0.0
30,782,0.0
30,42,0.0
30,943,0.0
30,342,0.0
30,1349,0.0
30,1837,0.0
30,497,0.0
30,363,0.0
30,890,0.0
30,426,0.0
30,1004,0.0
30,20,0.0
30,406,0.0
30,618,0.0
30,1014,0.0
30,335,0.0
30,1838,0.0
30,1140,0.0
30,1147,0.0
30,398,0.0
30,792,0.0
30,1827,0.0
30,714,0.0
30,50,0.0
30,1806,0.0
30,323,0.0
30,788,0.0
30,140,0.0
30,469,0.0
30,786,0.0
30,1825,0.0
30,1357,0.0
31,120,2.5
31,1708,0.0
31,1385,0.0
31,558,0.0
31,890,0.0
31,140,0.0
31,886,0.0
31,1941,0.0
31,1141,0.0
31,1300,0.0
31,725,0.0
31,1243,0.0
31,1928,0.0
31,1049,0.0
31,520,0.0
31,1806,0.0
31,9,0.0
31,983,0.0
31,377,0.0
31,1656,0.0
31,1660,0.0
31,681,0.0
31,583,0.0
31,151,0.0
31,719,0.0
31,1072,0.0
31,1177,0.0
31,858,0.0
31,1316,0.0
31,1603,0.0
31,49,0.0
31,663,0.0
31,530,0.0
31,1635,0.0
31,1083,0.0
31,1190,0.0
31,1225,0.0
31,856,0.0
31,145,0.0
31,914,0.0
31,1699,0.0
31,1993,0.0
31,992,0.0
31,1462,0.0
31,241,0.0
31,580,0.0
31,686,0.0
31,1584,0.0
31,482,0.0
31,1131,0.0
32,217,3.5
32,35,0.0
32,743,0.0
32,1764,0.0
32,352,0.0
32,1699,0.0
32,1922,0.0
32,72,0.0
32,647,0.0
32,1376,0.0
32,1914,0.0
32,1093,0.0
32,424,0.0
32,998,0.0
32,707,0.0
32,1804,0.0
32,560,0.0
32,827,0.0
32,1665,0.0
32,955,0.0
32,516,0.0
32,427,0.0
32,1562,0.0
32,159,0.0
32,148,0.0
32,775,0.0
32,1253,0.0
32,1735,0.0
32,1585,0.0
32,66,0.0
32,1013,0.0
32,1835,0.0
32,380,0.0
32,57,0.0
32,1282,0.0
32,341,0.0
32,1861,0.0
32,1153,0.0
32,726,0.0
32,1195,0.0
32,769,0.0
32,613,0.0
32,1232,0.0
32,1826,0.0
32,353,0.0
32,1494,0.0
32,1821,0.0
32,115,0.0
32,1287,0.0
32,661,0.0
33,9,3.5
33,1012,0.0
33,783,0.0
33,459,0.0
33,1573,0.0
33,1523,0.0
33,737,0.0
33,508,0.0
33,1677,0.0
33,1827,0.0
33,480,0.0
33,1686,0.0
33,113,0.0
33,748,0.0
33,1601,0.0
33,360,0.0
33,340,0.0
33,769,0.0
33,2010,0.0
33,760,0.0
33,968,0.0
33,448,0.0
33,1866,0.0
33,834,0.0
33,1203,0.0
33,1725,0.0
33,1430,0.0
33,1689,0.0
33,1219,0.0
33,1489,0.0
33,310,0.0
33,261,0.0
33,1442,0.0
33,405,0.0
33,1962,0.0
33,142,0.0
33,341,0.0
33,1339,0.0
33,1124,0.0
33,243,0.0
33,489,0.0
33,11,0.0
33,1262,0.0
33,560,0.0
33,41,0.0
33,677,0.0
33,593,0.0
33,1452,0.0
33,1826,0.0
33,1181,0.0
34,217,4.0
34,916,0.0
34,993,0.0
34,963,0.0
34,536,0.0
34,1102,0.0
34,1603,0.0
34,1196,0.0
34,1979,0.0
34,1035,0.0
34,1823,0.0
34,127,0.0
34,1631,0.0
34,91,0.0
34,1676,0.0
34,542,0.0
34,845,0.0
34,1555,0.0
34,1681,0.0
34,988,0.0
34,1851,0.0
34,446,0.0
34,389,0.0
34,671,0.0
34,1884,0.0
34,42,0.0
34,253,0.0
34,1153,0.0
34,1083,0.0
34,662,0.0
34,466,0.0
34,286,0.0
34,1010,0.0
34,1540,0.0
34,1490,0.0
34,1953,0.0
34,777,0.0
34,344,0.0
34,641,0.0
34,381,0.0
34,1802,0.0
34,689,0.0
34,1276,0.0
34,1950,0.0
34,1079,0.0
34,1486,0.0
34,456,0.0
34,982,0.0
34,82,0.0
34,1928,0.0
35,250,3.0
35,404,0.0
35,245,0.0
35,741,0.0
35,1614,0.0
35,660,0.0
35,649,0.0
35,1494,0.0
35,1849,0.0
35,1911,0.0
35,1446,0.0
35,900,0.0
35,64,0.0
35,1036,0.0
35,212,0.0
35,2009,0.0
35,241,0.0
35,492,0.0
35,1236,0.0
35,1716,0.0
35,337,0.0
35,2020,0.0
35,172,0.0
35,671,0.0
35,163,0.0
35,464,0.0
35,994,0.0
35,496,0.0
35,699,0.0
35,394,0.0
35,702,0.0
35,1940,0.0
35,307,0.0
35,1791,0.0
35,182,0.0
35,628,0.0
35,1817,0.0
35,509,0.0
35,1731,0.0
35,545,0.0
35,1587,0.0
35,623,0.0
35,1787,0.0
35,593,0.0
35,743,0.0
35,1250,0.0
35,1768,0.0
35,1756,0.0
35,1459,0.0
35,1948,0.0
36,378,2.0
36,1528,0.0
36,86,0.0
36,42,0.0
36,1408,0.0
36,1644,0.0
36,1458,0.0
36,407,0.0
36,1506,0.0
36,663,0.0
36,1040,0.0
36,1668,0.0
36,147,0.0
36,276,0.0
36,231,0.0
36,1849,0.0
36,1950,0.0
36,365,0.0
36,1251,0.0
36,1674,0.0
36,435,0.0
36,398,0.0
36,1234,0.0
36,1414,0.0
36,498,0.0
36,539,0.0
36,562,0.0
36,1514,0.0
36,441,0.0
36,1284,0.0
36,772,0.0
36,349,0.0
36,2037,0.0
36,1375,0.0
36,519,0.0
36,1343,0.0
36,137,0.0
36,1573,0.0
36,1646,0.0
36,991,0.0
36,367,0.0
36,1243,0.0
36,1360,0.0
36,1246,0.0
36,1671,0.0
36,1791,0.0
36,359,0.0
36,920,0.0
36,328,0.0
36,961,0.0
37,516,3.5
37,789,0.0
37,2035,0.0
37,413,0.0
37,2003,0.0
37,1748,0.0
37,1195,0.0
37,1311,0.0
37,1458,0.0
37,685,0.0
37,112,0.0
37,887,0.0
37,1940,0.0
37,2018,0.0
37,121,0.0
37,1567,0.0
37,1245,0.0
37,1654,0.0
37,38,0.0
37,496,0.0
37,779,0.0
37,1256,0.0
37,942,0.0
37,1553,0.0
37,148,0.0
37,1420,0.0
37,1021,0.0
37,660,0.0
37,1661,0.0
37,1927,0.0
37,301,0.0
37,1383,0.0
37,237,0.0
37,646,0.0
37,662,0.0
37,235,0.0
37,1759,0.0
37,202,0.0
37,255,0.0
37,597,0.0
37,661,0.0
37,234,0.0
37,1368,0.0
37,533,0.0
37,859,0.0
37,1820,0.0
37,1804,0.0
37,1489,0.0
37,769,0.0
37,540,0.0
38,6,4.0
38,1514,0.0
38,472,0.0
38,1033,0.0
38,1428,0.0
38,1919,0.0
38,301,0.0
38,230,0.0
38,1754,0.0
38,922,0.0
38,1089,0.0
38,936,0.0
38,111,0.0
38,1036,0.0
38,1416,0.0
38,499,0.0
38,931,0.0
38,597,0.0
38,233,0.0
38,601,0.0
38,313,0.0
38,565,0.0
38,1035,0.0
38,208,0.0
38,1997,0.0
38,1037,0.0
38,1656,0.0
38,1441,0.0
38,1460,0.0
38,1400,0.0
38,1043,0.0
38,586,0.0
38,1935,0.0
38,1778,0.0
38,1758,0.0
38,1014,0.0
38,1093,0.0
38,1847,0.0
38,1234,0.0
38,1124,0.0
38,697,0.0
38,131,0.0
38,1646,0.0
38,1404,0.0
38,1155,0.0
38,1043,0.0
38,1929,0.0
38,535,0.0
38,1013,0.0
38,226,0.0
39,206,2.5
39,541,0.0
39,1337,0.0
39,997,0.0
39,1140,0.0
39,926,0.0
39,867,0.0
39,1727,0.0
39,18,0.0
39,431,0.0
39,1708,0.0
39,739,0.0
39,1373,0.0
39,182,0.0
39,112,0.0
39,1206,0.0
39,480,0.0
39,1169,0.0
39,830,0.0
39,1651,0.0
39,1136,0.0
39,762,0.0
39,475,0.0
39,762,0.0
39,1326,0.0
39,970,0.0
39,1848,0.0
39,1019,0.0
39,1141,0.0
39,1836,0.0
39,160,0.0
39,400,0.0
39,197,0.0
39,1283,0.0
39,659,0.0
39,1775,0.0
39,1070,0.0
39,2010,0.0
39,398,0.0
39,1733,0.0
39,1582,0.0
39,77,0.0
39,123,0.0
39,74,0.0
39,1894,0.0
39,136,0.0
39,601,0.0
39,1423,0.0
39,836,0.0
39,1528,0.0
40,10,3.5
40,685,0.0
40,1851,0.0
40,1387,0.0
40,187,0.0
40,1592,0.0
40,1566,0.0
40,1619,0.0
40,1687,0.0
40,984,0.0
40,547,0.0
40,724,0.0
40,925,0.0
40,1431,0.0
40,875,0.0
40,617,0.0
40,413,0.0
40,1365,0.0
40,1243,0.0
40,902,0.0
40,162,0.0
40,1974,0.0
40,1243,0.0
40,269,0.0
40,631,0.0
40,905,0.0
40,1871,0.0
40,1423,0.0
40,1205,0.0
40,2014,0.0
40,1641,0.0
40,1752,0.0
40,204,0.0
40,581,0.0
40,1579,0.0
40,840,0.0
40,1836,0.0
40,1251,0.0
40,1719,0.0
40,1642,0.0
40,595,0.0
40,1873,0.0
40,249,0.0
40,874,0.0
40,1464,0.0
40,1556,0.0
40,195,0.0
40,689,0.0
40,1952,0.0
40,2010,0.0
41,212,4.0
41,597,0.0
41,1014,0.0
41,288,0.0
41,592,0.0
41,1687,0.0
41,1596,0.0
41,572,0.0
41,1377,0.0
41,27,0.0
41,953,0.0
41,42,0.0
41,1704,0.0
41,422,0.0
41,1621,0.0
41,176,0.0
41,528,0.0
41,1633,0.0
41,965,0.0
41,1517,0.0
41,197,0.0
41,609,0.0
41,1600,0.0
41,841,0.0
41,852,0.0
41,1540,0.0
41,1537,0.0
41,21,0.0
41,1135,0.0
41,1080,0.0
41,1089,0.0
41,841,0.0
41,97,0.0
41,1167,0.0
41,1903,0.0
41,434,0.0
41,636,0.0
41,1702,0.0
41,1109,0.0
41,587,0.0
41,343,0.0
41,2030,0.0
41,1959,0.0
41,1317,0.0
41,1979,0.0
41,570,0.0
41,1673,0.0
41,610,0.0
41,1727,0.0
41,242,0.0
42,12,3.5
42,1450,0.0
42,1938,0.0
42,708,0.0
42,306,0.0
42,778,0.0
42,503,0.0
42,267,0.0
42,1609,0.0
42,7,0.0
42,1943,0.0
42,507,0.0
42,475,0.0
42,1320,0.0
42,163,0.0
42,484,0.0
42,1620,0.0
42,1095,0.0
42,566,0.0
42,904,0.0
42,558,0.0
42,1934,0.0
42,1967,0.0
42,237,0.0
42,1127,0.0
42,1233,0.0
42,553,0.0
42,827,0.0
42,467,0.0
42,1477,0.0
42,1291,0.0
42,385,0.0
42,774,0.0
42,847,0.0
42,386,0.0
42,876,0.0
42,258,0.0
42,282,0.0
42,1649,0.0
42,1898,0.0
42,39,0.0
42,485,0.0
42,928,0.0
42,219,0.0
42,1152,0.0
42,1014,0.0
42,1023,0.0
42,1543,0.0
42,612,0.0
42,927,0.0
43,6,4.0
43,1499,0.0
43,1500,0.0
43,264,0.0
43,1395,0.0
43,1509,0.0
43,1457,0.0
43,645,0.0
43,210,0.0
43,1595,0.0
43,1963,0.0
43,1400,0.0
43,1418,0.0
43,1473,0.0
43,942,0.0
43,1387,0.0
43,1899,0.0
43,456,0.0
43,724,0.0
43,1751,0.0
43,1249,0.0
43,981,0.0
43,1154,0.0
43,587,0.0
43,475,0.0
43,1821,0.0
43,985,0.0
43,2031,0.0
43,1300,0.0
43,155,0.0
43,1783,0.0
43,1241,0.0
43,189,0.0
43,1440,0.0
43,980,0.0
43,1698,0.0
43,1715,0.0
43,545,0.0
43,40,0.0
43,306,0.0
43,942,0.0
43,337,0.0
43,1337,0.0
43,1098,0.0
43,952,0.0
43,278,0.0
43,1199,0.0
43,895,0.0
43,1685,0.0
43,272,0.0
44,251,4.0
44,392,0.0
44,1890,0.0
44,1787,0.0
44,844,0.0
44,1230,0.0
44,209,0.0
44,1138,0.0
44,1760,0.0
44,645,0.0
44,1274,0.0
44,218,0.0
44,406,0.0
44,1466,0.0
44,1626,0.0
44,1377,0.0
44,887,0.0
44,557,0.0
44,549,0.0
44,141,0.0
44,611,0.0
44,500,0.0
44,839,0.0
44,701,0.0
44,1570,0.0
44,1682,0.0
44,1565,0.0
44,1869,0.0
44,1530,0.0
44,595,0.0
44,1904,0.0
44,280,0.0
44,423,0.0
44,855,0.0
44,269,0.0
44,153,0.0
44,613,0.0
44,1750,0.0
44,661,0.0
44,1967,0.0
44,2040,0.0
44,82,0.0
44,1645,0.0
44,946,0.0
44,898,0.0
44,1449,0.0
44,1298,0.0
44,1736,0.0
44,283,0.0
44,979,0.0
45,217,3.0
45,1278,0.0
45,694,0.0
45,1039,0.0
45,476,0.0
45,1085,0.0
45,880,0.0
45,431,0.0
45,1693,0.0
45,267,0.0
45,1058,0.0
45,778,0.0
45,1599,0.0
45,493,0.0
45,1585,0.0
45,1492,0.0
45,1790,0.0
45,660,0.0
45,1348,0.0
45,1327,0.0
45,1299,0.0
45,1892,0.0
45,1986,0.0
45,1707,0.0
45,1952,0.0
45,1012,0.0
45,1224,0.0
45,1468,0.0
45,1928,0.0
45,1347,0.0
45,1058,0.0
45,976,0.0
45,481,0.0
45,727,0.0
45,479,0.0
45,1088,0.0
45,1031,0.0
45,1324,0.0
45,342,0.0
45,1454,0.0
45,1447,0.0
45,331,0.0
45,437,0.0
45,1611,0.0
45,173,0.0
45,558,0.0
45,526,0.0
45,1896,0.0
45,658,0.0
45,25,0.0
46,2,3.5
46,92,0.0
46,1644,0.0
46,752,0.0
46,866,0.0
46,1447,0.0
46,141,0.0
46,1314,0.0
46,1455,0.0
46,748,0.0
46,1875,0.0
46,1847,0.0
46,1712,0.0
46,652,0.0
46,700,0.0
46,997,0.0
46,48,0.0
46,1325,0.0
46,880,0.0
46,1213,0.0
46,1159,0.0
46,554,0.0
46,403,0.0
46,891,0.0
46,864,0.0
46,601,0.0
46,1830,0.0
46,340,0.0
46,1780,0.0
46,1968,0.0
46,703,0.0
46,317,0.0
46,617,0.0
46,1386,0.0
46,1845,0.0
46,381,0.0
46,232,0.0
46,1800,0.0
46,1367,0.0
46,1572,0.0
46,816,0.0
46,552,0.0
46,1552,0.0
46,855,0.0
46,1812,0.0
46,818,0.0
46,1594,0.0
46,1958,0.0
46,182,0.0
46,1064,0.0
47,10,3.0
47,638,0.0
47,419,0.0
47,593,0.0
47,484,0.0
47,1682,0.0
47,1774,0.0
47,411,0.0
47,935,0.0
47,1107,0.0
47,1136,0.0
47,1760,0.0
47,331,0.0
47,1401,0.0
47,1778,0.0
47,654,0.0
47,40,0.0
47,1958,0.0
47,1793,0.0
47,958,0.0
47,1820,0.0
47,104,0.0
47,201,0.0
47,449,0.0
47,1842,0.0
47,1866,0.0
47,1996,0.0
47,1289,0.0
47,909,0.0
47,209,0.0
47,562,0.0
47,1141,0.0
47,712,0.0
47,1400,0.0
47,1574,0.0
47,1563,0.0
47,770,0.0
47,1107,0.0
47,453,0.0
47,666,0.0
47,628,0.0
47,1537,0.0
47,1628,0.0
47,1701,0.0
47,386,0.0
47,1935,0.0
47,1373,0.0
47,295,0.0
47,257,0.0
47,1104,0.0
48,388,4.0
48,671,0.0
48,2041,0.0
48,1848,0.0
48,1141,0.0
48,1635,0.0
48,1403,0.0
48,1952,0.0
48,1943,0.0
48,678,0.0
48,1313,0.0
48,439,0.0
48,1691,0.0
48,932,0.0
48,6,0.0
48,1219,0.0
48,420,0.0
48,1591,0.0
48,832,0.0
48,1216,0.0
48,558,0.0
48,1171,0.0
48,1810,0.0
48,1692,0.0
48,1225,0.0
48,1467,0.0
48,913,0.0
48,2011,0.0
48,1442,0.0
48,1450,0.0
48,1006,0.0
48,1502,0.0
48,1498,0.0
48,125,0.0
48,394,0.0
48,816,0.0
48,880,0.0
48,1829,0.0
48,575,0.0
48,324,0.0
48,1415,0.0
48,929,0.0
48,1711,0.0
48,1651,0.0
48,1463,0.0
48,1227,0.0
48,1509,0.0
48,832,0.0
48,1054,0.0
48,1411,0.0
49,6,3.5
49,1936,0.0
49,108,0.0
49,1759,0.0
49,1007,0.0
49,1301,0.0
49,67,0.0
49,1092,0.0
49,1188,0.0
49,1512,0.0
49,304,0.0
49,1932,0.0
49,673,0.0
49,364,0.0
49,1877,0.0
49,820,0.0
49,1402,0.0
49,342,0.0
49,946,0.0
49,898,0.0
49,1577,0.0
49,1377,0.0
49,1439,0.0
49,1132,0.0
49,1586,0.0
49,761,0.0
49,1520,0.0
49,340,0.0
49,941,0.0
49,382,0.0
49,1003,0.0
49,1556,0.0
49,299,0.0
49,138,0.0
49,358,0.0
49,835,0.0
49,1522,0.0
49,1408,0.0
49,1627,0.0
49,1982,0.0
49,1303,0.0
49,1660,0.0
49,482,0.0
49,908,0.0
49,1134,0.0
49,865,0.0
49,138,0.0
49,995,0.0
49,434,0.0
49,508,0.0
50,3,3.0
50,1327,0.0
50,619,0.0
50,1771,0.0
50,819,0.0
50,863,0.0
50,581,0.0
50,1022,0.0
50,694,0.0
50,1785,0.0
50,1251,0.0
50,1125,0.0
50,1610,0.0
50,1440,0.0
50,1981,0.0
50,1239,0.0
50,406,0.0
50,398,0.0
50,1946,0.0
50,714,0.0
50,703,0.0
50,760,0.0
50,498,0.0
50,1777,0.0
50,1488,0.0
50,1714,0.0
50,1972,0.0
50,973,0.0
50,1754,0.0
50,81,0.0
50,603,0.0
50,1970,0.0
50,1710,0.0
50,1774,0.0
50,771,0.0
50,902,0.0
50,364,0.0
50,162,0.0
50,1071,0.0
50,510,0.0
50,1352,0.0
50,1863,0.0
50,115,0.0
50,940,0.0
50,1872,0.0
50,336,0.0
50,880,0.0
50,736,0.0
50,1887,0.0
50,839,0.0
51,2,4.0
51,1315,0.0
51,24,0.0
51,1572,0.0
51,0,0.0
51,910,0.0
51,1572,0.0
51,140,0.0
51,1767,0.0
51,647,0.0
51,1924,0.0
51,187,0.0
51,1151,0.0
51,200,0.0
51,1150,0.0
51,256,0.0
51,1699,0.0
51,546,0.0
51,193,0.0
51,702,0.0
51,1127,0.0
51,1558,0.0
51,1288,0.0
51,801,0.0
51,941,0.0
51,1997,0.0
51,1407,0.0
51,1283,0.0
51,413,0.0
51,2014,0.0
51,1381,0.0
51,1098,0.0
51,1378,0.0
51,1607,0.0
51,1794,0.0
51,909,0.0
51,187,0.0
51,1996,0.0
51,1708,0.0
51,2015,0.0
51,1313,0.0
51,44,0.0
51,1596,0.0
51,82,0.0
51,1146,0.0
51,357,0.0
51,1551,0.0
51,1089,0.0
51,935,0.0
51,1680,0.0
52,251,3.5
52,1097,0.0
52,1033,0.0
52,1507,0.0
52,1479,0.0
52,1589,0.0
52,1587,0.0
52,659,0.0
52,159,0.0
52,1905,0.0
52,1037,0.0
52,1201,0.0
52,411,0.0
52,1901,0.0
52,1011,0.0
52,52,0.0
52,407,0.0
52,846,0.0
52,1045,0.0
52,1053,0.0
52,702,0.0
52,259,0.0
52,1228,0.0
52,1082,0.0
52,1494,0.0
52,775,0.0
52,1489,0.0
52,1035,0.0
52,1654,0.0
52,1950,0.0
52,1997,0.0
52,1313,0.0
52,849,0.0
52,1783,0.0
52,353,0.0
52,1662,0.0
52,1098,0.0
52,872,0.0
52,1739,0.0
52,1584,0.0
52,1614,0.0
52,1464,0.0
52,990,0.0
52,1264,0.0
52,1017,0.0
52,1884,0.0
52,1177,0.0
52,1809,0.0
52,1119,0.0
52,1749,0.0
53,8,4.0
53,174,0.0
53,22,0.0
53,1748,0.0
53,1940,0.0
53,234,0.0
53,1036,0.0
53,1124,0.0
53,928,0.0
53,1559,0.0
53,1899,0.0
53,522,0.0
53,1808,0.0
53,1475,0.0
53,430,0.0
53,792,0.0
53,1629,0.0
53,1736,0.0
53,532,0.0
53,1875,0.0
53,978,0.0
53,1746,0.0
53,1675,0.0
53,1316,0.0
53,809,0.0
53,912,0.0
53,1124,0.0
53,1525,0.0
53,1327,0.0
53,870,0.0
53,539,0.0
53,1023,0.0
53,1576,0.0
53,1378,0.0
53,1326,0.0
53,1519,0.0
53,1681,0.0
53,1791,0.0
53,1997,0.0
53,226,0.0
53,1259,0.0
53,872,0.0
53,891,0.0
53,1478,0.0
53,2024,0.0
53,1036,0.0
53,209,0.0
53,740,0.0
53,396,0.0
53,1123,0.0
54,234,1.0
54,1609,0.0
54,557,0.0
54,1548,0.0
54,1700,0.0
54,1125,0.0
54,1815,0.0
54,1793,0.0
54,2005,0.0
54,1872,0.0
54,867,0.0
54,397,0.0
54,1161,0.0
54,674,0.0
54,1944,0.0
54,386,0.0
54,110,0.0
54,613,0.0
54,16,0.0
54,1803,0.0
54,1205,0.0
54,883,0.0
54,1559,0.0
54,540,0.0
54,170,0.0
54,408,0.0
54,739,0.0
54,1401,0.0
54,1211,0.0
54,857,0.0
54,229,0.0
54,1856,0.0
54,1875,0.0
54,118,0.0
54,1179,0.0
54,783,0.0
54,1710,0.0
54,464,0.0
54,103,0.0
54,1627,0.0
54,697,0.0
54,1995,0.0
54,1818,0.0
54,1525,0.0
54,1716,0.0
54,1705,0.0
54,1722,0.0
54,174,0.0
54,1757,0.0
54,744,0.0
55,251,4.0
55,1147,0.0
55,470,0.0
55,1963,0.0
55,1241,0.0
55,515,0.0
55,1625,0.0
55,1127,0.0
55,392,0.0
55,630,0.0
55,1668,0.0
55,1847,0.0
55,607,0.0
55,979,0.0
55,433,0.0
55,1354,0.0
55,1166,0.0
55,1823,0.0
55,539,0.0
55,277,0.0
55,232,0.0
55,1552,0.0
55,1594,0.0
55,1113,0.0
55,1515,0.0
55,1222,0.0
55,361,0.0
55,1464,0.0
55,25,0.0
55,1048,0.0
55,1417,0.0
55,506,0.0
55,1324,0.0
55,1362,0.0
55,266,0.0
55,460,0.0
55,1716,0.0
55,455,0.0
55,1383,0.0
55,1091,0.0
55,1006,0.0
55,862,0.0
55,1435,0.0
55,1994,0.0
55,490,0.0
55,1856,0.0
55,1072,0.0
55,1710,0.0
55,563,0.0
55,1125,0.0
56,7,1.0
56,492,0.0
56,1258,0.0
56,619,0.0
56,1184,0.0
56,1744,0.0
56,1775,0.0
56,330,0.0
56,332,0.0
56,49,0.0
56,1546,0.0
56,862,0.0
56,1691,0.0
56,1515,0.0
56,1605,0.0
56,1704,0.0
56,271,0.0
56,579,0.0
56,1890,0.0
56,1275,0.0
56,559,0.0
56,695,0.0
56,1855,0.0
56,1722,0.0
56,1113,0.0
56,445,0.0
56,1016,0.0
56,1355,0.0
56,1162,0.0
56,356,0.0
56,1624,0.0
56,273,0.0
56,1042,0.0
56,2006,0.0
56,310,0.0
56,869,0.0
56,885,0.0
56,2001,0.0
56,153,0.0
56,1413,0.0
56,1283,0.0
56,619,0.0
56,882,0.0
56,796,0.0
56,1594,0.0
56,124,0.0
56,1377,0.0
56,1296,0.0
56,618,0.0
56,1834,0.0
57,120,2.5
57,1178,0.0
57,888,0.0
57,348,0.0
57,1474,0.0
57,1899,0.0
57,1676,0.0
57,1196,0.0
57,9,0.0
57,739,0.0
57,1288,0.0
57,1461,0.0
57,1783,0.0
57,1270,0.0
57,666,0.0
57,545,0.0
57,1522,0.0
57,128,0.0
57,1695,0.0
57,600,0.0
57,604,0.0
57,326,0.0
57,1776,0.0
57,1858,0.0
57,979,0.0
57,403,0.0
57,628,0.0
57,1629,0.0
57,1698,0.0
57,1634,0.0
57,1648,0.0
57,1382,0.0
57,1626,0.0
57,1881,0.0
57,717,0.0
57,1040,0.0
57,273,0.0
57,684,0.0
57,115,0.0
57,860,0.0
57,2003,0.0
57,692,0.0
57,1114,0.0
57,1105,0.0
57,323,0.0
57,960,0.0
57,113,0.0
57,1792,0.0
57,1081,0.0
57,153,0.0
58,9,3.0
58,1132,0.0
58,220,0.0
58,1927,0.0
58,552,0.0
58,1391,0.0
58,1170,0.0
58,111,0.0
58,614,0.0
58,1581,0.0
58,923,0.0
58,1517,0.0
58,1528,0.0
58,474,0.0
58,835,0.0
58,1913,0.0
58,270,0.0
58,2018,0.0
58,420,0.0
58,1920,0.0
58,706,0.0
58,1390,0.0
58,1303,0.0
58,1306,0.0
58,39,0.0
58,1982,0.0
58,188,0.0
58,1187,0.0
58,993,0.0
58,2012,0.0
58,1559,0.0
58,535,0.0
58,2025,0.0
58,1027,0.0
58,1858,0.0
58,289,0.0
58,1976,0.0
58,432,0.0
58,470,0.0
58,1204,0.0
58,1271,0.0
58,627,0.0
58,278,0.0
58,876,0.0
58,580,0.0
58,862,0.0
58,253,0.0
58,180,0.0
58,1853,0.0
58,680,0.0
59,10,3.0
59,1763,0.0
59,1574,0.0
59,1551,0.0
59,503,0.0
59,1045,0.0
59,212,0.0
59,309,0.0
59,660,0.0
59,1991,0.0
59,752,0.0
59,271,0.0
59,1594,0.0
59,2038,0.0
59,1822,0.0
59,937,0.0
59,1225,0.0
59,31,0.0
59,442,0.0
59,161,0.0
59,766,0.0
59,253,0.0
59,520,0.0
59,976,0.0
59,1674,0.0
59,1503,0.0
59,9,0.0
59,725,0.0
59,504,0.0
59,784,0.0
59,1859,0.0
59,1583,0.0
59,435,0.0
59,1134,0.0
59,152,0.0
59,1658,0.0
59,916,0.0
59,868,0.0
59,1125,0.0
59,752,0.0
59,1856,0.0
59,1214,0.0
59,1752,0.0
59,562,0.0
59,1827,0.0
59,1104,0.0
59,488,0.0
59,894,0.0
59,1111,0.0
59,1217,0.0
60,83,2.0
60,42,0.0
60,1907,0.0
60,1442,0.0
60,487,0.0
60,77,0.0
60,825,0.0
60,1824,0.0
60,1293,0.0
60,673,0.0
60,700,0.0
60,758,0.0
60,1923,0.0
60,727,0.0
60,1338,0.0
60,924,0.0
60,1874,0.0
60,901,0.0
60,888,0.0
60,992,0.0
60,1968,0.0
60,1191,0.0
60,338,0.0
60,2036,0.0
60,192,0.0
60,1476,0.0
60,282,0.0
60,1359,0.0
60,389,0.0
60,999,0.0
60,524,0.0
60,1263,0.0
60,1855,0.0
60,1981,0.0
60,1506,0.0
60,658,0.0
60,715,0.0
60,1615,0.0
60,890,0.0
60,1578,0.0
60,1481,0.0
60,1112,0.0
60,1683,0.0
60,1118,0.0
60,451,0.0
60,427,0.0
60,1174,0.0
60,1537,0.0
60,1399,0.0
60,1045,0.0
61,233,1.0
61,2013,0.0
61,558,0.0
61,1702,0.0
61,451,0.0
61,288,0.0
61,1164,0.0
61,1107,0.0
61,1717,0.0
61,390,0.0
61,1614,0.0
61,214,0.0
61,1549,0.0
61,214,0.0
61,1426,0.0
61,127,0.0
61,1845,0.0
61,1500,0.0
61,759,0.0
61,403,0.0
61,1052,0.0
61,1815,0.0
61,337,0.0
61,830,0.0
61,713,0.0
61,360,0.0
61,568,0.0
61,1415,0.0
61,217,0.0
61,1597,0.0
61,1692,0.0
61,201,0.0
61,16,0.0
61,321,0.0
61,517,0.0
61,1593,0.0
61,1348,0.0
61,1435,0.0
61,1341,0.0
61,680,0.0
61,1988,0.0
61,1105,0.0
61,1497,0.0
61,1491,0.0
61,424,0.0
61,1968,0.0
61,1754,0.0
61,1712,0.0
61,1227,0.0
61,1606,0.0
62,248,3.0
62,1082,0.0
62,507,0.0
62,257,0.0
62,412,0.0
62,1475,0.0
62,1088,0.0
62,594,0.0
62,1177,0.0
62,2008,0.0
62,265,0.0
62,820,0.0
62,1102,0.0
62,1338,0.0
62,661,0.0
62,946,0.0
62,559,0.0
62,916,0.0
62,890,0.0
62,1271,0.0
62,1813,0.0
62,867,0.0
62,609,0.0
62,413,0.0
62,24,0.0
62,2028,0.0
62,283,0.0
62,1472,0.0
62,880,0.0
62,300,0.0
62,1091,0.0
62,1030,0.0
62,816,0.0
62,1160,0.0
62,1187,0.0
62,82,0.0
62,1920,0.0
62,1673,0.0
62,1443,0.0
62,1096,0.0
62,1260,0.0
62,45,0.0
62,617,0.0
62,927,0.0
62,1823,0.0
62,261,0.0
62,175,0.0
62,1189,0.0
62,656,0.0
62,841,0.0
63,205,4.0
63,202,0.0
63,60,0.0
63,945,0.0
63,962,0.0
63,1853,0.0
63,1337,0.0
63,1184,0.0
63,330,0.0
63,1551,0.0
63,337,0.0
63,1629,0.0
63,1327,0.0
63,1526,0.0
63,1673,0.0
63,1361,0.0
63,1573,0.0
63,638,0.0
63,274,0.0
63,1187,0.0
63,1466,0.0
63,318,0.0
63,588,0.0
63,503,0.0
63,1709,0.0
63,386,0.0
63,1993,0.0
63,869,0.0
63,832,0.0
63,1014,0.0
63,1911,0.0
63,602,0.0
63,1773,0.0
63,1799,0.0
63,690,0.0
63,493,0.0
63,489,0.0
63,720,0.0
63,1096,0.0
63,508,0.0
63,389,0.0
63,1642,0.0
63,1880,0.0
63,294,0.0
63,1392,0.0
63,1979,0.0
63,795,0.0
63,864,0.0
63,1717,0.0
63,548,0.0
64,10,3.5
64,1637,0.0
64,1061,0.0
64,1364,0.0
64,1007,0.0
64,924,0.0
64,644,0.0
64,2032,0.0
64,713,0.0
64,859,0.0
64,20,0.0
64,241,0.0
64,454,0.0
64,962,0.0
64,620,0.0
64,302,0.0
64,1619,0.0
64,1618,0.0
64,802,0.0
64,963,0.0
64,68,0.0
64,1152,0.0
64,195,0.0
64,139,0.0
64,1467,0.0
64,282,0.0
64,311,0.0
64,745,0.0
64,1558,0.0
64,1688,0.0
64,276,0.0
64,60,0.0
64,1342,0.0
64,1913,0.0
64,51,0.0
64,1879,0.0
64,152,0.0
64,1772,0.0
64,1334,0.0
64,1837,0.0
64,543,0.0
64,566,0.0
64,1887,0.0
64,1412,0.0
64,1571,0.0
64,621,0.0
64,2025,0.0
64,1200,0.0
64,1385,0.0
64,313,0.0
65,11,3.5
65,1629,0.0
65,661,0.0
65,757,0.0
65,288,0.0
65,1437,0.0
65,720,0.0
65,637,0.0
65,234,0.0
65,415,0.0
65,937,0.0
65,498,0.0
65,973,0.0
65,633,0.0
65,1673,0.0
65,2030,0.0
65,1019,0.0
65,114,0.0
65,931,0.0
65,673,0.0
65,1736,0.0
65,1257,0.0
65,1563,0.0
65,1034,0.0
65,205,0.0
65,1702,0.0
65,246,0.0
65,1582,0.0
65,757,0.0
65,1150,0.0
65,146,0.0
65,117,0.0
65,1934,0.0
65,1405,0.0
65,411,0.0
65,1687,0.0
65,1607,0.0
65,362,0.0
65,1532,0.0
65,136,0.0
65,1198,0.0
65,1312,0.0
65,957,0.0
65,1504,0.0
65,18,0.0
65,194,0.0
65,329,0.0
65,1959,0.0
65,174,0.0
65,1001,0.0
66,11,2.5
66,793,0.0
66,1403,0.0
66,1167,0.0
66,24,0.0
66,1845,0.0
66,667,0.0
66,1096,0.0
66,631,0.0
66,1847,0.0
66,1856,0.0
66,1116,0.0
66,504,0.0
66,1621,0.0
66,335,0.0
66,424,0.0
66,498,0.0
66,1387,0.0
66,946,0.0
66,629,0.0
66,1768,0.0
66,1222,0.0
66,717,0.0
66,1436,0.0
66,338,0.0
66,658,0.0
66,961,0.0
66,1960,0.0
66,428,0.0
66,1806,0.0
66,898,0.0
66,138,0.0
66,1716,0.0
66,941,0.0
66,541,0.0
66,56,0.0
66,1255,0.0
66,657,0.0
66,434,0.0
66,383,0.0
66,559,0.0
66,193,0.0
66,1759,0.0
66,1671,0.0
66,533,0.0
66,517,0.0
66,715,0.0
66,750,0.0
66,184,0.0
66,1895,0.0
67,244,3.0
67,1505,0.0
67,316,0.0
67,1527,0.0
67,718,0.0
67,1071,0.0
67,1432,0.0
67,1955,0.0
67,1159,0.0
67,1224,0.0
67,249,0.0
67,313,0.0
67,1892,0.0
67,1391,0.0
67,1452,0.0
67,1853,0.0
67,806,0.0
67,1503,0.0
67,1337,0.0
67,1523,0.0
67,1744,0.0
67,1378,0.0
67,484,0.0
67,1234,0.0
67,1727,0.0
67,43,0.0
67,1564,0.0
67,570,0.0
67,582,0.0
67,1115,0.0
67,1288,0.0
67,894,0.0
67,219,0.0
67,1925,0.0
67,924,0.0
67,1465,0.0
67,400,0.0
67,1423,0.0
67,726,0.0
67,990,0.0
67,898,0.0
67,1812,0.0
67,1599,0.0
67,857,0.0
67,803,0.0
67,489,0.0
67,1508,0.0
67,1780,0.0
67,1493,0.0
67,1597,0.0
68,1,3.0
68,2015,0.0
68,155,0.0
68,1940,0.0
68,1401,0.0
68,1645,0.0
68,1804,0.0
68,922,0.0
68,867,0.0
68,902,0.0
68,1813,0.0
68,1609,0.0
68,998,0.0
68,1460,0.0
68,974,0.0
68,1230,0.0
68,387,0.0
68,1503,0.0
68,1814,0.0
68,886,0.0
68,837,0.0
68,2007,0.0
68,1363,0.0
68,2041,0.0
68,1892,0.0
68,339,0.0
68,203,0.0
68,160,0.0
68,1563,0.0
68,391,0.0
68,768,0.0
68,1700,0.0
68,574,0.0
68,533,0.0
68,1093,0.0
68,892,0.0
68,404,0.0
68,607,0.0
68,1698,0.0
68,1614,0.0
68,1540,0.0
68,827,0.0
68,1143,0.0
68,1837,0.0
68,689,0.0
68,1711,0.0
68,901,0.0
68,1240,0.0
68,55,0.0
68,365,0.0
69,234,3.5
69,1327,0.0
69,500,0.0
69,802,0.0
69,597,0.0
69,165,0.0
69,1438,0.0
69,461,0.0
69,919,0.0
69,113,0.0
69,1456,0.0
69,991,0.0
69,1379,0.0
69,1951,0.0
69,1718,0.0
69,206,0.0
69,1791,0.0
69,1258,0.0
69,1465,0.0
69,1378,0.0
69,514,0.0
69,1231,0.0
69,708,0.0
69,1876,0.0
69,1148,0.0
69,137,0.0
69,338,0.0
69,536,0.0
69,67,0.0
69,1596,0.0
69,1564,0.0
69,382,0.0
69,18,0.0
69,682,0.0
69,1473,0.0
69,73,0.0
69,572,0.0
69,938,0.0
69,1688,0.0
69,1299,0.0
69,1071,0.0
69,210,0.0
69,854,0.0
69,1943,0.0
69,650,0.0
69,1645,0.0
69,993,0.0
69,694,0.0
69,539,0.0
69,1732,0.0
70,252,1.5
70,1749,0.0
70,1777,0.0
70,942,0.0
70,720,0.0
70,92,0.0
70,429,0.0
70,653,0.0
70,1457,0.0
70,1427,0.0
70,433,0.0
70,1135,0.0
70,1952,0.0
70,374,0.0
70,1082,0.0
70,1066,0.0
70,206,0.0
70,779,0.0
70,1319,0.0
70,1141,0.0
70,531,0.0
70,1245,0.0
70,165,0.0
70,642,0.0
70,1179,0.0
70,1207,0.0
70,89,0.0
70,1117,0.0
70,12,0.0
70,972,0.0
70,1857,0.0
70,804,0.0
70,944,0.0
70,741,0.0
70,1857,0.0
70,1827,0.0
70,1461,0.0
70,1561,0.0
70,1610,0.0
70,1991,0.0
70,875,0.0
70,1959,0.0
70,1834,0.0
70,1173,0.0
70,659,0.0
70,1031,0.0
70,1052,0.0
70,295,0.0
70,985,0.0
70,925,0.0
71,6,4.0
71,1373,0.0
71,924,0.0
71,1938,0.0
71,493,0.0
71,1546,0.0
71,1121,0.0
71,1969,0.0
71,1094,0.0
71,363,0.0
71,569,0.0
71,1825,0.0
71,762,0.0
71,275,0.0
71,49,0.0
71,1381,0.0
71,727,0.0
71,905,0.0
71,927,0.0
71,563,0.0
71,782,0.0
71,484,0.0
71,1107,0.0
71,1922,0.0
71,1828,0.0
71,1661,0.0
71,2040,0.0
71,1831,0.0
71,583,0.0
71,1319,0.0
71,235,0.0
71,55,0.0
71,1942,0.0
71,359,0.0
71,1930,0.0
71,109,0.0
71,191,0.0
71,903,0.0
71,1116,0.0
71,861,0.0
71,567,0.0
71,1083,0.0
71,649,0.0
71,38,0.0
71,1563,0.0
71,1072,0.0
71,1443,0.0
71,636,0.0
71,1036,0.0
71,2015,0.0
72,206,1.5
72,776,0.0
72,789,0.0
72,1932,0.0
72,1112,0.0
72,687,0.0
72,529,0.0
72,1394,0.0
72,971,0.0
72,935,0.0
72,1936,0.0
72,1422,0.0
72,105,0.0
72,1294,0.0
72,1998,0.0
72,830,0.0
72,1526,0.0
72,678,0.0
72,1548,0.0
72,848,0.0
72,1055,0.0
72,392,0.0
72,39,0.0
72,659,0.0
72,1241,0.0
72,1754,0.0
72,980,0.0
72,1105,0.0
72,844,0.0
72,1743,0.0
72,200,0.0
72,446,0.0
72,1867,0.0
72,1451,0.0
72,1061,0.0
72,1234,0.0
72,443,0.0
72,1350,0.0
72,760,0.0
72,226,0.0
72,47,0.0
72,1041,0.0
72,911,0.0
72,1462,0.0
72,1830,0.0
72,1731,0.0
72,186,0.0
72,344,0.0
72,223,0.0
72,829,0.0
73,609,2.5
73,905,0.0
73,386,0.0
73,1791,0.0
73,698,0.0
73,1099,0.0
73,1200,0.0
73,826,0.0
73,1822,0.0
73,348,0.0
73,1278,0.0
73,1860,0.0
73,1725,0.0
73,307,0.0
73,1368,0.0
73,1150,0.0
73,1960,0.0
73,286,0.0
73,765,0.0
73,724,0.0
73,761,0.0
73,1619,0.0
73,1510,0.0
73,382,0.0
73,1429,0.0
73,387,0.0
73,524,0.0
73,1580,0.0
73,638,0.0
73,937,0.0
73,1649,0.0
73,1968,0.0
73,275,0.0
73,499,0.0
73,716,0.0
73,336,0.0
73,1973,0.0
73,931,0.0
73,480,0.0
73,1920,0.0
73,910,0.0
73,1996,0.0
73,1296,0.0
73,1943,0.0
73,1081,0.0
73,1351,0.0
73,2033,0.0
73,1754,0.0
73,108,0.0
73,1302,0.0
74,247,1.5
74,383,0.0
74,1715,0.0
74,925,0.0
74,416,0.0
74,1848,0.0
74,307,0.0
74,648,0.0
74,1717,0.0
74,1390,0.0
74,1024,0.0
74,1067,0.0
74,738,0.0
74,1866,0.0
74,1121,0.0
74,1743,0.0
74,1288,0.0
74,1823,0.0
74,1806,0.0
74,139,0.0
74,1504,0.0
74,1260,0.0
74,973,0.0
74,1016,0.0
74,952,0.0
74,903,0.0
74,71,0.0
74,1690,0.0
74,1213,0.0
74,1291,0.0
74,1344,0.0
74,106,0.0
74,1255,0.0
74,1065,0.0
74,1725,0.0
74,882,0.0
74,138,0.0
74,614,0.0
74,1706,0.0
74,862,0.0
74,272,0.0
74,1504,0.0
74,415,0.0
74,505,0.0
74,732,0.0
74,1748,0.0
74,1876,0.0
74,423,0.0
74,1430,0.0
74,1591,0.0
75,208,4.0
75,1128,0.0
75,1251,0.0
75,1270,0.0
75,699,0.0
75,1517,0.0
75,82,0.0
75,1209,0.0
75,251,0.0
75,1378,0.0
75,1773,0.0
75,1895,0.0
75,1719,0.0
75,795,0.0
75,896,0.0
75,1961,0.0
75,209,0.0
75,815,0.0
75,1831,0.0
75,608,0.0
75,446,0.0
75,459,0.0
75,967,0.0
75,471,0.0
75,1743,0.0
75,369,0.0
75,899,0.0
75,1957,0.0
75,1515,0.0
75,922,0.0
75,136,0.0
75,366,0.0
75,911,0.0
75,183,0.0
75,1611,0.0
75,1310,0.0
75,471,0.0
75,1398,0.0
75,653,0.0
75,748,0.0
75,536,0.0
75,1534,0.0
75,801,0.0
75,1602,0.0
75,1273,0.0
75,919,0.0
75,509,0.0
75,629,0.0
75,1001,0.0
75,1096,0.0
76,210,2.5
76,1504,0.0
76,883,0.0
76,293,0.0
76,1788,0.0
76,1166,0.0
76,2041,0.0
76,249,0.0
76,877,0.0
76,947,0.0
76,974,0.0
76,1325,0.0
76,1048,0.0
76,788,0.0
76,983,0.0
76,888,0.0
76,889,0.0
76,1924,0.0
76,69,0.0
76,624,0.0
76,874,0.0
76,1135,0.0
76,1387,0.0
76,1326,0.0
76,470,0.0
76,1987,0.0
76,90,0.0
76,529,0.0
76,660,0.0
76,2011,0.0
76,738,0.0
76,725,0.0
76,871,0.0
76,1686,0.0
76,191,0.0
76,1986,0.0
76,1575,0.0
76,1265,0.0
76,137,0.0
76,344,0.0
76,1203,0.0
76,1008,0.0
76,1735,0.0
76,502,0.0
76,202,0.0
76,572,0.0
76,191,0.0
76,4,0.0
76,1913,0.0
76,1260,0.0
77,6,3.5
77,1462,0.0
77,277,0.0
77,551,0.0
77,1636,0.0
77,110,0.0
77,384,0.0
77,1856,0.0
77,760,0.0
77,1214,0.0
77,1513,0.0
77,693,0.0
77,1449,0.0
77,404,0.0
77,1358,0.0
77,1232,0.0
77,21,0.0
77,677,0.0
77,610,0.0
77,2028,0.0
77,1231,0.0
77,7,0.0
77,701,0.0
77,1710,0.0
77,1808,0.0
77,528,0.0
77,2037,0.0
77,601,0.0
77,1676,0.0
77,656,0.0
77,165,0.0
77,848,0.0
77,495,0.0
77,589,0.0
77,428,0.0
77,773,0.0
77,162,0.0
77,365,0.0
77,1549,0.0
77,1262,0.0
77,71,0.0
77,1468,0.0
77,654,0.0
77,1845,0.0
77,1532,0.0
77,1818,0.0
77,268,0.0
77,1776,0.0
77,414,0.0
77,1268,0.0
78,646,3.0
78,1895,0.0
78,1943,0.0
78,1340,0.0
78,380,0.0
78,144,0.0
78,1350,0.0
78,362,0.0
78,1073,0.0
78,1088,0.0
78,354,0.0
78,799,0.0
78,1187,0.0
78,1164,0.0
78,1989,0.0
78,825,0.0
78,1151,0.0
78,397,0.0
78,1956,0.0
78,879,0.0
78,462,0.0
78,1774,0.0
78,1859,0.0
78,807,0.0
78,186,0.0
78,1743,0.0
78,731,0.0
78,1935,0.0
78,1213,0.0
78,1411,0.0
78,428,0.0
78,857,0.0
78,1307,0.0
78,1887,0.0
78,236,0.0
78,1217,0.0
78,1310,0.0
78,770,0.0
78,757,0.0
78,135,0.0
78,791,0.0
78,1806,0.0
78,170,0.0
78,158,0.0
78,200,0.0
78,1510,0.0
78,1580,0.0
78,961,0.0
78,1799,0.0
78,582,0.0
79,209,3.5
79,1914,0.0
79,446,0.0
79,834,0.0
79,1129,0.0
79,1674,0.0
79,810,0.0
79,1424,0.0
79,1119,0.0
79,1411,0.0
79,958,0.0
79,1475,0.0
79,848,0.0
79,808,0.0
79,978,0.0
79,1924,0.0
79,415,0.0
79,725,0.0
79,1527,0.0
79,453,0.0
79,1314,0.0
79,1557,0.0
79,1216,0.0
79,2003,0.0
79,149,0.0
79,1903,0.0
79,758,0.0
79,778,0.0
79,972,0.0
79,762,0.0
79,1001,0.0
79,1538,0.0
79,1416,0.0
79,1339,0.0
79,75,0.0
79,598,0.0
79,1293,0.0
79,224,0.0
79,1553,0.0
79,112,0.0
79,250,0.0
79,1256,0.0
79,840,0.0
79,1814,0.0
79,713,0.0
79,1106,0.0
79,124,0.0
79,1198,0.0
79,1092,0.0
79,1070,0.0
80,217,4.0
80,1354,0.0
80,783,0.0
80,240,0.0
80,1778,0.0
80,1553,0.0
80,482,0.0
80,1012,0.0
80,186,0.0
80,1881,0.0
80,655,0.0
80,261,0.0
80,952,0.0
80,1387,0.0
80,490,0.0
80,430,0.0
80,238,0.0
80,303,0.0
80,297,0.0
80,75,0.0
80,1723,0.0
80,1356,0.0
80,1923,0.0
80,998,0.0
80,1781,0.0
80,641,0.0
80,1497,0.0
80,826,0.0
80,1946,0.0
80,282,0.0
80,590,0.0
80,71,0.0
80,1286,0.0
80,702,0.0
80,1902,0.0
80,1910,0.0
80,1965,0.0
80,574,0.0
80,999,0.0
80,891,0.0
80,11,0.0
80,140,0.0
80,1789,0.0
80,1578,0.0
80,16,0.0
80,1086,0.0
80,252,0.0
80,464,0.0
80,375,0.0
80,1827,0.0
81,4,3.0
81,1169,0.0
81,964,0.0
81,949,0.0
81,1891,0.0
81,1053,0.0
81,44,0.0
81,1810,0.0
81,470,0.0
81,33,0.0
81,652,0.0
81,1450,0.0
81,829,0.0
81,1909,0.0
81,220,0.0
81,1891,0.0
81,533,0.0
81,691,0.0
81,1971,0.0
81,1390,0.0
81,931,0.0
81,840,0.0
81,1766,0.0
81,1010,0.0
81,1938,0.0
81,1573,0.0
81,581,0.0
81,1139,0.0
81,238,0.0
81,1358,0.0
81,440,0.0
81,147,0.0
81,1032,0.0
81,1311,0.0
81,387,0.0
81,1073,0.0
81,1873,0.0
81,1540,0.0
81,915,0.0
81,1878,0.0
81,637,0.0
81,1610,0.0
81,1700,0.0
81,277,0.0
81,1977,0.0
81,1859,0.0
81,988,0.0
81,1323,0.0
81,1825,0.0
81,588,0.0
82,4,3.5
82,1744,0.0
82,1248,0.0
82,1994,0.0
82,1371,0.0
82,991,0.0
82,320,0.0
82,558,0.0
82,2011,0.0
82,1204,0.0
82,617,0.0
82,710,0.0
82,1409,0.0
82,1641,0.0
82,1815,0.0
82,1795,0.0
82,1131,0.0
82,530,0.0
82,409,0.0
82,1994,0.0
82,1319,0.0
82,817,0.0
82,1194,0.0
82,1354,0.0
82,492,0.0
82,1218,0.0
82,11,0.0
82,194,0.0
82,489,0.0
82,794,0.0
82,880,0.0
82,181,0.0
82,961,0.0
82,1840,0.0
82,655,0.0
82,1921,0.0
82,1339,0.0
82,693,0.0
82,29,0.0
82,1619,0.0
82,1701,0.0
82,1819,0.0
82,1816,0.0
82,1119,0.0
82,1404,0.0
82,777,0.0
82,443,0.0
82,297,0.0
82,807,0.0
82,1760,0.0
83,654,4.0
83,1217,0.0
83,1308,0.0
83,526,0.0
83,523,0.0
83,612,0.0
83,1179,0.0
83,1363,0.0
83,124,0.0
83,870,0.0
83,279,0.0
83,916,0.0
83,1929,0.0
83,621,0.0
83,845,0.0
83,1892,0.0
83,1681,0.0
83,1751,0.0
83,1933,0.0
83,673,0.0
83,1151,0.0
83,313,0.0
83,331,0.0
83,1173,0.0
83,2039,0.0
83,1477,0.0
83,35,0.0
83,1708,0.0
83,1443,0.0
83,1045,0.0
83,205,0.0
83,638,0.0
83,847,0.0
83,1980,0.0
83,1379,0.0
83,439,0.0
83,728,0.0
83,1119,0.0
83,1952,0.0
83,940,0.0
83,163,0.0
83,147,0.0
83,1553,0.0
83,293,0.0
83,194,0.0
83,662,0.0
83,479,0.0
83,1900,0.0
83,122,0.0
83,1423,0.0
84,215,3.0
84,189,0.0
84,2006,0.0
84,799,0.0
84,935,0.0
84,1932,0.0
84,250,0.0
84,1747,0.0
84,290,0.0
84,1668,0.0
84,1224,0.0
84,1820,0.0
84,325,0.0
84,1534,0.0
84,1432,0.0
84,1630,0.0
84,1813,0.0
84,1985,0.0
84,1964,0.0
84,836,0.0
84,507,0.0
84,730,0.0
84,1624,0.0
84,71,0.0
84,1270,0.0
84,640,0.0
84,1747,0.0
84,939,0.0
84,1878,0.0
84,607,0.0
84,1610,0.0
84,1958,0.0
84,2030,0.0
84,565,0.0
84,1367,0.0
84,1994,0.0
84,1948,0.0
84,53,0.0
84,1753,0.0
84,527,0.0
84,610,0.0
84,1555,0.0
84,1581,0.0
84,1986,0.0
84,192,0.0
84,1918,0.0
84,57,0.0
84,1460,0.0
84,1134,0.0
84,128,0.0
85,212,3.0
85,626,0.0
85,1049,0.0
85,1942,0.0
85,298,0.0
85,1100,0.0
85,923,0.0
85,136,0.0
85,1043,0.0
85,439,0.0
85,210,0.0
85,751,0.0
85,1574,0.0
85,434,0.0
85,779,0.0
85,1230,0.0
85,2014,0.0
85,438,0.0
85,1997,0.0
85,1802,0.0
85,665,0.0
85,1065,0.0
85,410,0.0
85,1546,0.0
85,805,0.0
85,609,0.0
85,426,0.0
85,1298,0.0
85,1471,0.0
85,901,0.0
85,941,0.0
85,1907,0.0
85,741,0.0
85,1392,0.0
85,1961,0.0
85,1243,0.0
85,1600,0.0
85,1890,0.0
85,1255,0.0
85,327,0.0
85,1466,0.0
85,51,0.0
85,1909,0.0
85,1966,0.0
85,375,0.0
85,262,0.0
85,266,0.0
85,358,0.0
85,1340,0.0
85,1347,0.0
86,204,3.0
86,781,0.0
86,333,0.0
86,1570,0.0
86,797,0.0
86,347,0.0
86,272,0.0
86,962,0.0
86,719,0.0
86,1773,0.0
86,1437,0.0
86,499,0.0
86,1116,0.0
86,684,0.0
86,78,0.0
86,621,0.0
86,2039,0.0
86,1240,0.0
86,946,0.0
86,357,0.0
86,617,0.0
86,506,0.0
86,1582,0.0
86,1204,0.0
86,575,0.0
86,1269,0.0
86,243,0.0
86,505,0.0
86,421,0.0
86,1343,0.0
86,1110,0.0
86,216,0.0
86,1513,0.0
86,1542,0.0
86,1301,0.0
86,1872,0.0
86,1745,0.0
86,1008,0.0
86,1192,0.0
86,329,0.0
86,649,0.0
86,1464,0.0
86,390,0.0
86,1519,0.0
86,380,0.0
86,1329,0.0
86,741,0.0
86,2010,0.0
86,819,0.0
86,672,0.0
87,209,3.5
87,1967,0.0
87,1062,0.0
87,1512,0.0
87,1667,0.0
87,541,0.0
87,1693,0.0
87,1301,0.0
87,1226,0.0
87,1089,0.0
87,107,0.0
87,267,0.0
87,221,0.0
87,1827,0.0
87,1553,0.0
87,1113,0.0
87,692,0.0
87,254,0.0
87,1478,0.0
87,252,0.0
87,256,0.0
87,382,0.0
87,441,0.0
87,1881,0.0
87,598,0.0
87,1113,0.0
87,1772,0.0
87,389,0.0
87,581,0.0
87,1067,0.0
87,1735,0.0
87,1687,0.0
87,597,0.0
87,18,0.0
87,1124,0.0
87,1937,0.0
87,606,0.0
87,1789,0.0
87,1380,0.0
87,1565,0.0
87,1784,0.0
87,1961,0.0
87,32,0.0
87,1993,0.0
87,1252,0.0
87,1547,0.0
87,1653,0.0
87,861,0.0
87,154,0.0
87,1446,0.0
88,11,3.0
88,1108,0.0
88,1590,0.0
88,1786,0.0
88,143,0.0
88,1886,0.0
88,1933,0.0
88,1702,0.0
88,1435,0.0
88,223,0.0
88,219,0.0
88,178,0.0
88,1654,0.0
88,432,0.0
88,264,0.0
88,953,0.0
88,428,0.0
88,1685,0.0
88,415,0.0
88,1476,0.0
88,726,0.0
88,196,0.0
88,1577,0.0
88,1076,0.0
88,479,0.0
88,1466,0.0
88,1353,0.0
88,1274,0.0
88,1830,0.0
88,889,0.0
88,1806,0.0
88,1990,0.0
88,924,0.0
88,122,0.0
88,1902,0.0
88,1410,0.0
88,1362,0.0
88,777,0.0
88,347,0.0
88,28,0.0
88,974,0.0
88,34,0.0
88,1541,0.0
88,1419,0.0
88,622,0.0
88,1317,0.0
88,588,0.0
88,1372,0.0
88,1170,0.0
88,1090,0.0
89,668,3.0
89,1517,0.0
89,1391,0.0
89,1869,0.0
89,936,0.0
89,419,0.0
89,888,0.0
89,1814,0.0
89,170,0.0
89,133,0.0
89,2030,0.0
89,964,0.0
89,1450,0.0
89,1048,0.0
89,1553,0.0
89,1213,0.0
89,1164,0.0
89,1578,0.0
89,1869,0.0
89,1819,0.0
89,657,0.0
89,1338,0.0
89,1467,0.0
89,1342,0.0
89,1464,0.0
89,1115,0.0
89,178,0.0
89,1079,0.0
89,1178,0.0
89,1695,0.0
89,110,0.0
89,136,0.0
89,231,0.0
89,991,0.0
89,467,0.0
89,731,0.0
89,480,0.0
89,1091,0.0
89,813,0.0
89,1272,0.0
89,993,0.0
89,2031,0.0
89,322,0.0
89,921,0.0
89,903,0.0
89,1541,0.0
89,1999,0.0
89,1815,0.0
89,1455,0.0
89,1510,0.0
90,211,2.0
90,1755,0.0
90,1883,0.0
90,1979,0.0
90,698,0.0
90,1312,0.0
90,914,0.0
90,1563,0.0
90,890,0.0
90,691,0.0
90,252,0.0
90,1149,0.0
90,1200,0.0
90,1060,0.0
90,409,0.0
90,1634,0.0
90,1633,0.0
90,126,0.0
90,1506,0.0
90,1191,0.0
90,591,0.0
90,293,0.0
90,1868,0.0
90,1661,0.0
90,1366,0.0
90,1019,0.0
90,309,0.0
90,661,0.0
90,527,0.0
90,539,0.0
90,2031,0.0
90,418,0.0
90,443,0.0
90,684,0.0
90,1581,0.0
90,839,0.0
90,235,0.0
90,1462,0.0
90,2038,0.0
90,213,0.0
90,84,0.0
90,793,0.0
90,1767,0.0
90,84,0.0
90,1944,0.0
90,1512,0.0
90,64,0.0
90,1669,0.0
90,662,0.0
90,626,0.0
91,253,2.0
91,1781,0.0
91,628,0.0
91,1627,0.0
91,1424,0.0
91,27,0.0
91,936,0.0
91,1985,0.0
91,1560,0.0
91,57,0.0
91,1521,0.0
91,296,0.0
91,133,0.0
91,1354,0.0
91,248,0.0
91,1020,0.0
91,549,0.0
91,901,0.0
91,1964,0.0
91,1098,0.0
91,1677,0.0
91,833,0.0
91,1191,0.0
91,770,0.0
91,1526,0.0
91,1908,0.0
91,1378,0.0
91,1248,0.0
91,1687,0.0
91,1554,0.0
91,145,0.0
91,1983,0.0
91,1264,0.0
91,1907,0.0
91,892,0.0
91,343,0.0
91,1772,0.0
91,1058,0.0
91,701,0.0
91,0,0.0
91,2019,0.0
91,152,0.0
91,428,0.0
91,1968,0.0
91,507,0.0
91,1149,0.0
91,490,0.0
91,1505,0.0
91,344,0.0
91,1935,0.0
92,214,0.5
92,1191,0.0
92,1544,0.0
92,620,0.0
92,1160,0.0
92,153,0.0
92,1411,0.0
92,1232,0.0
92,271,0.0
92,142,0.0
92,1634,0.0
92,1912,0.0
92,1843,0.0
92,1092,0.0
92,246,0.0
92,1284,0.0
92,787,0.0
92,78,0.0
92,1681,0.0
92,622,0.0
92,1793,0.0
92,1628,0.0
92,524,0.0
92,771,0.0
92,937,0.0
92,1644,0.0
92,1353,0.0
92,1212,0.0
92,1118,0.0
92,616,0.0
92,1031,0.0
92,66,0.0
92,1519,0.0
92,190,0.0
92,1389,0.0
92,767,0.0
92,520,0.0
92,989,0.0
92,1140,0.0
92,266,0.0
92,1634,0.0
92,484,0.0
92,1532,0.0
92,1321,0.0
92,1932,0.0
92,1187,0.0
92,375,0.0
92,652,0.0
92,1291,0.0
92,548,0.0
93,7,3.5
93,324,0.0
93,978,0.0
93,1749,0.0
93,1850,0.0
93,955,0.0
93,1490,0.0
93,893,0.0
93,1390,0.0
93,1341,0.0
93,143,0.0
93,383,0.0
93,215,0.0
93,1384,0.0
93,323,0.0
93,1038,0.0
93,216,0.0
93,1515,0.0
93,950,0.0
93,1570,0.0
93,182,0.0
93,269,0.0
93,944,0.0
93,1490,0.0
93,869,0.0
93,1635,0.0
93,1542,0.0
93,1565,0.0
93,466,0.0
93,304,0.0
93,2008,0.0
93,1167,0.0
93,110,0.0
93,1013,0.0
93,231,0.0
93,1714,0.0
93,1607,0.0
93,1745,0.0
93,1755,0.0
93,1615,0.0
93,1523,0.0
93,594,0.0
93,1577,0.0
93,1296,0.0
93,1726,0.0
93,172,0.0
93,972,0.0
93,1030,0.0
93,1178,0.0
93,1545,0.0
94,378,3.0
94,1223,0.0
94,1335,0.0
94,2037,0.0
94,707,0.0
94,1058,0.0
94,378,0.0
94,386,0.0
94,1781,0.0
94,236,0.0
94,615,0.0
94,1542,0.0
94,282,0.0
94,0,0.0
94,1754,0.0
94,463,0.0
94,1253,0.0
94,966,0.0
94,171,0.0
94,1110,0.0
94,1576,0.0
94,1146,0.0
94,842,0.0
94,1321,0.0
94,1908,0.0
94,1952,0.0
94,689,0.0
94,574,0.0
94,1507,0.0
94,164,0.0
94,2024,0.0
94,1722,0.0
94,382,0.0
94,208,0.0
94,1762,0.0
94,1455,0.0
94,1412,0.0
94,1583,0.0
94,223,0.0
94,2,0.0
94,371,0.0
94,1710,0.0
94,1469,0.0
94,610,0.0
94,115,0.0
94,1293,0.0
94,446,0.0
94,1391,0.0
94,1276,0.0
94,1340,0.0
95,215,3.5
95,1990,0.0
95,1500,0.0
95,2038,0.0
95,1950,0.0
95,1727,0.0
95,764,0.0
95,920,0.0
95,549,0.0
95,13,0.0
95,391,0.0
95,1370,0.0
95,309,0.0
95,385,0.0
95,1232,0.0
95,1380,0.0
95,973,0.0
95,1624,0.0
95,1591,0.0
95,1117,0.0
95,1116,0.0
95,339,0.0
95,596,0.0
95,1468,0.0
95,756,0.0
95,1045,0.0
95,290,0.0
95,1508,0.0
95,1807,0.0
95,305,0.0
95,633,0.0
95,1151,0.0
95,624,0.0
95,938,0.0
95,1296,0.0
95,847,0.0
95,441,0.0
95,502,0.0
95,129,0.0
95,1155,0.0
95,596,0.0
95,1958,0.0
95,1505,0.0
95,861,0.0
95,1413,0.0
95,592,0.0
95,998,0.0
95,2008,0.0
95,324,0.0
95,1092,0.0
96,783,3.0
96,317,0.0
96,1487,0.0
96,801,0.0
96,1622,0.0
96,1905,0.0
96,873,0.0
96,471,0.0
96,1079,0.0
96,624,0.0
96,12,0.0
96,1463,0.0
96,1041,0.0
96,693,0.0
96,972,0.0
96,112,0.0
96,228,0.0
96,170,0.0
96,294,0.0
96,188,0.0
96,425,0.0
96,976,0.0
96,1102,0.0
96,657,0.0
96,918,0.0
96,1205,0.0
96,498,0.0
96,1821,0.0
96,761,0.0
96,865,0.0
96,825,0.0
96,1731,0.0
96,1858,0.0
96,70,0.0
96,247,0.0
96,145,0.0
96,1641,0.0
96,1798,0.0
96,1319,0.0
96,581,0.0
96,469,0.0
96,1529,0.0
96,192,0.0
96,1091,0.0
96,493,0.0
96,1840,0.0
96,51,0.0
96,881,0.0
96,362,0.0
96,1820,0.0
97,383,3.0
97,401,0.0
97,1782,0.0
97,121,0.0
97,272,0.0
97,1317,0.0
97,397,0.0
97,470,0.0
97,984,0.0
97,1230,0.0
97,1133,0.0
97,1463,0.0
97,1301,0.0
97,1986,0.0
97,1591,0.0
97,1910,0.0
97,1938,0.0
97,568,0.0
97,1963,0.0
97,1505,0.0
97,1826,0.0
97,1137,0.0
97,1916,0.0
97,896,0.0
97,819,0.0
97,852,0.0
97,1500,0.0
97,709,0.0
97,1956,0.0
97,320,0.0
97,178,0.0
97,896,0.0
97,218,0.0
97,788,0.0
97,1972,0.0
97,1551,0.0
97,491,0.0
97,1914,0.0
97,60,0.0
97,1077,0.0
97,1703,0.0
97,537,0.0
97,847,0.0
97,987,0.0
97,64,0.0
97,1635,0.0
97,585,0.0
97,1727,0.0
97,170,0.0
97,1296,0.0
98,246,3.5
98,26,0.0
98,793,0.0
98,1120,0.0
98,974,0.0
98,547,0.0
98,620,0.0
98,566,0.0
98,703,0.0
98,1242,0.0
98,184,0.0
98,1092,0.0
98,1852,0.0
98,1153,0.0
98,1590,0.0
98,1913,0.0
98,1632,0.0
98,847,0.0
98,598,0.0
98,805,0.0
98,1654,0.0
98,1743,0.0
98,1357,0.0
98,1948,0.0
98,1177,0.0
98,1570,0.0
98,78,0.0
98,578,0.0
98,1878,0.0
98,412,0.0
98,545,0.0
98,1632,0.0
98,168,0.0
98,680,0.0
98,1686,0.0
98,582,0.0
98,514,0.0
98,1337,0.0
98,31,0.0
98,286,0.0
98,593,0.0
98,1066,0.0
98,1926,0.0
98,616,0.0
98,1024,0.0
98,1596,0.0
98,269,0.0
98,1203,0.0
98,1759,0.0
98,517,0.0
99,238,4.0
99,714,0.0
99,73,0.0
99,536,0.0
99,100,0.0
99,175,0.0
99,426,0.0
99,1140,0.0
99,1189,0.0
99,40,0.0
99,428,0.0
99,343,0.0
99,1447,0.0
99,365,0.0
99,1143,0.0
99,608,0.0
99,656,0.0
99,727,0.0
99,228,0.0
99,824,0.0
99,1153,0.0
99,1375,0.0
99,888,0.0
99,1341,0.0
99,983,0.0
99,1672,0.0
99,835,0.0
99,1360,0.0
99,1296,0.0
99,116,0.0
99,817,0.0
99,367,0.0
99,1117,0.0
99,167,0.0
99,953,0.0
99,1738,0.0
99,1364,0.0
99,660,0.0
99,1937,0.0
99,694,0.0
99,924,0.0
99,151,0.0
99,585,0.0
99,1900,0.0
99,912,0.0
99,273,0.0
99,1577,0.0
99,495,0.0
99,1747,0.0
99,100,0.0
100,244,4.0
100,830,0.0
100,642,0.0
100,1898,0.0
100,1072,0.0
100,566,0.0
100,665,0.0
100,1378,0.0
100,1735,0.0
100,1331,0.0
100,867,0.0
100,1908,0.0
100,1653,0.0
100,1798,0.0
100,1069,0.0
100,301,0.0
100,867,0.0
100,911,0.0
100,407,0.0
100,1212,0.0
100,821,0.0
100,1853,0.0
100,1152,0.0
100,560,0.0
100,1560,0.0
100,1289,0.0
100,1141,0.0
100,463,0.0
100,143,0.0
100,441,0.0
100,1223,0.0
100,1180,0.0
100,486,0.0
100,859,0.0
100,1157,0.0
100,1935,0.0
100,147,0.0
100,1359,0.0
100,1094,0.0
100,1256,0.0
100,1357,0.0
100,810,0.0
100,665,0.0
100,89,0.0
100,1357,0.0
100,198,0.0
100,1184,0.0
100,537,0.0
100,1144,0.0
100,300,0.0
101,7,3.0
101,1345,0.0
101,1535,0.0
101,1635,0.0
101,77,0.0
101,783,0.0
101,1362,0.0
101,673,0.0
101,1579,0.0
101,1532,0.0
101,237,0.0
101,1157,0.0
101,1996,0.0
101,1215,0.0
101,1379,0.0
101,277,0.0
101,1041,0.0
101,523,0.0
101,179,0.0
101,122,0.0
101,1269,0.0
101,1757,0.0
101,1396,0.0
101,1074,0.0
101,2023,0.0
101,1094,0.0
101,479,0.0
101,1583,0.0
101,1042,0.0
101,1797,0.0
101,83,0.0
101,1178,0.0
101,564,0.0
101,618,0.0
101,356,0.0
101,815,0.0
101,646,0.0
101,442,0.0
101,1092,0.0
101,522,0.0
101,142,0.0
101,191,0.0
101,1410,0.0
101,377,0.0
101,580,0.0
101,534,0.0
101,1716,0.0
101,1316,0.0
101,1032,0.0
101,1294,0.0
102,7,4.0
102,196,0.0
102,18,0.0
102,641,0.0
102,1035,0.0
102,1104,0.0
102,329,0.0
102,865,0.0
102,773,0.0
102,391,0.0
102,636,0.0
102,306,0.0
102,1290,0.0
102,1470,0.0
102,1464,0.0
102,894,0.0
102,651,0.0
102,840,0.0
102,1025,0.0
102,519,0.0
102,1785,0.0
102,1674,0.0
102,635,0.0
102,1332,0.0
102,739,0.0
102,1545,0.0
102,468,0.0
102,211,0.0
102,1135,0.0
102,1031,0.0
102,803,0.0
102,476,0.0
102,873,0.0
102,459,0.0
102,252,0.0
102,1549,0.0
102,751,0.0
102,1461,0.0
102,1777,0.0
102,980,0.0
102,853,0.0
102,1684,0.0
102,235,0.0
102,1329,0.0
102,477,0.0
102,678,0.0
102,1043,0.0
102,215,0.0
102,854,0.0
102,134,0.0
103,4,4.0
103,543,0.0
103,1769,0.0
103,1817,0.0
103,24,0.0
103,842,0.0
103,790,0.0
103,737,0.0
103,56,0.0
103,179,0.0
103,231,0.0
103,1917,0.0
103,342,0.0
103,476,0.0
103,1822,0.0
103,575,0.0
103,454,0.0
103,1255,0.0
103,288,0.0
103,1236,0.0
103,257,0.0
103,529,0.0
103,686,0.0
103,928,0.0
103,228,0.0
103,1249,0.0
103,595,0.0
103,1826,0.0
103,434,0.0
103,881,0.0
103,1020,0.0
103,1781,0.0
103,401,0.0
103,621,0.0
103,1789,0.0
103,87,0.0
103,583,0.0
103,1916,0.0
103,1565,0.0
103,1707,0.0
103,308,0.0
103,905,0.0
103,342,0.0
103,435,0.0
103,176,0.0
103,138,0.0
103,193,0.0
103,1209,0.0
103,1241,0.0
103,1187,0.0
104,1,4.0
104,981,0.0
104,971,0.0
104,1281,0.0
104,638,0.0
104,996,0.0
104,1926,0.0
104,281,0.0
104,985,0.0
104,1111,0.0
104,1227,0.0
104,15,0.0
104,1174,0.0
104,935,0.0
104,253,0.0
104,1211,0.0
104,328,0.0
104,543,0.0
104,782,0.0
104,996,0.0
104,1420,0.0
104,1540,0.0
104,1482,0.0
104,1353,0.0
104,1843,0.0
104,844,0.0
104,1192,0.0
104,1716,0.0
104,365,0.0
104,1201,0.0
104,654,0.0
104,1385,0.0
104,759,0.0
104,638,0.0
104,1798,0.0
104,1063,0.0
104,923,0.0
104,415,0.0
104,1378,0.0
104,254,0.0
104,1166,0.0
104,1775,0.0
104,1763,0.0
104,1876,0.0
104,709,0.0
104,576,0.0
104,899,0.0
104,10,0.0
104,1643,0.0
104,25,0.0
105,2,1.5
105,617,0.0
105,1388,0.0
105,367,0.0
105,569,0.0
105,589,0.0
105,1098,0.0
105,1065,0.0
105,421,0.0
105,835,0.0
105,1204,0.0
105,544,0.0
105,70,0.0
105,1591,0.0
105,1128,0.0
105,1223,0.0
105,1124,0.0
105,767,0.0
105,306,0.0
105,1609,0.0
105,1706,0.0
105,376,0.0
105,654,0.0
105,677,0.0
105,398,0.0
105,1796,0.0
105,220,0.0
105,1618,0.0
105,181,0.0
105,306,0.0
105,521,0.0
105,1419,0.0
105,1013,0.0
105,3,0.0
105,862,0.0
105,1937,0.0
105,847,0.0
105,2023,0.0
105,803,0.0
105,1304,0.0
105,214,0.0
105,971,0.0
105,1633,0.0
105,1443,0.0
105,100,0.0
105,962,0.0
105,1544,0.0
105,572,0.0
105,1332,0.0
105,657,0.0
106,206,2.5
106,198,0.0
106,214,0.0
106,897,0.0
106,1584,0.0
106,471,0.0
106,1767,0.0
106,246,0.0
106,381,0.0
106,990,0.0
106,1262,0.0
106,926,0.0
106,1390,0.0
106,1191,0.0
106,559,0.0
106,1074,0.0
106,1834,0.0
106,1633,0.0
106,1974,0.0
106,1751,0.0
106,688,0.0
106,379,0.0
106,473,0.0
106,1103,0.0
106,696,0.0
106,1390,0.0
106,1484,0.0
106,910,0.0
106,1562,0.0
106,1475,0.0
106,1487,0.0
106,959,0.0
106,477,0.0
106,1003,0.0
106,925,0.0
106,1443,0.0
106,706,0.0
106,1237,0.0
106,1392,0.0
106,853,0.0
106,1137,0.0
106,1016,0.0
106,753,0.0
106,502,0.0
106,1659,0.0
106,816,0.0
106,587,0.0
106,1334,0.0
106,1492,0.0
106,1847,0.0
107,249,3.0
107,452,0.0
107,1913,0.0
107,393,0.0
107,1545,0.0
107,1381,0.0
107,2010,0.0
107,1467,0.0
107,1151,0.0
107,690,0.0
107,1428,0.0
107,391,0.0
107,1216,0.0
107,603,0.0
107,880,0.0
107,1766,0.0
107,1101,0.0
107,84,0.0
107,1053,0.0
107,1748,0.0
107,48,0.0
107,1800,0.0
107,1168,0.0
107,68,0.0
107,1081,0.0
107,696,0.0
107,1597,0.0
107,478,0.0
107,819,0.0
107,1468,0.0
107,1319,0.0
107,1701,0.0
107,1194,0.0
107,1598,0.0
107,146,0.0
107,1507,0.0
107,1329,0.0
107,1696,0.0
107,1676,0.0
107,1869,0.0
107,1015,0.0
107,608,0.0
107,445,0.0
107,220,0.0
107,1578,0.0
107,1968,0.0
107,1827,0.0
107,1401,0.0
107,1643,0.0
107,1289,0.0
108,4,3.0
108,108,0.0
108,1889,0.0
108,2004,0.0
108,1207,0.0
108,1974,0.0
108,1391,0.0
108,2006,0.0
108,1221,0.0
108,1394,0.0
108,372,0.0
108,972,0.0
108,1520,0.0
108,1622,0.0
108,200,0.0
108,848,0.0
108,508,0.0
108,1345,0.0
108,274,0.0
108,210,0.0
108,503,0.0
108,1926,0.0
108,1141,0.0
108,702,0.0
108,1577,0.0
108,41,0.0
108,314,0.0
108,787,0.0
108,328,0.0
108,1040,0.0
108,282,0.0
108,942,0.0
108,257,0.0
108,574,0.0
108,573,0.0
108,611,0.0
108,1042,0.0
108,1552,0.0
108,836,0.0
108,422,0.0
108,1489,0.0
108,1396,0.0
108,757,0.0
108,762,0.0
108,1990,0.0
108,1104,0.0
108,1574,0.0
108,1571,0.0
108,423,0.0
108,428,0.0
109,2,2.0
109,1545,0.0
109,1070,0.0
109,378,0.0
109,1850,0.0
109,1119,0.0
109,957,0.0
109,102,0.0
109,891,0.0
109,853,0.0
109,1169,0.0
109,1903,0.0
109,1965,0.0
109,1951,0.0
109,1050,0.0
109,1755,0.0
109,529,0.0
109,678,0.0
109,1968,0.0
109,988,0.0
109,1105,0.0
109,427,0.0
109,1607,0.0
109,821,0.0
109,1502,0.0
109,1789,0.0
109,1185,0.0
109,1862,0.0
109,931,0.0
109,1425,0.0
109,1531,0.0
109,1061,0.0
109,1978,0.0
109,510,0.0
109,392,0.0
109,712,0.0
109,493,0.0
109,1223,0.0
109,1278,0.0
109,1202,0.0
109,546,0.0
109,593,0.0
109,388,0.0
109,1421,0.0
109,1755,0.0
109,157,0.0
109,1027,0.0
109,166,0.0
109,1491,0.0
109,959,0.0
110,234,4.0
110,118,0.0
110,1697,0.0
110,709,0.0
110,1521,0.0
110,1509,0.0
110,44,0.0
110,313,0.0
110,1202,0.0
110,1917,0.0
110,417,0.0
110,555,0.0
110,1806,0.0
110,1101,0.0
110,325,0.0
110,1713,0.0
110,1380,0.0
110,2033,0.0
110,1439,0.0
110,1986,0.0
110,514,0.0
110,213,0.0
110,1877,0.0
110,73,0.0
110,1586,0.0
110,1602,0.0
110,508,0.0
110,331,0.0
110,1116,0.0
110,687,0.0
110,656,0.0
110,1542,0.0
110,1292,0.0
110,1399,0.0
110,1857,0.0
110,1027,0.0
110,1161,0.0
110,1254,0.0
110,599,0.0
110,1552,0.0
110,1075,0.0
110,1669,0.0
110,1746,0.0
110,324,0.0
110,991,0.0
110,1993,0.0
110,1928,0.0
110,1754,0.0
110,716,0.0
110,722,0.0
111,214,2.0
111,1467,0.0
111,441,0.0
111,395,0.0
111,727,0.0
111,1604,0.0
111,83,0.0
111,1638,0.0
111,1574,0.0
111,1036,0.0
111,1832,0.0
111,1848,0.0
111,692,0.0
111,492,0.0
111,1291,0.0
111,1548,0.0
111,1143,0.0
111,969,0.0
111,352,0.0
111,1080,0.0
111,39,0.0
111,1909,0.0
111,1359,0.0
111,639,0.0
111,172,0.0
111,1570,0.0
111,258,0.0
111,1911,0.0
111,516,0.0
111,729,0.0
111,522,0.0
111,1917,0.0
111,838,0.0
111,116,0.0
111,183,0.0
111,1929,0.0
111,1897,0.0
111,1139,0.0
111,161,0.0
111,1602,0.0
111,1735,0.0
111,542,0.0
111,1610,0.0
111,1260,0.0
111,838,0.0
111,2028,0.0
111,1089,0.0
111,1093,0.0
111,1832,0.0
111,446,0.0
112,1,1.5
112,681,0.0
112,1658,0.0
112,687,0.0
112,1323,0.0
112,81,0.0
112,86,0.0
112,224,0.0
112,15,0.0
112,821,0.0
112,1381,0.0
112,162,0.0
112,1633,0.0
112,1691,0.0
112,513,0.0
112,349,0.0
112,1932,0.0
112,680,0.0
112,1487,0.0
112,1850,0.0
112,1860,0.0
112,1398,0.0
112,1115,0.0
112,180,0.0
112,742,0.0
112,1324,0.0
112,659,0.0
112,1815,0.0
112,1212,0.0
112,1882,0.0
112,1885,0.0
112,1337,0.0
112,492,0.0
112,922,0.0
112,1945,0.0
112,127,0.0
112,1542,0.0
112,1449,0.0
112,1582,0.0
112,564,0.0
112,1210,0.0
112,549,0.0
112,452,0.0
112,470,0.0
112,987,0.0
112,737,0.0
112,1588,0.0
112,1934,0.0
112,223,0.0
112,153,0.0
113,232,3.5
113,1986,0.0
113,702,0.0
113,1074,0.0
113,1921,0.0
113,209,0.0
113,125,0.0
113,491,0.0
113,1532,0.0
113,959,0.0
113,969,0.0
113,580,0.0
113,776,0.0
113,257,0.0
113,1953,0.0
113,1211,0.0
113,229,0.0
113,188,0.0
113,1438,0.0
113,9,0.0
113,1137,0.0
113,1099,0.0
113,675,0.0
113,501,0.0
113,84,0.0
113,48,0.0
113,1518,0.0
113,837,0.0
113,1007,0.0
113,688,0.0
113,386,0.0
113,969,0.0
113,1412,0.0
113,1005,0.0
113,217,0.0
113,1724,0.0
113,2004,0.0
113,1004,0.0
113,1369,0.0
113,1253,0.0
113,254,0.0
113,235,0.0
113,1049,0.0
113,1607,0.0
113,1284,0.0
113,1789,0.0
113,270,0.0
113,122,0.0
113,655,0.0
113,1280,0.0
114,7,4.0
114,1629,0.0
114,1689,0.0
114,1417,0.0
114,1820,0.0
114,501,0.0
114,1615,0.0
114,1827,0.0
114,1107,0.0
114,1388,0.0
114,885,0.0
114,548,0.0
114,1365,0.0
114,838,0.0
114,1430,0.0
114,1448,0.0
114,1767,0.0
114,1116,0.0
114,847,0.0
114,613,0.0
114,411,0.0
114,431,0.0
114,677,0.0
114,158,0.0
114,13,0.0
114,372,0.0
114,224,0.0
114,1528,0.0
114,1096,0.0
114,1272,0.0
114,510,0.0
114,602,0.0
114,215,0.0
114,1996,0.0
114,1625,0.0
114,1564,0.0
114,1970,0.0
114,1840,0.0
114,1962,0.0
114,987,0.0
114,1243,0.0
114,839,0.0
114,726,0.0
114,1244,0.0
114,1412,0.0
114,553,0.0
114,1670,0.0
114,1065,0.0
114,675,0.0
114,872,0.0
115,232,3.5
115,822,0.0
115,1354,0.0
115,1239,0.0
115,981,0.0
115,959,0.0
115,1515,0.0
115,1836,0.0
115,1945,0.0
115,844,0.0
115,448,0.0
115,535,0.0
115,510,0.0
115,1481,0.0
115,1570,0.0
115,1559,0.0
115,539,0.0
115,1507,0.0
115,1999,0.0
115,2023,0.0
115,15,0.0
115,1594,0.0
115,2000,0.0
115,242,0.0
115,1973,0.0
115,1230,0.0
115,911,0.0
115,1294,0.0
115,760,0.0
115,2017,0.0
115,1802,0.0
115,704,0.0
115,1870,0.0
115,1753,0.0
115,114,0.0
115,1603,0.0
115,1322,0.0
115,1860,0.0
115,1506,0.0
115,396,0.0
115,393,0.0
115,1098,0.0
115,977,0.0
115,1505,0.0
115,1126,0.0
115,296,0.0
115,1001,0.0
115,177,0.0
115,1238,0.0
115,966,0.0
116,238,3.0
116,1379,0.0
116,1699,0.0
116,67,0.0
116,291,0.0
116,691,0.0
116,180,0.0
116,1489,0.0
116,433,0.0
116,1487,0.0
116,1704,0.0
116,913,0.0
116,1557,0.0
116,65,0.0
116,1044,0.0
116,1635,0.0
116,383,0.0
116,1835,0.0
116,1638,0.0
116,1582,0.0
116,38,0.0
116,1308,0.0
116,821,0.0
116,601,0.0
116,1620,0.0
116,784,0.0
116,1359,0.0
116,1211,0.0
116,670,0.0
116,1266,0.0
116,1096,0.0
116,478,0.0
116,1997,0.0
116,560,0.0
116,100,0.0
116,513,0.0
116,1779,0.0
116,175,0.0
116,237,0.0
116,909,0.0
116,1082,0.0
116,1888,0.0
116,1122,0.0
116,1977,0.0
116,870,0.0
116,1977,0.0
116,494,0.0
116,946,0.0
116,2003,0.0
116,1537,0.0
117,835,4.0
117,753,0.0
117,1464,0.0
117,1968,0.0
117,1195,0.0
117,1254,0.0
117,719,0.0
117,74,0.0
117,1293,0.0
117,1922,0.0
117,2034,0.0
117,625,0.0
117,61,0.0
117,873,0.0
117,319,0.0
117,101,0.0
117,1452,0.0
117,873,0.0
117,1745,0.0
117,953,0.0
117,254,0.0
117,1555,0.0
117,569,0.0
117,111,0.0
117,984,0.0
117,1336,0.0
117,997,0.0
117,460,0.0
117,707,0.0
117,886,0.0
117,1485,0.0
117,1888,0.0
117,1115,0.0
117,1075,0.0
117,1828,0.0
117,519,0.0
117,811,0.0
117,1121,0.0
117,235,0.0
117,1924,0.0
117,1397,0.0
117,1604,0.0
117,926,0.0
117,556,0.0
117,648,0.0
117,233,0.0
117,1055,0.0
117,1312,0.0
117,1661,0.0
117,578,0.0
118,214,4.0
118,1185,0.0
118,996,0.0
118,285,0.0
118,1094,0.0
118,1790,0.0
118,1477,0.0
118,885,0.0
118,1590,0.0
118,1858,0.0
118,396,0.0
118,1538,0.0
118,25,0.0
118,312,0.0
118,125,0.0
118,1431,0.0
118,1588,0.0
118,1221,0.0
118,810,0.0
118,187,0.0
118,697,0.0
118,1840,0.0
118,809,0.0
118,715,0.0
118,2032,0.0
118,1507,0.0
118,449,0.0
118,522,0.0
118,1894,0.0
118,1377,0.0
118,985,0.0
118,657,0.0
118,596,0.0
118,99,0.0
118,615,0.0
118,947,0.0
118,1581,0.0
118,555,0.0
118,277,0.0
118,1716,0.0
118,1722,0.0
118,2013,0.0
118,1649,0.0
118,490,0.0
118,254,0.0
118,380,0.0
118,891,0.0
118,541,0.0
118,1287,0.0
118,1633,0.0
119,215,3.0
119,132,0.0
119,533,0.0
119,974,0.0
119,268,0.0
119,1435,0.0
119,672,0.0
119,1642,0.0
119,790,0.0
119,1888,0.0
119,1770,0.0
119,17,0.0
119,1777,0.0
119,116,0.0
119,797,0.0
119,1817,0.0
119,1167,0.0
119,1740,0.0
119,550,0.0
119,928,0.0
119,1689,0.0
119,1711,0.0
119,1984,0.0
119,752,0.0
119,421,0.0
119,1921,0.0
119,1392,0.0
119,645,0.0
119,557,0.0
119,49,0.0
119,677,0.0
119,105,0.0
119,1239,0.0
119,657,0.0
119,1946,0.0
119,1448,0.0
119,1095,0.0
119,987,0.0
119,841,0.0
119,1808,0.0
119,1782,0.0
119,445,0.0
119,1948,0.0
119,1209,0.0
119,69,0.0
119,1997,0.0
119,149,0.0
119,1269,0.0
119,773,0.0
119,1561,0.0
120,16,4.0
120,834,0.0
120,650,0.0
120,120,0.0
120,605,0.0
120,1475,0.0
120,964,0.0
120,128,0.0
120,1114,0.0
120,1627,0.0
120,1598,0.0
120,28,0.0
120,721,0.0
120,1547,0.0
120,332,0.0
120,1320,0.0
120,1153,0.0
120,1316,0.0
120,1196,0.0
120,1743,0.0
120,943,0.0
120,1047,0.0
120,1122,0.0
120,1429,0.0
120,355,0.0
120,138,0.0
120,1526,0.0
120,1849,0.0
120,1197,0.0
120,28,0.0
120,930,0.0
120,495,0.0
120,1013,0.0
120,654,0.0
120,827,0.0
120,350,0.0
120,553,0.0
120,2024,0.0
120,298,0.0
120,1743,0.0
120,1865,0.0
120,1968,0.0
120,1215,0.0
120,1695,0.0
120,63,0.0
120,754,0.0
120,769,0.0
120,1687,0.0
120,1238,0.0
120,833,0.0
121,313,4.0
121,214,0.0
121,1181,0.0
121,68,0.0
121,392,0.0
121,1108,0.0
121,266,0.0
121,1092,0.0
121,610,0.0
121,1370,0.0
121,1008,0.0
121,961,0.0
121,727,0.0
121,1950,0.0
121,672,0.0
121,422,0.0
121,1629,0.0
121,1197,0.0
121,1700,0.0
121,114,0.0
121,219,0.0
121,1979,0.0
121,30,0.0
121,1546,0.0
121,1366,0.0
121,1400,0.0
121,1153,0.0
121,2023,0.0
121,616,0.0
121,538,0.0
121,738,0.0
121,1025,0.0
121,870,0.0
121,100,0.0
121,1556,0.0
121,1081,0.0
121,1412,0.0
121,691,0.0
121,940,0.0
121,340,0.0
121,860,0.0
121,1043,0.0
121,1278,0.0
121,1340,0.0
121,37,0.0
121,659,0.0
121,2033,0.0
121,1560,0.0
121,1409,0.0
121,1656,0.0
122,232,2.0
122,2025,0.0
122,550,0.0
122,1624,0.0
122,941,0.0
122,255,0.0
122,991,0.0
122,1789,0.0
122,727,0.0
122,879,0.0
122,814,0.0
122,1195,0.0
122,648,0.0
122,999,0.0
122,1521,0.0
122,470,0.0
122,1407,0.0
122,689,0.0
122,1612,0.0
122,699,0.0
122,506,0.0
122,991,0.0
122,1009,0.0
122,1550,0.0
122,803,0.0
122,2032,0.0
122,830,0.0
122,1348,0.0
122,213,0.0
122,1231,0.0
122,168,0.0
122,1353,0.0
122,1303,0.0
122,977,0.0
122,1328,0.0
122,145,0.0
122,1798,0.0
122,515,0.0
122,1113,0.0
122,452,0.0
122,59,0.0
122,1334,0.0
122,527,0.0
122,1250,0.0
122,1023,0.0
122,473,0.0
122,2001,0.0
122,1564,0.0
122,1686,0.0
122,756,0.0
123,232,4.0
123,1546,0.0
123,858,0.0
123,1423,0.0
123,1241,0.0
123,444,0.0
123,1788,0.0
123,221,0.0
123,1406,0.0
123,1904,0.0
123,591,0.0
123,1030,0.0
123,1295,0.0
123,1762,0.0
123,1017,0.0
123,15,0.0
123,1447,0.0
123,523,0.0
123,802,0.0
123,1776,0.0
123,20,0.0
123,1713,0.0
123,1962,0.0
123,227,0.0
123,1007,0.0
123,1808,0.0
123,1311,0.0
123,808,0.0
123,1157,0.0
123,2007,0.0
123,1306,0.0
123,403,0.0
123,1688,0.0
123,1089,0.0
123,1672,0.0
123,1627,0.0
123,436,0.0
123,828,0.0
123,933,0.0
123,258,0.0
123,2003,0.0
123,1989,0.0
123,102,0.0
123,992,0.0
123,1590,0.0
123,768,0.0
123,1124,0.0
123,1221,0.0
123,812,0.0
123,225,0.0
124,242,1.5
124,1490,0.0
124,925,0.0
124,52,0.0
124,859,0.0
124,866,0.0
124,1258,0.0
124,1982,0.0
124,1802,0.0
124,1822,0.0
124,432,0.0
124,1519,0.0
124,998,0.0
124,99,0.0
124,989,0.0
124,598,0.0
124,402,0.0
124,395,0.0
124,1550,0.0
124,414,0.0
124,938,0.0
124,1636,0.0
124,676,0.0
124,462,0.0
124,540,0.0
124,1649,0.0
124,1642,0.0
124,1945,0.0
124,1387,0.0
124,1153,0.0
124,83,0.0
124,270,0.0
124,243,0.0
124,387,0.0
124,213,0.0
124,817,0.0
124,1189,0.0
124,1814,0.0
124,58,0.0
124,1625,0.0
124,882,0.0
124,842,0.0
124,923,0.0
124,1527,0.0
124,1729,0.0
124,122,0.0
124,1671,0.0
124,1436,0.0
124,1162,0.0
124,1252,0.0
125,253,4.0
125,1977,0.0
125,1681,0.0
125,1888,0.0
125,967,0.0
125,242,0.0
125,752,0.0
125,511,0.0
125,848,0.0
125,554,0.0
125,1118,0.0
125,225,0.0
125,1541,0.0
125,213,0.0
125,717,0.0
125,66,0.0
125,395,0.0
125,611,0.0
125,1035,0.0
125,1260,0.0
125,1857,0.0
125,769,0.0
125,1422,0.0
125,406,0.0
125,924,0.0
125,1872,0.0
125,1503,0.0
125,646,0.0
125,221,0.0
125,1179,0.0
125,653,0.0
125,427,0.0
125,1181,0.0
125,976,0.0
125,1439,0.0
125,1005,0.0
125,1349,0.0
125,370,0.0
125,1367,0.0
125,1285,0.0
125,1306,0.0
125,849,0.0
125,855,0.0
125,228,0.0
125,1911,0.0
125,279,0.0
125,1893,0.0
125,1313,0.0
125,1703,0.0
125,1070,0.0
126,893,3.0
126,686,0.0
126,1305,0.0
126,1464,0.0
126,1316,0.0
126,737,0.0
126,1030,0.0
126,638,0.0
126,935,0.0
126,1115,0.0
126,1958,0.0
126,1213,0.0
126,1894,0.0
126,475,0.0
126,1534,0.0
126,1485,0.0
126,52,0.0
126,753,0.0
126,485,0.0
126,1667,0.0
126,1513,0.0
126,2001,0.0
126,1387,0.0
126,1135,0.0
126,408,0.0
126,1030,0.0
126,1765,0.0
126,667,0.0
126,1220,0.0
126,834,0.0
126,875,0.0
126,1758,0.0
126,366,0.0
126,1001,0.0
126,249,0.0
126,1939,0.0
126,1618,0.0
126,1263,0.0
126,379,0.0
126,1930,0.0
126,871,0.0
126,834,0.0
126,1494,0.0
126,774,0.0
126,918,0.0
126,1724,0.0
126,454,0.0
126,365,0.0
126,1313,0.0
126,1897,0.0
127,120,3.5
127,1642,0.0
127,762,0.0
127,1959,0.0
127,2027,0.0
127,1244,0.0
127,378,0.0
127,1245,0.0
127,1281,0.0
127,712,0.0
127,1390,0.0
127,1793,0.0
127,1372,0.0
127,224,0.0
127,1737,0.0
127,737,0.0
127,235,0.0
127,182,0.0
127,711,0.0
127,1892,0.0
127,1781,0.0
127,443,0.0
127,1888,0.0
127,622,0.0
127,1029,0.0
127,1259,0.0
127,1150,0.0
127,1127,0.0
127,748,0.0
127,1938,0.0
127,1503,0.0
127,154,0.0
127,256,0.0
127,234,0.0
127,499,0.0
127,288,0.0
127,509,0.0
127,1575,0.0
127,1823,0.0
127,708,0.0
127,784,0.0
127,893,0.0
127,775,0.0
127,1592,0.0
127,297,0.0
127,1633,0.0
127,136,0.0
127,375,0.0
127,86,0.0
127,1442,0.0
128,7,3.0
128,2012,0.0
128,1228,0.0
128,404,0.0
128,1721,0.0
128,852,0.0
128,1220,0.0
128,777,0.0
128,1797,0.0
128,1783,0.0
128,114,0.0
128,1144,0.0
128,1676,0.0
128,64,0.0
128,1299,0.0
128,824,0.0
128,238,0.0
128,301,0.0
128,1415,0.0
128,1545,0.0
128,968,0.0
128,368,0.0
128,232,0.0
128,194,0.0
128,906,0.0
128,1035,0.0
128,1929,0.0
128,920,0.0
128,688,0.0
128,176,0.0
128,216,0.0
128,1034,0.0
128,1469,0.0
128,629,0.0
128,163,0.0
128,1574,0.0
128,52,0.0
128,217,0.0
128,1741,0.0
128,998,0.0
128,823,0.0
128,1383,0.0
128,384,0.0
128,55,0.0
128,117,0.0
128,899,0.0
128,1276,0.0
128,797,0.0
128,779,0.0
128,1015,0.0
129,210,3.0
129,283,0.0
129,1979,0.0
129,1946,0.0
129,1678,0.0
129,222,0.0
129,743,0.0
129,462,0.0
129,1568,0.0
129,1299,0.0
129,1705,0.0
129,1163,0.0
129,356,0.0
129,1736,0.0
129,1046,0.0
129,1991,0.0
129,1759,0.0
129,1903,0.0
129,1293,0.0
129,858,0.0
129,664,0.0
129,1356,0.0
129,1014,0.0
129,84,0.0
129,620,0.0
129,1054,0.0
129,1764,0.0
129,239,0.0
129,1913,0.0
129,362,0.0
129,821,0.0
129,1412,0.0
129,1676,0.0
129,667,0.0
129,1322,0.0
129,1880,0.0
129,1394,0.0
129,98,0.0
129,46,0.0
129,2022,0.0
129,838,0.0
129,421,0.0
129,1503,0.0
129,1602,0.0
129,61,0.0
129,1132,0.0
129,1702,0.0
129,1572,0.0
129,1142,0.0
129,1009,0.0
130,10,4.0
130,584,0.0
130,1958,0.0
130,1961,0.0
130,687,0.0
130,395,0.0
130,1631,0.0
130,1880,0.0
130,1126,0.0
130,401,0.0
130,974,0.0
130,223,0.0
130,517,0.0
130,633,0.0
130,235,0.0
130,1450,0.0
130,115,0.0
130,1186,0.0
130,225,0.0
130,229,0.0
130,2039,0.0
130,181,0.0
130,1272,0.0
130,1341,0.0
130,1988,0.0
130,209,0.0
130,1679,0.0
130,1415,0.0
130,1880,0.0
130,95,0.0
130,893,0.0
130,1881,0.0
130,755,0.0
130,1109,0.0
130,414,0.0
130,2026,0.0
130,393,0.0
130,695,0.0
130,1656,0.0
130,843,0.0
130,1524,0.0
130,603,0.0
130,581,0.0
130,1939,0.0
130,132,0.0
130,790,0.0
130,648,0.0
130,1337,0.0
130,1722,0.0
130,220,0.0
131,206,2.0
131,1890,0.0
131,851,0.0
131,511,0.0
131,1937,0.0
131,44,0.0
131,1131,0.0
131,218,0.0
131,442,0.0
131,1853,0.0
131,314,0.0
131,176,0.0
131,227,0.0
131,1726,0.0
131,2006,0.0
131,1695,0.0
131,1929,0.0
131,266,0.0
131,869,0.0
131,837,0.0
131,1402,0.0
131,488,0.0
131,701,0.0
131,686,0.0
131,1313,0.0
131,995,0.0
131,356,0.0
131,1680,0.0
131,1767,0.0
131,871,0.0
131,1973,0.0
131,203,0.0
131,1236,0.0
131,551,0.0
131,1810,0.0
131,322,0.0
131,593,0.0
131,180,0.0
131,498,0.0
131,1343,0.0
131,82,0.0
131,302,0.0
131,261,0.0
131,783,0.0
131,1223,0.0
131,1263,0.0
131,913,0.0
131,691,0.0
131,943,0.0
131,682,0.0
132,204,3.0
132,1313,0.0
132,1478,0.0
132,1866,0.0
132,1694,0.0
132,988,0.0
132,1151,0.0
132,1725,0.0
132,908,0.0
132,1566,0.0
132,1921,0.0
132,1382,0.0
132,526,0.0
132,1336,0.0
132,74,0.0
132,1569,0.0
132,1894,0.0
132,195,0.0
132,1866,0.0
132,28,0.0
132,705,0.0
132,1020,0.0
132,15,0.0
132,1446,0.0
132,1612,0.0
132,804,0.0
132,1616,0.0
132,1428,0.0
132,939,0.0
132,1659,0.0
132,1554,0.0
132,966,0.0
132,1637,0.0
132,1927,0.0
132,1100,0.0
132,228,0.0
132,961,0.0
132,1320,0.0
132,1533,0.0
132,714,0.0
132,983,0.0
132,1989,0.0
132,572,0.0
132,1561,0.0
132,1606,0.0
132,2040,0.0
132,614,0.0
132,2002,0.0
132,325,0.0
132,1386,0.0
133,7,4.0
133,1532,0.0
133,1176,0.0
133,513,0.0
133,1526,0.0
133,1877,0.0
133,1924,0.0
133,1795,0.0
133,1699,0.0
133,1029,0.0
133,499,0.0
133,1684,0.0
133,716,0.0
133,1141,0.0
133,1508,0.0
133,2038,0.0
133,600,0.0
133,665,0.0
133,1974,0.0
133,1702,0.0
133,467,0.0
133,160,0.0
133,269,0.0
133,1079,0.0
133,227,0.0
133,848,0.0
133,148,0.0
133,1069,0.0
133,1167,0.0
133,1773,0.0
133,1807,0.0
133,631,0.0
133,1363,0.0
133,412,0.0
133,1755,0.0
133,519,0.0
133,1367,0.0
133,386,0.0
133,1496,0.0
133,274,0.0
133,352,0.0
133,1089,0.0
133,1102,0.0
133,597,0.0
133,1659,0.0
133,1225,0.0
133,2001,0.0
133,1685,0.0
133,557,0.0
133,112,0.0
134,245,3.5
134,154,0.0
134,1209,0.0
134,248,0.0
134,748,0.0
134,804,0.0
134,133,0.0
134,320,0.0
134,389,0.0
134,433,0.0
134,1045,0.0
134,872,0.0
134,1623,0.0
134,1688,0.0
134,1148,0.0
134,1102,0.0
134,857,0.0
134,1991,0.0
134,50,0.0
134,1751,0.0
134,175,0.0
134,869,0.0
134,252,0.0
134,965,0.0
134,1269,0.0
134,738,0.0
134,1129,0.0
134,1216,0.0
134,1339,0.0
134,301,0.0
134,547,0.0
134,1977,0.0
134,715,0.0
134,1957,0.0
134,778,0.0
134,267,0.0
134,1193,0.0
134,1009,0.0
134,550,0.0
134,1478,0.0
134,1674,0.0
134,1315,0.0
134,1587,0.0
134,1822,0.0
134,1824,0.0
134,1164,0.0
134,1169,0.0
134,1448,0.0
134,313,0.0
134,183,0.0
135,2,3.5
135,1088,0.0
135,289,0.0
135,375,0.0
135,768,0.0
135,466,0.0
135,1921,0.0
135,1236,0.0
135,1171,0.0
135,1596,0.0
135,470,0.0
135,148,0.0
135,87,0.0
135,1347,0.0
135,1918,0.0
135,395,0.0
135,789,0.0
135,1427,0.0
135,1105,0.0
135,1664,0.0
135,1309,0.0
135,1405,0.0
135,864,0.0
135,1815,0.0
135,1293,0.0
135,1315,0.0
135,1476,0.0
135,1738,0.0
135,23,0.0
135,955,0.0
135,1886,0.0
135,310,0.0
135,1484,0.0
135,1231,0.0
135,1815,0.0
135,1740,0.0
135,663,0.0
135,437,0.0
135,1561,0.0
135,705,0.0
135,1359,0.0
135,421,0.0
135,1773,0.0
135,320,0.0
135,1520,0.0
135,586,0.0
135,946,0.0
135,1186,0.0
135,1834,0.0
135,1564,0.0
136,9,2.5
136,1915,0.0
136,167,0.0
136,556,0.0
136,1475,0.0
136,904,0.0
136,104,0.0
136,149,0.0
136,145,0.0
136,715,0.0
136,873,0.0
136,298,0.0
136,1190,0.0
136,1736,0.0
136,645,0.0
136,722,0.0
136,1071,0.0
136,637,0.0
136,238,0.0
136,1030,0.0
136,463,0.0
136,452,0.0
136,783,0.0
136,896,0.0
136,370,0.0
136,1572,0.0
136,486,0.0
136,1234,0.0
136,2037,0.0
136,164,0.0
136,1148,0.0
136,1360,0.0
136,191,0.0
136,729,0.0
136,213,0.0
136,573,0.0
136,1351,0.0
136,956,0.0
136,380,0.0
136,672,0.0
136,1601,0.0
136,797,0.0
136,238,0.0
136,1555,0.0
136,699,0.0
136,1105,0.0
136,1386,0.0
136,504,0.0
136,201,0.0
136,919,0.0
137,213,3.0
137,1032,0.0
137,59,0.0
137,892,0.0
137,1840,0.0
137,224,0.0
137,1842,0.0
137,699,0.0
137,581,0.0
137,1828,0.0
137,1310,0.0
137,993,0.0
137,168,0.0
137,1085,0.0
137,1372,0.0
137,1465,0.0
137,13,0.0
137,163,0.0
137,1443,0.0
137,756,0.0
137,1870,0.0
137,1543,0.0
137,1689,0.0
137,1571,0.0
137,1583,0.0
137,1620,0.0
137,1051,0.0
137,1731,0.0
137,445,0.0
137,1231,0.0
137,1493,0.0
137,715,0.0
137,975,0.0
137,818,0.0
137,103,0.0
137,741,0.0
137,425,0.0
137,1124,0.0
137,1564,0.0
137,638,0.0
137,849,0.0
137,1545,0.0
137,1129,0.0
137,1702,0.0
137,2001,0.0
137,768,0.0
137,1830,0.0
137,276,0.0
137,1088,0.0
137,1806,0.0
138,1,3.0
138,519,0.0
138,916,0.0
138,716,0.0
138,314,0.0
138,1969,0.0
138,708,0.0
138,709,0.0
138,1565,0.0
138,1502,0.0
138,1936,0.0
138,1994,0.0
138,1043,0.0
138,559,0.0
138,968,0.0
138,1153,0.0
138,1316,0.0
138,1920,0.0
138,1155,0.0
138,355,0.0
138,1077,0.0
138,889,0.0
138,792,0.0
138,1410,0.0
138,264,0.0
138,981,0.0
138,1238,0.0
138,1483,0.0
138,1481,0.0
138,801,0.0
138,42,0.0
138,1609,0.0
138,861,0.0
138,1301,0.0
138,1861,0.0
138,1777,0.0
138,1153,0.0
138,349,0.0
138,1729,0.0
138,1567,0.0
138,1129,0.0
138,911,0.0
138,1739,0.0
138,0,0.0
138,1780,0.0
138,583,0.0
138,431,0.0
138,1329,0.0
138,1932,0.0
138,1550,0.0
139,10,4.0
139,1999,0.0
139,1437,0.0
139,1176,0.0
139,1127,0.0
139,1098,0.0
139,1151,0.0
139,1734,0.0
139,665,0.0
139,567,0.0
139,1813,0.0
139,1368,0.0
139,530,0.0
139,158,0.0
139,1561,0.0
139,1449,0.0
139,680,0.0
139,2019,0.0
139,22,0.0
139,1070,0.0
139,524,0.0
139,728,0.0
139,1857,0.0
139,1729,0.0
139,143,0.0
139,1608,0.0
139,667,0.0
139,1612,0.0
139,1442,0.0
139,680,0.0
139,972,0.0
139,798,0.0
139,84,0.0
139,415,0.0
139,693,0.0
139,481,0.0
139,455,0.0
139,826,0.0
139,296,0.0
139,1135,0.0
139,1985,0.0
139,1253,0.0
139,1119,0.0
139,949,0.0
139,679,0.0
139,377,0.0
139,1179,0.0
139,420,0.0
139,104,0.0
139,1728,0.0
140,120,1.5
140,1488,0.0
140,227,0.0
140,912,0.0
140,1677,0.0
140,498,0.0
140,520,0.0
140,701,0.0
140,1885,0.0
140,916,0.0
140,1995,0.0
140,1700,0.0
140,2015,0.0
140,1162,0.0
140,1299,0.0
140,290,0.0
140,1076,0.0
140,1710,0.0
140,1133,0.0
140,714,0.0
140,947,0.0
140,647,0.0
140,1027,0.0
140,1690,0.0
140,683,0.0
140,1959,0.0
140,869,0.0
140,1070,0.0
140,93,0.0
140,939,0.0
140,559,0.0
140,1775,0.0
140,1882,0.0
140,212,0.0
140,435,0.0
140,851,0.0
140,507,0.0
140,835,0.0
140,650,0.0
140,204,0.0
140,380,0.0
140,1096,0.0
140,1539,0.0
140,1099,0.0
140,1864,0.0
140,76,0.0
140,815,0.0
140,767,0.0
140,409,0.0
140,1637,0.0
141,906,4.0
141,1039,0.0
141,1357,0.0
141,1487,0.0
141,1082,0.0
141,1012,0.0
141,176,0.0
141,62,0.0
141,957,0.0
141,1002,0.0
141,560,0.0
141,1330,0.0
141,1269,0.0
141,1312,0.0
141,1821,0.0
141,954,0.0
141,1355,0.0
141,1550,0.0
141,849,0.0
141,1278,0.0
141,603,0.0
141,1533,0.0
141,1814,0.0
141,1741,0.0
141,605,0.0
141,1760,0.0
141,1836,0.0
141,829,0.0
141,1486,0.0
141,1222,0.0
141,1294,0.0
141,2035,0.0
141,745,0.0
141,557,0.0
141,63,0.0
141,1253,0.0
141,941,0.0
141,1975,0.0
141,248,0.0
141,1269,0.0
141,939,0.0
141,1610,0.0
141,156,0.0
141,734,0.0
141,1725,0.0
141,984,0.0
141,1587,0.0
141,1973,0.0
141,1111,0.0
141,1336,0.0
142,216,3.0
142,56,0.0
142,375,0.0
142,348,0.0
142,270,0.0
142,1506,0.0
142,110,0.0
142,868,0.0
142,886,0.0
142,75,0.0
142,1181,0.0
142,1555,0.0
142,1956,0.0
142,1666,0.0
142,328,0.0
142,121,0.0
142,40,0.0
142,1190,0.0
142,921,0.0
142,641,0.0
142,1046,0.0
142,278,0.0
142,762,0.0
142,468,0.0
142,1423,0.0
142,8,0.0
142,12,0.0
142,923,0.0
142,922,0.0
142,1842,0.0
142,1855,0.0
142,1075,0.0
142,1232,0.0
142,1573,0.0
142,1635,0.0
142,1728,0.0
142,1425,0.0
142,1214,0.0
142,1074,0.0
142,1416,0.0
142,652,0.0
142,1703,0.0
142,1846,0.0
142,620,0.0
142,1742,0.0
142,1962,0.0
142,1323,0.0
142,1645,0.0
142,195,0.0
142,416,0.0
143,254,3.5
143,520,0.0
143,629,0.0
143,1629,0.0
143,433,0.0
143,143,0.0
143,288,0.0
143,1409,0.0
143,13,0.0
143,2029,0.0
143,256,0.0
143,1369,0.0
143,1721,0.0
143,1368,0.0
143,1423,0.0
143,1230,0.0
143,857,0.0
143,942,0.0
143,1195,0.0
143,463,0.0
143,269,0.0
143,1244,0.0
143,1175,0.0
143,622,0.0
143,1206,0.0
143,1422,0.0
143,1874,0.0
143,71,0.0
143,1441,0.0
143,1921,0.0
143,1306,0.0
143,73,0.0
143,354,0.0
143,1750,0.0
143,496,0.0
143,1351,0.0
143,987,0.0
143,1558,0.0
143,579,0.0
143,909,0.0
143,1470,0.0
143,372,0.0
143,361,0.0
143,92,0.0
143,1344,0.0
143,323,0.0
143,383,0.0
143,574,0.0
143,735,0.0
143,736,0.0
144,209,3.5
144,1398,0.0
144,1865,0.0
144,1077,0.0
144,1299,0.0
144,1358,0.0
144,1054,0.0
144,1158,0.0
144,1081,0.0
144,104,0.0
144,1289,0.0
144,1545,0.0
144,1519,0.0
144,252,0.0
144,294,0.0
144,667,0.0
144,1181,0.0
144,548,0.0
144,630,0.0
144,1090,0.0
144,1777,0.0
144,298,0.0
144,1486,0.0
144,1748,0.0
144,1843,0.0
144,100,0.0
144,1079,0.0
144,331,0.0
144,835,0.0
144,1774,0.0
144,392,0.0
144,1766,0.0
144,873,0.0
144,380,0.0
144,91,0.0
144,1814,0.0
144,446,0.0
144,108,0.0
144,316,0.0
144,1191,0.0
144,1835,0.0
144,2005,0.0
144,1943,0.0
144,1458,0.0
144,441,0.0
144,217,0.0
144,1245,0.0
144,672,0.0
144,1551,0.0
144,277,0.0
145,246,4.0
145,411,0.0
145,734,0.0
145,980,0.0
145,117,0.0
145,481,0.0
145,191,0.0
145,590,0.0
145,589,0.0
145,658,0.0
145,106,0.0
145,381,0.0
145,782,0.0
145,389,0.0
145,243,0.0
145,584,0.0
145,868,0.0
145,467,0.0
145,865,0.0
145,933,0.0
145,1561,0.0
145,1233,0.0
145,603,0.0
145,1660,0.0
145,1014,0.0
145,1970,0.0
145,1096,0.0
145,2015,0.0
145,1658,0.0
145,1332,0.0
145,1719,0.0
145,1722,0.0
145,1733,0.0
145,1613,0.0
145,859,0.0
145,1209,0.0
145,1879,0.0
145,1276,0.0
145,12,0.0
145,298,0.0
145,1099,0.0
145,1074,0.0
145,786,0.0
145,148,0.0
145,1754,0.0
145,121,0.0
145,1234,0.0
145,1303,0.0
145,537,0.0
145,1708,0.0
146,234,4.0
146,1966,0.0
146,985,0.0
146,358,0.0
146,1673,0.0
146,1637,0.0
146,1357,0.0
146,1712,0.0
146,1192,0.0
146,1362,0.0
146,797,0.0
146,1284,0.0
146,886,0.0
146,1758,0.0
146,1222,0.0
146,210,0.0
146,286,0.0
146,1715,0.0
146,1785,0.0
146,742,0.0
146,1495,0.0
146,1505,0.0
146,2040,0.0
146,1046,0.0
146,1583,0.0
146,1132,0.0
146,295,0.0
146,5,0.0
146,549,0.0
146,680,0.0
146,1891,0.0
146,794,0.0
146,202,0.0
146,324,0.0
146,824,0.0
146,1808,0.0
146,243,0.0
146,326,0.0
146,986,0.0
146,1070,0.0
146,760,0.0
146,1614,0.0
146,1645,0.0
146,1036,0.0
146,906,0.0
146,1403,0.0
146,364,0.0
146,1625,0.0
146,1365,0.0
146,1883,0.0
147,911,3.5
147,515,0.0
147,1180,0.0
147,1784,0.0
147,1792,0.0
147,746,0.0
147,305,0.0
147,1901,0.0
147,2005,0.0
147,394,0.0
147,1097,0.0
147,186,0.0
147,1597,0.0
147,1360,0.0
147,1699,0.0
147,1591,0.0
147,622,0.0
147,729,0.0
147,239,0.0
147,532,0.0
147,140,0.0
147,1288,0.0
147,138,0.0
147,458,0.0
147,69,0.0
147,384,0.0
147,629,0.0
147,197,0.0
147,204,0.0
147,1749,0.0
147,567,0.0
147,1822,0.0
147,981,0.0
147,804,0.0
147,1710,0.0
147,858,0.0
147,881,0.0
147,2035,0.0
147,973,0.0
147,639,0.0
147,1454,0.0
147,1913,0.0
147,324,0.0
147,441,0.0
147,803,0.0
147,287,0.0
147,225,0.0
147,1087,0.0
147,966,0.0
147,937,0.0
148,909,4.0
148,1025,0.0
148,1864,0.0
148,1975,0.0
148,1168,0.0
148,1979,0.0
148,1389,0.0
148,419,0.0
148,1596,0.0
148,1808,0.0
148,1584,0.0
148,843,0.0
148,1467,0.0
148,915,0.0
148,433,0.0
148,642,0.0
148,1578,0.0
148,56,0.0
148,1585,0.0
148,963,0.0
148,976,0.0
148,1201,0.0
148,1316,0.0
148,45,0.0
148,1193,0.0
148,1294,0.0
148,416,0.0
148,847,0.0
148,138,0.0
148,246,0.0
148,1171,0.0
148,229,0.0
148,791,0.0
148,636,0.0
148,1727,0.0
148,373,0.0
148,1103,0.0
148,1629,0.0
148,737,0.0
148,1088,0.0
148,87,0.0
148,1111,0.0
148,712,0.0
148,1749,0.0
148,1227,0.0
148,1936,0.0
148,1405,0.0
148,600,0.0
148,1499,0.0
148,1596,0.0
149,6,2.0
149,879,0.0
149,114,0.0
149,1818,0.0
149,1572,0.0
149,813,0.0
149,1648,0.0
149,1570,0.0
149,643,0.0
149,1359,0.0
149,335,0.0
149,2004,0.0
149,921,0.0
149,1912,0.0
149,1763,0.0
149,146,0.0
149,121,0.0
149,80,0.0
149,684,0.0
149,1689,0.0
149,661,0.0
149,374,0.0
149,1593,0.0
149,62,0.0
149,503,0.0
149,667,0.0
149,448,0.0
149,1451,0.0
149,867,0.0
149,1450,0.0
149,1444,0.0
149,1345,0.0
149,1936,0.0
149,679,0.0
149,1189,0.0
149,1620,0.0
149,1980,0.0
149,1672,0.0
149,460,0.0
149,458,0.0
149,1212,0.0
149,463,0.0
149,911,0.0
149,378,0.0
149,1025,0.0
149,1641,0.0
149,363,0.0
149,71,0.0
149,1450,0.0
149,637,0.0
150,232,1.5
150,133,0.0
150,1642,0.0
150,1840,0.0
150,840,0.0
150,1585,0.0
150,848,0.0
150,606,0.0
150,1803,0.0
150,22,0.0
150,565,0.0
150,1909,0.0
150,765,0.0
150,964,0.0
150,234,0.0
150,995,0.0
150,1082,0.0
150,1187,0.0
150,1794,0.0
150,825,0.0
150,215,0.0
150,1206,0.0
150,1592,0.0
150,656,0.0
150,934,0.0
150,1113,0.0
150,1987,0.0
150,310,0.0
150,556,0.0
150,971,0.0
150,256,0.0
150,532,0.0
150,2002,0.0
150,1556,0.0
150,51,0.0
150,1361,0.0
150,1194,0.0
150,1971,0.0
150,1090,0.0
150,1648,0.0
150,299,0.0
150,671,0.0
150,777,0.0
150,831,0.0
150,231,0.0
150,974,0.0
150,1860,0.0
150,1091,0.0
150,1529,0.0
150,27,0.0
151,240,0.5
151,451,0.0
151,276,0.0
151,1252,0.0
151,1194,0.0
151,1758,0.0
151,212,0.0
151,1305,0.0
151,40,0.0
151,1145,0.0
151,1250,0.0
151,293,0.0
151,599,0.0
151,1290,0.0
151,2024,0.0
151,540,0.0
151,2030,0.0
151,1782,0.0
151,1851,0.0
151,450,0.0
151,1472,0.0
151,1779,0.0
151,1084,0.0
151,1525,0.0
151,1170,0.0
151,1709,0.0
151,1968,0.0
151,789,0.0
151,333,0.0
151,1904,0.0
151,1976,0.0
151,890,0.0
151,1165,0.0
151,43,0.0
151,143,0.0
151,1888,0.0
151,332,0.0
151,997,0.0
151,1520,0.0
151,1419,0.0
151,54,0.0
151,1330,0.0
151,869,0.0
151,1446,0.0
151,1440,0.0
151,1696,0.0
151,796,0.0
151,324,0.0
151,1733,0.0
151,1694,0.0
152,7,4.0
152,1120,0.0
152,964,0.0
152,1136,0.0
152,2011,0.0
152,1660,0.0
152,455,0.0
152,1486,0.0
152,1971,0.0
152,131,0.0
152,929,0.0
152,964,0.0
152,928,0.0
152,120,0.0
152,1220,0.0
152,1829,0.0
152,1505,0.0
152,633,0.0
152,1817,0.0
152,896,0.0
152,771,0.0
152,1062,0.0
152,565,0.0
152,511,0.0
152,1497,0.0
152,1184,0.0
152,288,0.0
152,199,0.0
152,1811,0.0
152,527,0.0
152,916,0.0
152,1708,0.0
152,1526,0.0
152,1271,0.0
152,1406,0.0
152,1241,0.0
152,1110,0.0
152,1105,0.0
152,1085,0.0
152,798,0.0
152,1523,0.0
152,1065,0.0
152,11,0.0
152,832,0.0
152,1769,0.0
152,840,0.0
152,642,0.0
152,1138,0.0
152,1241,0.0
152,1672,0.0
153,244,2.5
153,891,0.0
153,88,0.0
153,485,0.0
153,707,0.0
153,349,0.0
153,1107,0.0
153,386,0.0
153,86,0.0
153,306,0.0
153,1873,0.0
153,1177,0.0
153,439,0.0
153,739,0.0
153,1983,0.0
153,263,0.0
153,976,0.0
153,734,0.0
153,420,0.0
153,492,0.0
153,632,0.0
153,992,0.0
153,410,0.0
153,172,0.0
153,3,0.0
153,853,0.0
153,1663,0.0
153,985,0.0
153,2015,0.0
153,1495,0.0
153,1133,0.0
153,1890,0.0
153,1060,0.0
153,2015,0.0
153,582,0.0
153,1824,0.0
153,1054,0.0
153,1974,0.0
153,380,0.0
153,1291,0.0
153,1034,0.0
153,343,0.0
153,1863,0.0
153,1567,0.0
153,1592,0.0
153,165,0.0
153,699,0.0
153,341,0.0
153,1505,0.0
153,1042,0.0
154,242,3.0
154,338,0.0
154,1461,0.0
154,1468,0.0
154,1159,0.0
154,386,0.0
154,2041,0.0
154,1048,0.0
154,505,0.0
154,1348,0.0
154,1718,0.0
154,679,0.0
154,2002,0.0
154,1361,0.0
154,689,0.0
154,884,0.0
154,1118,0.0
154,1568,0.0
154,622,0.0
154,1169,0.0
154,892,0.0
154,952,0.0
154,1254,0.0
154,783,0.0
154,1871,0.0
154,494,0.0
154,1061,0.0
154,1448,0.0
154,1670,0.0
154,1869,0.0
154,746,0.0
154,436,0.0
154,1854,0.0
154,1391,0.0
154,344,0.0
154,1183,0.0
154,549,0.0
154,1685,0.0
154,1935,0.0
154,819,0.0
154,540,0.0
154,143,0.0
154,587,0.0
154,656,0.0
154,1764,0.0
154,1599,0.0
154,1882,0.0
154,344,0.0
154,1292,0.0
154,1863,0.0
155,924,1.0
155,767,0.0
155,1744,0.0
155,1750,0.0
155,885,0.0
155,1635,0.0
155,560,0.0
155,1224,0.0
155,1971,0.0
155,257,0.0
155,1503,0.0
155,1911,0.0
155,1201,0.0
155,756,0.0
155,122,0.0
155,341,0.0
155,1194,0.0
155,1868,0.0
155,1671,0.0
155,1082,0.0
155,1728,0.0
155,1488,0.0
155,1803,0.0
155,259,0.0
155,1396,0.0
155,1996,0.0
155,94,0.0
155,1148,0.0
155,40,0.0
155,1914,0.0
155,253,0.0
155,6,0.0
155,1494,0.0
155,727,0.0
155,1534,0.0
155,1604,0.0
155,68,0.0
155,1104,0.0
155,541,0.0
155,1608,0.0
155,1285,0.0
155,88,0.0
155,1938,0.0
155,1231,0.0
155,212,0.0
155,833,0.0
155,265,0.0
155,911,0.0
155,292,0.0
155,1230,0.0
156,238,3.0
156,142,0.0
156,2016,0.0
156,1960,0.0
156,746,0.0
156,626,0.0
156,1388,0.0
156,89,0.0
156,719,0.0
156,1187,0.0
156,480,0.0
156,83,0.0
156,1100,0.0
156,672,0.0
156,516,0.0
156,484,0.0
156,1613,0.0
156,1626,0.0
156,1622,0.0
156,781,0.0
156,103,0.0
156,1475,0.0
156,1510,0.0
156,2035,0.0
156,338,0.0
156,686,0.0
156,1589,0.0
156,899,0.0
156,1501,0.0
156,1746,0.0
156,606,0.0
156,222,0.0
156,1032,0.0
156,1076,0.0
156,1100,0.0
156,1741,0.0
156,502,0.0
156,1339,0.0
156,1837,0.0
156,821,0.0
156,1865,0.0
156,623,0.0
156,1886,0.0
156,164,0.0
156,1302,0.0
156,1050,0.0
156,1093,0.0
156,1241,0.0
156,1985,0.0
156,1388,0.0
157,238,2.0
157,1655,0.0
157,178,0.0
157,799,0.0
157,433,0.0
157,1960,0.0
157,1473,0.0
157,792,0.0
157,883,0.0
157,491,0.0
157,1212,0.0
157,1601,0.0
157,809,0.0
157,960,0.0
157,419,0.0
157,1272,0.0
157,1611,0.0
157,648,0.0
157,1187,0.0
157,1768,0.0
157,1278,0.0
157,475,0.0
157,1829,0.0
157,1440,0.0
157,169,0.0
157,1340,0.0
157,173,0.0
157,469,0.0
157,344,0.0
157,444,0.0
157,1041,0.0
157,1093,0.0
157,1361,0.0
157,627,0.0
157,591,0.0
157,526,0.0
157,1711,0.0
157,455,0.0
157,1292,0.0
157,1654,0.0
157,810,0.0
157,187,0.0
157,1020,0.0
157,1592,0.0
157,710,0.0
157,528,0.0
157,433,0.0
157,287,0.0
157,1941,0.0
157,1590,0.0
158,215,2.5
158,259,0.0
158,1257,0.0
158,1538,0.0
158,1882,0.0
158,1331,0.0
158,2024,0.0
158,738,0.0
158,795,0.0
158,69,0.0
158,1477,0.0
158,1462,0.0
158,1848,0.0
158,1387,0.0
158,982,0.0
158,1789,0.0
158,480,0.0
158,1167,0.0
158,23,0.0
158,964,0.0
158,1448,0.0
158,745,0.0
158,844,0.0
158,1198,0.0
158,1867,0.0
158,324,0.0
158,1892,0.0
158,1694,0.0
158,1883,0.0
158,1371,0.0
158,797,0.0
158,17,0.0
158,43,0.0
158,154,0.0
158,866,0.0
158,921,0.0
158,1400,0.0
158,742,0.0
158,2032,0.0
158,1906,0.0
158,1851,0.0
158,1425,0.0
158,224,0.0
158,216,0.0
158,1591,0.0
158,30,0.0
158,1892,0.0
158,1082,0.0
158,1915,0.0
158,897,0.0
159,2,2.5
159,1548,0.0
159,1698,0.0
159,1578,0.0
159,897,0.0
159,1975,0.0
159,1646,0.0
159,716,0.0
159,1919,0.0
159,1279,0.0
159,306,0.0
159,1973,0.0
159,1167,0.0
159,1681,0.0
159,390,0.0
159,1836,0.0
159,1699,0.0
159,1192,0.0
159,989,0.0
159,297,0.0
159,232,0.0
159,1926,0.0
159,270,0.0
159,1083,0.0
159,1319,0.0
159,1490,0.0
159,1258,0.0
159,676,0.0
159,705,0.0
159,233,0.0
159,1391,0.0
159,1718,0.0
159,844,0.0
159,1255,0.0
159,1896,0.0
159,490,0.0
159,1642,0.0
159,502,0.0
159,889,0.0
159,1758,0.0
159,591,0.0
159,745,0.0
159,1404,0.0
159,1719,0.0
159,427,0.0
159,696,0.0
159,645,0.0
159,731,0.0
159,799,0.0
159,363,0.0
160,238,2.5
160,1264,0.0
160,2024,0.0
160,1946,0.0
160,758,0.0
160,162,0.0
160,1907,0.0
160,1196,0.0
160,501,0.0
160,546,0.0
160,1307,0.0
160,1382,0.0
160,380,0.0
160,869,0.0
160,904,0.0
160,1995,0.0
160,1934,0.0
160,1556,0.0
160,1843,0.0
160,1186,0.0
160,1001,0.0
160,608,0.0
160,306,0.0
160,1362,0.0
160,54,0.0
160,982,0.0
160,332,0.0
160,126,0.0
160,1963,0.0
160,704,0.0
160,242,0.0
160,1884,0.0
160,599,0.0
160,1871,0.0
160,1432,0.0
160,502,0.0
160,1750,0.0
160,603,0.0
160,302,0.0
160,1487,0.0
160,234,0.0
160,1719,0.0
160,1061,0.0
160,138,0.0
160,194,0.0
160,1550,0.0
160,1792,0.0
160,646,0.0
160,0,0.0
160,560,0.0
161,250,3.0
161,1303,0.0
161,150,0.0
161,239,0.0
161,265,0.0
161,1717,0.0
161,1128,0.0
161,1960,0.0
161,1456,0.0
161,912,0.0
161,496,0.0
161,1463,0.0
161,1771,0.0
161,684,0.0
161,157,0.0
161,171,0.0
161,493,0.0
161,969,0.0
161,1334,0.0
161,1426,0.0
161,1692,0.0
161,1793,0.0
161,675,0.0
161,658,0.0
161,902,0.0
161,665,0.0
161,1486,0.0
161,366,0.0
161,2039,0.0
161,549,0.0
161,642,0.0
161,1893,0.0
161,254,0.0
161,207,0.0
161,449,0.0
161,94,0.0
161,1883,0.0
161,838,0.0
161,477,0.0
161,682,0.0
161,761,0.0
161,189,0.0
161,710,0.0
161,1507,0.0
161,1756,0.0
161,1559,0.0
161,755,0.0
161,1446,0.0
161,835,0.0
161,1663,0.0
162,206,2.0
162,1287,0.0
162,796,0.0
162,1118,0.0
162,552,0.0
162,925,0.0
162,1493,0.0
162,660,0.0
162,715,0.0
162,778,0.0
162,1537,0.0
162,1713,0.0
162,1960,0.0
162,193,0.0
162,481,0.0
162,1922,0.0
162,1359,0.0
162,1458,0.0
162,1219,0.0
162,854,0.0
162,1272,0.0
162,497,0.0
162,211,0.0
162,664,0.0
162,669,0.0
162,1489,0.0
162,1897,0.0
162,1674,0.0
162,220,0.0
162,272,0.0
162,1177,0.0
162,2039,0.0
162,1272,0.0
162,278,0.0
162,1463,0.0
162,1971,0.0
162,815,0.0
162,275,0.0
162,1004,0.0
162,513,0.0
162,1111,0.0
162,1822,0.0
162,922,0.0
162,641,0.0
162,504,0.0
162,589,0.0
162,771,0.0
162,1264,0.0
162,1676,0.0
162,739,0.0
163,247,3.0
163,1545,0.0
163,922,0.0
163,11,0.0
163,1286,0.0
163,1680,0.0
163,448,0.0
163,1215,0.0
163,761,0.0
163,1137,0.0
163,25,0.0
163,1806,0.0
163,1522,0.0
163,507,0.0
163,1568,0.0
163,61,0.0
163,228,0.0
163,1838,0.0
163,606,0.0
163,1058,0.0
163,1728,0.0
163,1479,0.0
163,1611,0.0
163,890,0.0
163,1525,0.0
163,760,0.0
163,594,0.0
163,1048,0.0
163,1592,0.0
163,1055,0.0
163,1854,0.0
163,1035,0.0
163,1342,0.0
163,1868,0.0
163,1627,0.0
163,0,0.0
163,1458,0.0
163,1861,0.0
163,1159,0.0
163,1219,0.0
163,132,0.0
163,2008,0.0
163,85,0.0
163,1499,0.0
163,1830,0.0
163,1814,0.0
163,1347,0.0
163,1203,0.0
163,515,0.0
163,1661,0.0
164,214,4.0
164,1118,0.0
164,1349,0.0
164,73,0.0
164,1359,0.0
164,1091,0.0
164,757,0.0
164,1941,0.0
164,1100,0.0
164,207,0.0
164,1907,0.0
164,1789,0.0
164,1244,0.0
164,1285,0.0
164,409,0.0
164,330,0.0
164,343,0.0
164,988,0.0
164,770,0.0
164,1843,0.0
164,73,0.0
164,1660,0.0
164,1723,0.0
164,253,0.0
164,958,0.0
164,1856,0.0
164,819,0.0
164,1770,0.0
164,985,0.0
164,1785,0.0
164,331,0.0
164,1421,0.0
164,1368,0.0
164,1607,0.0
164,746,0.0
164,835,0.0
164,1691,0.0
164,454,0.0
164,1929,0.0
164,1138,0.0
164,312,0.0
164,1017,0.0
164,227,0.0
164,833,0.0
164,857,0.0
164,1268,0.0
164,817,0.0
164,1549,0.0
164,1017,0.0
164,527,0.0
165,6,4.0
165,1859,0.0
165,252,0.0
165,264,0.0
165,92,0.0
165,1685,0.0
165,1434,0.0
165,137,0.0
165,1231,0.0
165,1001,0.0
165,1660,0.0
165,1769,0.0
165,1596,0.0
165,306,0.0
165,265,0.0
165,645,0.0
165,317,0.0
165,1136,0.0
165,900,0.0
165,1401,0.0
165,453,0.0
165,190,0.0
165,1914,0.0
165,1463,0.0
165,1210,0.0
165,830,0.0
165,1390,0.0
165,1112,0.0
165,186,0.0
165,818,0.0
165,1969,0.0
165,1020,0.0
165,131,0.0
165,871,0.0
165,634,0.0
165,1583,0.0
165,1823,0.0
165,1399,0.0
165,690,0.0
165,691,0.0
165,1122,0.0
165,1865,0.0
165,1057,0.0
165,1955,0.0
165,581,0.0
165,170,0.0
165,1389,0.0
165,783,0.0
165,1082,0.0
165,180,0.0
166,213,2.5
166,1440,0.0
166,631,0.0
166,1606,0.0
166,528,0.0
166,1276,0.0
166,1980,0.0
166,121,0.0
166,891,0.0
166,9,0.0
166,1822,0.0
166,1339,0.0
166,837,0.0
166,1296,0.0
166,1329,0.0
166,1828,0.0
166,1233,0.0
166,1981,0.0
166,1753,0.0
166,752,0.0
166,885,0.0
166,463,0.0
166,711,0.0
166,727,0.0
166,716,0.0
166,1948,0.0
166,1439,0.0
166,1239,0.0
166,79,0.0
166,1802,0.0
166,479,0.0
166,901,0.0
166,890,0.0
166,1570,0.0
166,1824,0.0
166,17,0.0
166,1188,0.0
166,1548,0.0
166,201,0.0
166,740,0.0
166,1369,0.0
166,1389,0.0
166,2000,0.0
166,1471,0.0
166,1536,0.0
166,318,0.0
166,216,0.0
166,1057,0.0
166,1894,0.0
166,265,0.0
167,4,3.5
167,765,0.0
167,863,0.0
167,799,0.0
167,1332,0.0
167,58,0.0
167,1021,0.0
167,1092,0.0
167,1469,0.0
167,387,0.0
167,1109,0.0
167,785,0.0
167,1250,0.0
167,592,0.0
167,2033,0.0
167,1649,0.0
167,1207,0.0
167,1815,0.0
167,1345,0.0
167,908,0.0
167,1341,0.0
167,565,0.0
167,398,0.0
167,1732,0.0
167,898,0.0
167,1316,0.0
167,292,0.0
167,484,0.0
167,1922,0.0
167,1470,0.0
167,802,0.0
167,1715,0.0
167,2006,0.0
167,1915,0.0
167,1435,0.0
167,1531,0.0
167,1757,0.0
167,1809,0.0
167,889,0.0
167,243,0.0
167,1443,0.0
167,1952,0.0
167,959,0.0
167,1177,0.0
167,815,0.0
167,1447,0.0
167,272,0.0
167,1959,0.0
167,1670,0.0
167,1848,0.0
168,0,4.0
168,1766,0.0
168,645,0.0
168,625,0.0
168,1522,0.0
168,138,0.0
168,1660,0.0
168,715,0.0
168,1596,0.0
168,761,0.0
168,1833,0.0
168,1548,0.0
168,1931,0.0
168,254,0.0
168,1108,0.0
168,1481,0.0
168,1555,0.0
168,1585,0.0
168,675,0.0
168,91,0.0
168,1623,0.0
168,1092,0.0
168,36,0.0
168,1788,0.0
168,1787,0.0
168,139,0.0
168,2041,0.0
168,866,0.0
168,1916,0.0
168,679,0.0
168,1589,0.0
168,1921,0.0
168,1201,0.0
168,1832,0.0
168,1836,0.0
168,1894,0.0
168,1641,0.0
168,136,0.0
168,189,0.0
168,1663,0.0
168,341,0.0
168,1582,0.0
168,1028,0.0
168,971,0.0
168,1280,0.0
168,1835,0.0
168,661,0.0
168,1829,0.0
168,242,0.0
168,1810,0.0
169,1,3.5
169,1421,0.0
169,1780,0.0
169,1900,0.0
169,169,0.0
169,1713,0.0
169,700,0.0
169,510,0.0
169,1283,0.0
169,583,0.0
169,983,0.0
169,458,0.0
169,528,0.0
169,1905,0.0
169,340,0.0
169,56,0.0
169,217,0.0
169,618,0.0
169,815,0.0
169,1963,0.0
169,1708,0.0
169,730,0.0
169,463,0.0
169,246,0.0
169,729,0.0
169,372,0.0
169,416,0.0
169,1054,0.0
169,367,0.0
169,558,0.0
169,1669,0.0
169,107,0.0
169,583,0.0
169,838,0.0
169,417,0.0
169,1643,0.0
169,820,0.0
169,1421,0.0
169,1295,0.0
169,682,0.0
169,1139,0.0
169,1864,0.0
169,1609,0.0
169,255,0.0
169,1104,0.0
169,779,0.0
169,1151,0.0
169,837,0.0
169,914,0.0
169,234,0.0
170,206,2.5
170,1068,0.0
170,1495,0.0
170,370,0.0
170,1878,0.0
170,651,0.0
170,688,0.0
170,733,0.0
170,1950,0.0
170,91,0.0
170,1045,0.0
170,171,0.0
170,1627,0.0
170,1215,0.0
170,1100,0.0
170,1304,0.0
170,1387,0.0
170,178,0.0
170,237,0.0
170,1158,0.0
170,876,0.0
170,901,0.0
170,279,0.0
170,1042,0.0
170,1618,0.0
170,739,0.0
170,370,0.0
170,1800,0.0
170,1135,0.0
170,1786,0.0
170,1699,0.0
170,869,0.0
170,1703,0.0
170,1018,0.0
170,220,0.0
170,919,0.0
170,303,0.0
170,1726,0.0
170,1348,0.0
170,1460,0.0
170,437,0.0
170,1193,0.0
170,374,0.0
170,1580,0.0
170,380,0.0
170,985,0.0
170,13,0.0
170,742,0.0
170,668,0.0
170,499,0.0
171,247,3.0
171,1973,0.0
171,10,0.0
171,948,0.0
171,7,0.0
171,1432,0.0
171,935,0.0
171,31,0.0
171,2007,0.0
171,539,0.0
171,1741,0.0
171,1004,0.0
171,386,0.0
171,1251,0.0
171,639,0.0
171,1790,0.0
171,1498,0.0
171,1747,0.0
171,1774,0.0
171,206,0.0
171,1341,0.0
171,1818,0.0
171,1780,0.0
171,556,0.0
171,1640,0.0
171,347,0.0
171,792,0.0
171,233,0.0
171,1724,0.0
171,1067,0.0
171,1005,0.0
171,736,0.0
171,941,0.0
171,1165,0.0
171,1671,0.0
171,175,0.0
171,1677,0.0
171,448,0.0
171,591,0.0
171,81,0.0
171,134,0.0
171,1742,0.0
171,855,0.0
171,1200,0.0
171,1406,0.0
171,1266,0.0
171,1590,0.0
171,1164,0.0
171,1480,0.0
171,439,0.0
172,726,3.5
172,540,0.0
172,469,0.0
172,812,0.0
172,76,0.0
172,1019,0.0
172,1544,0.0
172,23,0.0
172,1038,0.0
172,675,0.0
172,524,0.0
172,346,0.0
172,171,0.0
172,1892,0.0
172,1350,0.0
172,711,0.0
172,1508,0.0
172,488,0.0
172,1485,0.0
172,377,0.0
172,1611,0.0
172,1187,0.0
172,371,0.0
172,1596,0.0
172,999,0.0
172,976,0.0
172,1447,0.0
172,756,0.0
172,476,0.0
172,381,0.0
172,154,0.0
172,256,0.0
172,1779,0.0
172,673,0.0
172,67,0.0
172,343,0.0
172,1300,0.0
172,672,0.0
172,390,0.0
172,1472,0.0
172,2024,0.0
172,258,0.0
172,2027,0.0
172,306,0.0
172,1870,0.0
172,1118,0.0
172,949,0.0
172,1487,0.0
172,969,0.0
172,245,0.0
173,0,2.5
173,148,0.0
173,1511,0.0
173,1048,0.0
173,2022,0.0
173,654,0.0
173,1780,0.0
173,1954,0.0
173,944,0.0
173,554,0.0
173,424,0.0
173,292,0.0
173,1208,0.0
173,553,0.0
173,430,0.0
173,603,0.0
173,316,0.0
173,397,0.0
173,1347,0.0
173,1588,0.0
173,595,0.0
173,545,0.0
173,75,0.0
173,864,0.0
173,1943,0.0
173,915,0.0
173,708,0.0
173,485,0.0
173,1821,0.0
173,1111,0.0
173,746,0.0
173,1255,0.0
173,1030,0.0
173,1827,0.0
173,549,0.0
173,975,0.0
173,1075,0.0
173,1678,0.0
173,941,0.0
173,918,0.0
173,1419,0.0
173,1244,0.0
173,1451,0.0
173,1775,0.0
173,1166,0.0
173,1884,0.0
173,2028,0.0
173,362,0.0
173,381,0.0
173,1584,0.0
174,214,4.0
174,619,0.0
174,452,0.0
174,1416,0.0
174,211,0.0
174,667,0.0
174,1561,0.0
174,593,0.0
174,1618,0.0
174,130,0.0
174,1352,0.0
174,611,0.0
174,255,0.0
174,1502,0.0
174,560,0.0
174,1936,0.0
174,62,0.0
174,1334,0.0
174,406,0.0
174,801,0.0
174,1128,0.0
174,1640,0.0
174,1860,0.0
174,14,0.0
174,1710,0.0
174,258,0.0
174,722,0.0
174,1435,0.0
174,1282,0.0
174,613,0.0
174,1283,0.0
174,1879,0.0
174,1694,0.0
174,1068,0.0
174,1978,0.0
174,812,0.0
174,1786,0.0
174,330,0.0
174,164,0.0
174,1216,0.0
174,1544,0.0
174,1424,0.0
174,1397,0.0
174,1088,0.0
174,386,0.0
174,1518,0.0
174,1817,0.0
174,1716,0.0
174,1438,0.0
174,1817,0.0
175,6,2.0
175,1112,0.0
175,827,0.0
175,1945,0.0
175,230,0.0
175,967,0.0
175,274,0.0
175,245,0.0
175,110,0.0
175,233,0.0
175,1301,0.0
175,1500,0.0
175,416,0.0
175,677,0.0
175,1151,0.0
175,1260,0.0
175,2029,0.0
175,802,0.0
175,618,0.0
175,1151,0.0
175,706,0.0
175,850,0.0
175,1417,0.0
175,474,0.0
175,654,0.0
175,394,0.0
175,110,0.0
175,89,0.0
175,762,0.0
175,1303,0.0
175,1356,0.0
175,1247,0.0
175,1124,0.0
175,131,0.0
175,1036,0.0
175,456,0.0
175,1464,0.0
175,2032,0.0
175,97,0.0
175,1143,0.0
175,292,0.0
175,1839,0.0
175,1734,0.0
175,1024,0.0
175,571,0.0
175,249,0.0
175,651,0.0
175,148,0.0
175,1418,0.0
175,43,0.0
176,4,4.0
176,1566,0.0
176,1609,0.0
176,1554,0.0
176,1179,0.0
176,1872,0.0
176,667,0.0
176,146,0.0
176,1508,0.0
176,598,0.0
176,19,0.0
176,1292,0.0
176,332,0.0
176,1578,0.0
176,906,0.0
176,943,0.0
176,910,0.0
176,400,0.0
176,949,0.0
176,1329,0.0
176,27,0.0
176,466,0.0
176,1283,0.0
176,1557,0.0
176,981,0.0
176,1910,0.0
176,100,0.0
176,550,0.0
176,801,0.0
176,352,0.0
176,1323,0.0
176,1705,0.0
176,295,0.0
176,352,0.0
176,907,0.0
176,1153,0.0
176,1018,0.0
176,1179,0.0
176,1097,0.0
176,1365,0.0
176,1488,0.0
176,1113,0.0
176,1602,0.0
176,454,0.0
176,1771,0.0
176,711,0.0
176,979,0.0
176,1355,0.0
176,738,0.0
176,976,0.0
177,205,2.5
177,683,0.0
177,1547,0.0
177,818,0.0
177,120,0.0
177,944,0.0
177,1779,0.0
177,1687,0.0
177,1687,0.0
177,1017,0.0
177,1211,0.0
177,906,0.0
177,12,0.0
177,602,0.0
177,199,0.0
177,585,0.0
177,1791,0.0
177,1479,0.0
177,447,0.0
177,1811,0.0
177,1863,0.0
177,840,0.0
177,1094,0.0
177,589,0.0
177,1819,0.0
177,1153,0.0
177,888,0.0
177,42,0.0
177,519,0.0
177,1036,0.0
177,724,0.0
177,622,0.0
177,987,0.0
177,802,0.0
177,534,0.0
177,301,0.0
177,1789,0.0
177,526,0.0
177,1665,0.0
177,1596,0.0
177,1138,0.0
177,459,0.0
177,831,0.0
177,504,0.0
177,1331,0.0
177,931,0.0
177,1986,0.0
177,324,0.0
177,578,0.0
177,760,0.0
178,7,3.5
178,703,0.0
178,1526,0.0
178,1029,0.0
178,820,0.0
178,1167,0.0
178,857,0.0
178,1284,0.0
178,584,0.0
178,685,0.0
178,231,0.0
178,269,0.0
178,939,0.0
178,1470,0.0
178,873,0.0
178,1245,0.0
178,51,0.0
178,115,0.0
178,537,0.0
178,1588,0.0
178,1900,0.0
178,540,0.0
178,1042,0.0
178,814,0.0
178,1415,0.0
178,790,0.0
178,1652,0.0
178,617,0.0
178,418,0.0
178,2014,0.0
178,308,0.0
178,1762,0.0
178,863,0.0
178,185,0.0
178,260,0.0
178,1551,0.0
178,1296,0.0
178,159,0.0
178,869,0.0
178,761,0.0
178,223,0.0
178,1279,0.0
178,179,0.0
178,19,0.0
178,1647,0.0
178,631,0.0
178,1729,0.0
178,1491,0.0
178,1646,0.0
178,1233,0.0
179,3,2.5
179,215,0.0
179,1127,0.0
179,1750,0.0
179,1077,0.0
179,805,0.0
179,329,0.0
179,847,0.0
179,1226,0.0
179,1311,0.0
179,44,0.0
179,828,0.0
179,197,0.0
179,1239,0.0
179,1504,0.0
179,1332,0.0
179,895,0.0
179,1458,0.0
179,331,0.0
179,695,0.0
179,26,0.0
179,1189,0.0
179,317,0.0
179,1297,0.0
179,1406,0.0
179,364,0.0
179,1126,0.0
179,959,0.0
179,1526,0.0
179,1868,0.0
179,372,0.0
179,1639,0.0
179,1949,0.0
179,244,0.0
179,1840,0.0
179,1192,0.0
179,1651,0.0
179,1676,0.0
179,1441,0.0
179,1379,0.0
179,477,0.0
179,124,0.0
179,536,0.0
179,705,0.0
179,1919,0.0
179,1635,0.0
179,1425,0.0
179,1540,0.0
179,530,0.0
179,1705,0.0
180,902,3.5
180,1867,0.0
180,686,0.0
180,1137,0.0
180,1412,0.0
180,1510,0.0
180,1866,0.0
180,1273,0.0
180,570,0.0
180,714,0.0
180,1338,0.0
180,238,0.0
180,1257,0.0
180,302,0.0
180,606,0.0
180,990,0.0
180,1676,0.0
180,333,0.0
180,112,0.0
180,1644,0.0
180,361,0.0
180,1880,0.0
180,800,0.0
180,96,0.0
180,1981,0.0
180,1870,0.0
180,15,0.0
180,555,0.0
180,1977,0.0
180,375,0.0
180,741,0.0
180,389,0.0
180,619,0.0
180,1240,0.0
180,1422,0.0
180,1283,0.0
180,823,0.0
180,319,0.0
180,195,0.0
180,1501,0.0
180,417,0.0
180,1498,0.0
180,606,0.0
180,567,0.0
180,543,0.0
180,2027,0.0
180,230,0.0
180,883,0.0
180,520,0.0
180,702,0.0
181,92,4.0
181,600,0.0
181,94,0.0
181,1850,0.0
181,292,0.0
181,24,0.0
181,1295,0.0
181,1528,0.0
181,1189,0.0
181,938,0.0
181,2032,0.0
181,761,0.0
181,1110,0.0
181,653,0.0
181,1669,0.0
181,984,0.0
181,1814,0.0
181,637,0.0
181,1851,0.0
181,490,0.0
181,1931,0.0
181,1164,0.0
181,1891,0.0
181,1126,0.0
181,1249,0.0
181,1925,0.0
181,574,0.0
181,293,0.0
181,895,0.0
181,1329,0.0
181,1277,0.0
181,1203,0.0
181,39,0.0
181,775,0.0
181,1724,0.0
181,519,0.0
181,1639,0.0
181,1760,0.0
181,545,0.0
181,235,0.0
181,462,0.0
181,1251,0.0
181,1723,0.0
181,1848,0.0
181,482,0.0
181,429,0.0
181,1045,0.0
181,342,0.0
181,1063,0.0
181,1196,0.0
182,2,3.0
182,342,0.0
182,1968,0.0
182,579,0.0
182,1756,0.0
182,782,0.0
182,320,0.0
182,821,0.0
182,1949,0.0
182,1884,0.0
182,531,0.0
182,1312,0.0
182,1512,0.0
182,491,0.0
182,611,0.0
182,251,0.0
182,2005,0.0
182,1100,0.0
182,1670,0.0
182,1415,0.0
182,1435,0.0
182,172,0.0
182,874,0.0
182,200,0.0
182,216,0.0
182,375,0.0
182,1743,0.0
182,1609,0.0
182,10,0.0
182,1822,0.0
182,1791,0.0
182,1035,0.0
182,891,0.0
182,2014,0.0
182,1613,0.0
182,434,0.0
182,1707,0.0
182,1631,0.0
182,817,0.0
182,1396,0.0
182,1296,0.0
182,930,0.0
182,1920,0.0
182,1948,0.0
182,690,0.0
182,1599,0.0
182,1532,0.0
182,1155,0.0
182,854,0.0
182,1947,0.0
183,206,3.0
183,1506,0.0
183,406,0.0
183,649,0.0
183,50,0.0
183,1426,0.0
183,1586,0.0
183,1499,0.0
183,1110,0.0
183,1091,0.0
183,595,0.0
183,978,0.0
183,1065,0.0
183,730,0.0
183,56,0.0
183,737,0.0
183,195,0.0
183,1783,0.0
183,1701,0.0
183,1085,0.0
183,1286,0.0
183,111,0.0
183,764,0.0
183,710,0.0
183,1201,0.0
183,947,0.0
183,25,0.0
183,409,0.0
183,757,0.0
183,530,0.0
183,1800,0.0
183,1340,0.0
183,1555,0.0
183,1129,0.0
183,748,0.0
183,1841,0.0
183,1487,0.0
183,245,0.0
183,1104,0.0
183,661,0.0
183,908,0.0
183,395,0.0
183,521,0.0
183,1856,0.0
183,1759,0.0
183,925,0.0
183,263,0.0
183,1684,0.0
183,789,0.0
183,1297,0.0
184,232,3.5
184,619,0.0
184,1838,0.0
184,1018,0.0
184,776,0.0
184,446,0.0
184,289,0.0
184,208,0.0
184,1498,0.0
184,412,0.0
184,676,0.0
184,1450,0.0
184,1877,0.0
184,1394,0.0
184,1855,0.0
184,663,0.0
184,1990,0.0
184,289,0.0
184,1455,0.0
184,1291,0.0
184,150,0.0
184,1742,0.0
184,1278,0.0
184,1376,0.0
184,1400,0.0
184,1676,0.0
184,854,0.0
184,1381,0.0
184,607,0.0
184,1964,0.0
184,369,0.0
184,1250,0.0
184,704,0.0
184,1326,0.0
184,825,0.0
184,1004,0.0
184,1412,0.0
184,376,0.0
184,972,0.0
184,117,0.0
184,1028,0.0
184,443,0.0
184,1375,0.0
184,754,0.0
184,1556,0.0
184,1687,0.0
184,639,0.0
184,123,0.0
184,657,0.0
184,1300,0.0
185,213,4.0
185,299,0.0
185,402,0.0
185,954,0.0
185,1671,0.0
185,1590,0.0
185,1643,0.0
185,1326,0.0
185,1793,0.0
185,252,0.0
185,1757,0.0
185,477,0.0
185,1392,0.0
185,1702,0.0
185,1964,0.0
185,159,0.0
185,960,0.0
185,1189,0.0
185,204,0.0
185,1290,0.0
185,1161,0.0
185,1391,0.0
185,1466,0.0
185,857,0.0
185,759,0.0
185,1590,0.0
185,1939,0.0
185,720,0.0
185,1040,0.0
185,67,0.0
185,132,0.0
185,1723,0.0
185,918,0.0
185,429,0.0
185,307,0.0
185,649,0.0
185,1197,0.0
185,411,0.0
185,96,0.0
185,1706,0.0
185,1177,0.0
185,1718,0.0
185,1265,0.0
185,1327,0.0
185,1308,0.0
185,1050,0.0
185,1425,0.0
185,1383,0.0
185,1083,0.0
185,201,0.0
186,243,3.5
186,1065,0.0
186,1488,0.0
186,378,0.0
186,1130,0.0
186,1351,0.0
186,64,0.0
186,364,0.0
186,820,0.0
186,1507,0.0
186,1670,0.0
186,2029,0.0
186,1924,0.0
186,1047,0.0
186,539,0.0
186,1085,0.0
186,490,0.0
186,1296,0.0
186,228,0.0
186,1043,0.0
186,2,0.0
186,1444,0.0
186,1753,0.0
186,910,0.0
186,306,0.0
186,431,0.0
186,135,0.0
186,1932,0.0
186,1967,0.0
186,514,0.0
186,192,0.0
186,1608,0.0
186,1438,0.0
186,872,0.0
186,1141,0.0
186,665,0.0
186,208,0.0
186,951,0.0
186,1057,0.0
186,648,0.0
186,1341,0.0
186,119,0.0
186,626,0.0
186,524,0.0
186,1604,0.0
186,1960,0.0
186,1868,0.0
186,768,0.0
186,1112,0.0
186,511,0.0
187,217,1.5
187,1482,0.0
187,1647,0.0
187,997,0.0
187,535,0.0
187,1314,0.0
187,850,0.0
187,837,0.0
187,167,0.0
187,949,0.0
187,620,0.0
187,427,0.0
187,1725,0.0
187,489,0.0
187,354,0.0
187,195,0.0
187,544,0.0
187,716,0.0
187,823,0.0
187,931,0.0
187,1717,0.0
187,1002,0.0
187,658,0.0
187,938,0.0
187,779,0.0
187,10,0.0
187,1605,0.0
187,1279,0.0
187,395,0.0
187,730,0.0
187,1832,0.0
187,408,0.0
187,361,0.0
187,1282,0.0
187,1026,0.0
187,83,0.0
187,155,0.0
187,1686,0.0
187,1199,0.0
187,706,0.0
187,1961,0.0
187,471,0.0
187,618,0.0
187,1447,0.0
187,133,0.0
187,787,0.0
187,906,0.0
187,863,0.0
187,1403,0.0
187,666,0.0
188,247,2.5
188,119,0.0
188,975,0.0
188,912,0.0
188,1151,0.0
188,722,0.0
188,522,0.0
188,1711,0.0
188,1668,0.0
188,324,0.0
188,1343,0.0
188,1529,0.0
188,1549,0.0
188,1073,0.0
188,1945,0.0
188,1607,0.0
188,68,0.0
188,390,0.0
188,382,0.0
188,15,0.0
188,1462,0.0
188,845,0.0
188,868,0.0
188,567,0.0
188,1640,0.0
188,131,0.0
188,2019,0.0
188,1583,0.0
188,1271,0.0
188,272,0.0
188,1646,0.0
188,1955,0.0
188,1861,0.0
188,1871,0.0
188,1372,0.0
188,483,0.0
188,549,0.0
188,356,0.0
188,1775,0.0
188,1341,0.0
188,1656,0.0
188,1071,0.0
188,1033,0.0
188,232,0.0
188,35,0.0
188,412,0.0
188,1485,0.0
188,1027,0.0
188,43,0.0
188,567,0.0
189,213,3.0
189,512,0.0
189,920,0.0
189,809,0.0
189,1203,0.0
189,919,0.0
189,692,0.0
189,234,0.0
189,951,0.0
189,1854,0.0
189,1360,0.0
189,1031,0.0
189,1466,0.0
189,1964,0.0
189,538,0.0
189,819,0.0
189,1681,0.0
189,1114,0.0
189,1877,0.0
189,271,0.0
189,1857,0.0
189,1028,0.0
189,1617,0.0
189,1922,0.0
189,1242,0.0
189,1141,0.0
189,592,0.0
189,975,0.0
189,1605,0.0
189,114,0.0
189,262,0.0
189,1329,0.0
189,1677,0.0
189,1445,0.0
189,2023,0.0
189,206,0.0
189,1646,0.0
189,302,0.0
189,111,0.0
189,1440,0.0
189,1578,0.0
189,1882,0.0
189,1308,0.0
189,1663,0.0
189,184,0.0
189,1764,0.0
189,900,0.0
189,220,0.0
189,1887,0.0
189,1467,0.0
190,204,3.5
190,24,0.0
190,805,0.0
190,1876,0.0
190,1687,0.0
190,1559,0.0
190,763,0.0
190,1083,0.0
190,1490,0.0
190,433,0.0
190,878,0.0
190,1089,0.0
190,909,0.0
190,564,0.0
190,1951,0.0
190,105,0.0
190,95,0.0
190,2011,0.0
190,1711,0.0
190,1574,0.0
190,167,0.0
190,41,0.0
190,1902,0.0
190,103,0.0
190,1868,0.0
190,1227,0.0
190,519,0.0
190,1998,0.0
190,281,0.0
190,1931,0.0
190,1066,0.0
190,946,0.0
190,1133,0.0
190,2010,0.0
190,1233,0.0
190,748,0.0
190,1891,0.0
190,830,0.0
190,48,0.0
190,114,0.0
190,1178,0.0
190,1672,0.0
190,502,0.0
190,1702,0.0
190,1856,0.0
190,1734,0.0
190,985,0.0
190,70,0.0
190,1011,0.0
190,1542,0.0
191,234,2.0
191,309,0.0
191,1976,0.0
191,1043,0.0
191,1904,0.0
191,1584,0.0
191,1001,0.0
191,1670,0.0
191,1564,0.0
191,1583,0.0
191,1500,0.0
191,268,0.0
191,1026,0.0
191,769,0.0
191,15,0.0
191,605,0.0
191,1381,0.0
191,1669,0.0
191,812,0.0
191,1862,0.0
191,1156,0.0
191,1335,0.0
191,1990,0.0
191,481,0.0
191,894,0.0
191,1567,0.0
191,1328,0.0
191,268,0.0
191,413,0.0
191,24,0.0
191,2004,0.0
191,315,0.0
191,570,0.0
191,724,0.0
191,1691,0.0
191,1007,0.0
191,1849,0.0
191,1299,0.0
191,1953,0.0
191,388,0.0
191,721,0.0
191,443,0.0
191,998,0.0
191,1450,0.0
191,1080,0.0
191,696,0.0
191,970,0.0
191,1589,0.0
191,720,0.0
191,367,0.0
192,653,3.5
192,497,0.0
192,1769,0.0
192,1497,0.0
192,1428,0.0
192,547,0.0
192,960,0.0
192,131,0.0
192,1347,0.0
192,857,0.0
192,1155,0.0
192,2032,0.0
192,520,0.0
192,29,0.0
192,626,0.0
192,1324,0.0
192,3,0.0
192,1348,0.0
192,508,0.0
192,1260,0.0
192,1558,0.0
192,15,0.0
192,1557,0.0
192,996,0.0
192,1607,0.0
192,1839,0.0
192,1469,0.0
192,2016,0.0
192,1526,0.0
192,955,0.0
192,1253,0.0
192,1130,0.0
192,1743,0.0
192,1412,0.0
192,1743,0.0
192,262,0.0
192,1586,0.0
192,1088,0.0
192,264,0.0
192,1361,0.0
192,1324,0.0
192,377,0.0
192,1198,0.0
192,962,0.0
192,1175,0.0
192,475,0.0
192,1289,0.0
192,328,0.0
192,1996,0.0
192,1839,0.0
193,213,3.0
193,1986,0.0
193,868,0.0
193,811,0.0
193,1822,0.0
193,1706,0.0
193,1100,0.0
193,1071,0.0
193,766,0.0
193,81,0.0
193,1918,0.0
193,1744,0.0
193,208,0.0
193,1468,0.0
193,1994,0.0
193,1619,0.0
193,521,0.0
193,1052,0.0
193,1327,0.0
193,993,0.0
193,464,0.0
193,1525,0.0
193,1469,0.0
193,627,0.0
193,1513,0.0
193,780,0.0
193,1451,0.0
193,558,0.0
193,1382,0.0
193,959,0.0
193,90,0.0
193,2037,0.0
193,1076,0.0
193,1753,0.0
193,859,0.0
193,1612,0.0
193,1227,0.0
193,555,0.0
193,155,0.0
193,1,0.0
193,1380,0.0
193,824,0.0
193,1592,0.0
193,801,0.0
193,982,0.0
193,1081,0.0
193,1277,0.0
193,1203,0.0
193,492,0.0
193,668,0.0
194,212,3.5
194,1641,0.0
194,132,0.0
194,1457,0.0
194,1364,0.0
194,313,0.0
194,590,0.0
194,1235,0.0
194,1543,0.0
194,1008,0.0
194,158,0.0
194,1291,0.0
194,660,0.0
194,1885,0.0
194,1981,0.0
194,1626,0.0
194,747,0.0
194,1497,0.0
194,800,0.0
194,409,0.0
194,1497,0.0
194,1379,0.0
194,679,0.0
194,1216,0.0
194,1722,0.0
194,1294,0.0
194,113,0.0
194,896,0.0
194,1546,0.0
194,1078,0.0
194,1793,0.0
194,64,0.0
194,2014,0.0
194,683,0.0
194,1295,0.0
194,1525,0.0
194,1685,0.0
194,1385,0.0
194,145,0.0
194,942,0.0
194,1232,0.0
194,1309,0.0
194,1033,0.0
194,738,0.0
194,185,0.0
194,1597,0.0
194,1620,0.0
194,1487,0.0
194,1157,0.0
194,834,0.0
195,212,4.0
195,1923,0.0
195,1586,0.0
195,563,0.0
195,633,0.0
195,678,0.0
195,1017,0.0
195,7,0.0
195,1392,0.0
195,1068,0.0
195,343,0.0
195,1780,0.0
195,795,0.0
195,1398,0.0
195,1642,0.0
195,1050,0.0
195,1216,0.0
195,1953,0.0
195,848,0.0
195,1380,0.0
195,61,0.0
195,1085,0.0
195,421,0.0
195,1817,0.0
195,632,0.0
195,791,0.0
195,550,0.0
195,1403,0.0
195,1300,0.0
195,605,0.0
195,1454,0.0
195,1138,0.0
195,1711,0.0
195,1144,0.0
195,524,0.0
195,2020,0.0
195,898,0.0
195,1439,0.0
195,162,0.0
195,786,0.0
195,909,0.0
195,1711,0.0
195,981,0.0
195,1360,0.0
195,378,0.0
195,1347,0.0
195,172,0.0
195,999,0.0
195,1810,0.0
195,63,0.0
196,2,3.5
196,1198,0.0
196,745,0.0
196,948,0.0
196,763,0.0
196,294,0.0
196,1017,0.0
196,1474,0.0
196,1857,0.0
196,1541,0.0
196,1044,0.0
196,1096,0.0
196,841,0.0
196,1059,0.0
196,1530,0.0
196,1922,0.0
196,1256,0.0
196,1751,0.0
196,2005,0.0
196,496,0.0
196,205,0.0
196,425,0.0
196,1964,0.0
196,43,0.0
196,1114,0.0
196,1952,0.0
196,1851,0.0
196,1493,0.0
196,604,0.0
196,1490,0.0
196,1874,0.0
196,453,0.0
196,2028,0.0
196,594,0.0
196,1356,0.0
196,506,0.0
196,793,0.0
196,1493,0.0
196,20,0.0
196,1251,0.0
196,1399,0.0
196,1153,0.0
196,1710,0.0
196,619,0.0
196,413,0.0
196,1818,0.0
196,1094,0.0
196,1427,0.0
196,1585,0.0
196,1630,0.0
197,299,4.0
197,141,0.0
197,1109,0.0
197,1487,0.0
197,45,0.0
197,843,0.0
197,1008,0.0
197,1261,0.0
197,9,0.0
197,663,0.0
197,572,0.0
197,2029,0.0
197,1553,0.0
197,1621,0.0
197,648,0.0
197,912,0.0
197,1765,0.0
197,639,0.0
197,615,0.0
197,697,0.0
197,908,0.0
197,177,0.0
197,868,0.0
197,1029,0.0
197,852,0.0
197,306,0.0
197,547,0.0
197,326,0.0
197,1379,0.0
197,1816,0.0
197,394,0.0
197,299,0.0
197,1549,0.0
197,748,0.0
197,284,0.0
197,329,0.0
197,49,0.0
197,2031,0.0
197,772,0.0
197,1991,0.0
197,1645,0.0
197,1732,0.0
197,377,0.0
197,1787,0.0
197,1623,0.0
197,999,0.0
197,1848,0.0
197,1561,0.0
197,773,0.0
197,1167,0.0
198,1109,1.5
198,450,0.0
198,195,0.0
198,1893,0.0
198,1227,0.0
198,2002,0.0
198,457,0.0
198,829,0.0
198,256,0.0
198,1552,0.0
198,1295,0.0
198,8,0.0
198,760,0.0
198,948,0.0
198,1224,0.0
198,1082,0.0
198,886,0.0
198,392,0.0
198,1675,0.0
198,1142,0.0
198,1576,0.0
198,398,0.0
198,1857,0.0
198,330,0.0
198,1290,0.0
198,1543,0.0
198,1718,0.0
198,479,0.0
198,133,0.0
198,1716,0.0
198,915,0.0
198,934,0.0
198,354,0.0
198,583,0.0
198,1521,0.0
198,624,0.0
198,1130,0.0
198,289,0.0
198,824,0.0
198,628,0.0
198,1018,0.0
198,631,0.0
198,1170,0.0
198,326,0.0
198,1438,0.0
198,209,0.0
198,1319,0.0
198,1421,0.0
198,1126,0.0
198,635,0.0
199,247,3.5
199,625,0.0
199,1485,0.0
199,216,0.0
199,195,0.0
199,1816,0.0
199,1225,0.0
199,994,0.0
199,1014,0.0
199,646,0.0
199,1257,0.0
199,1164,0.0
199,707,0.0
199,1521,0.0
199,1578,0.0
199,1080,0.0
199,1955,0.0
199,1527,0.0
199,1165,0.0
199,721,0.0
199,1607,0.0
199,1759,0.0
199,1562,0.0
199,639,0.0
199,105,0.0
199,164,0.0
199,214,0.0
199,1094,0.0
199,1739,0.0
199,1688,0.0
199,1602,0.0
199,89,0.0
199,1795,0.0
199,873,0.0
199,1251,0.0
199,1102,0.0
199,607,0.0
199,348,0.0
199,1865,0.0
199,2004,0.0
199,893,0.0
199,245,0.0
199,271,0.0
199,2030,0.0
199,402,0.0
199,1692,0.0
199,1139,0.0
199,1458,0.0
199,1553,0.0
199,1465,0.0
200,273,3.5
200,665,0.0
200,1780,0.0
200,651,0.0
200,1094,0.0
200,45,0.0
200,1070,0.0
200,1614,0.0
200,1445,0.0
200,148,0.0
200,909,0.0
200,1153,0.0
200,455,0.0
200,1662,0.0
200,876,0.0
200,1654,0.0
200,965,0.0
200,2020,0.0
200,868,0.0
200,1528,0.0
200,928,0.0
200,1023,0.0
200,1000,0.0
200,773,0.0
200,243,0.0
200,473,0.0
200,381,0.0
200,1126,0.0
200,488,0.0
200,1060,0.0
200,1677,0.0
200,1572,0.0
200,1543,0.0
200,1766,0.0
200,1356,0.0
200,396,0.0
200,295,0.0
200,106,0.0
200,859,0.0
200,953,0.0
200,529,0.0
200,1848,0.0
200,1106,0.0
200,933,0.0
200,287,0.0
200,2005,0.0
200,705,0.0
200,1484,0.0
200,214,0.0
200,1304,0.0
201,7,3.0
201,1198,0.0
201,461,0.0
201,1330,0.0
201,1611,0.0
201,244,0.0
201,121,0.0
201,184,0.0
201,31,0.0
201,997,0.0
201,1986,0.0
201,761,0.0
201,568,0.0
201,309,0.0
201,1395,0.0
201,1679,0.0
201,829,0.0
201,1619,0.0
201,991,0.0
201,1079,0.0
201,790,0.0
201,1296,0.0
201,463,0.0
201,677,0.0
201,1479,0.0
201,978,0.0
201,669,0.0
201,1272,0.0
201,697,0.0
201,993,0.0
201,77,0.0
201,533,0.0
201,107,0.0
201,1296,0.0
201,763,0.0
201,14,0.0
201,369,0.0
201,1327,0.0
201,1695,0.0
201,204,0.0
201,2004,0.0
201,1136,0.0
201,1703,0.0
201,864,0.0
201,1276,0.0
201,440,0.0
201,1209,0.0
201,858,0.0
201,226,0.0
201,527,0.0
202,3,0.5
202,1117,0.0
202,1433,0.0
202,1202,0.0
202,1070,0.0
202,793,0.0
202,851,0.0
202,873,0.0
202,1627,0.0
202,375,0.0
202,723,0.0
202,1610,0.0
202,1913,0.0
202,201,0.0
202,444,0.0
202,1942,0.0
202,1956,0.0
202,296,0.0
202,1331,0.0
202,1746,0.0
202,492,0.0
202,337,0.0
202,1968,0.0
202,922,0.0
202,1669,0.0
202,1865,0.0
202,1089,0.0
202,791,0.0
202,1445,0.0
202,1563,0.0
202,1947,0.0
202,1652,0.0
202,1516,0.0
202,1905,0.0
202,2022,0.0
202,961,0.0
202,316,0.0
202,941,0.0
202,1860,0.0
202,625,0.0
202,74,0.0
202,1737,0.0
202,938,0.0
202,58,0.0
202,385,0.0
202,14,0.0
202,1254,0.0
202,1640,0.0
202,1700,0.0
202,198,0.0
203,204,2.5
203,294,0.0
203,1206,0.0
203,863,0.0
203,547,0.0
203,1905,0.0
203,1060,0.0
203,1007,0.0
203,1037,0.0
203,1946,0.0
203,634,0.0
203,594,0.0
203,1182,0.0
203,1517,0.0
203,1352,0.0
203,613,0.0
203,1872,0.0
203,1106,0.0
203,1579,0.0
203,1603,0.0
203,1583,0.0
203,1592,0.0
203,1610,0.0
203,1045,0.0
203,1155,0.0
203,464,0.0
203,1479,0.0
203,1325,0.0
203,954,0.0
203,929,0.0
203,1290,0.0
203,798,0.0
203,394,0.0
203,1143,0.0
203,245,0.0
203,567,0.0
203,37,0.0
203,244,0.0
203,20,0.0
203,1133,0.0
203,1629,0.0
203,393,0.0
203,1433,0.0
203,986,0.0
203,1671,0.0
203,1766,0.0
203,7,0.0
203,1467,0.0
203,327,0.0
203,1910,0.0
204,206,3.5
204,1656,0.0
204,1871,0.0
204,1100,0.0
204,467,0.0
204,178,0.0
204,644,0.0
204,1846,0.0
204,1764,0.0
204,275,0.0
204,1175,0.0
204,1187,0.0
204,1313,0.0
204,1401,0.0
204,620,0.0
204,637,0.0
204,1775,0.0
204,1333,0.0
204,929,0.0
204,2002,0.0
204,1936,0.0
204,1412,0.0
204,1880,0.0
204,1681,0.0
204,1787,0.0
204,182,0.0
204,1844,0.0
204,1329,0.0
204,71,0.0
204,1242,0.0
204,718,0.0
204,1196,0.0
204,1676,0.0
204,1295,0.0
204,725,0.0
204,1491,0.0
204,268,0.0
204,1043,0.0
204,577,0.0
204,994,0.0
204,814,0.0
204,1526,0.0
204,146,0.0
204,1452,0.0
204,1188,0.0
204,889,0.0
204,309,0.0
204,517,0.0
204,13,0.0
204,131,0.0
205,614,4.0
205,483,0.0
205,848,0.0
205,721,0.0
205,115,0.0
205,534,0.0
205,1121,0.0
205,1351,0.0
205,1932,0.0
205,406,0.0
205,1336,0.0
205,1725,0.0
205,693,0.0
205,1171,0.0
205,1365,0.0
205,494,0.0
205,947,0.0
205,22,0.0
205,1128,0.0
205,1698,0.0
205,1602,0.0
205,1825,0.0
205,1824,0.0
205,557,0.0
205,1616,0.0
205,940,0.0
205,1682,0.0
205,1245,0.0
205,854,0.0
205,1038,0.0
205,890,0.0
205,1656,0.0
205,77,0.0
205,1345,0.0
205,806,0.0
205,1264,0.0
205,1041,0.0
205,767,0.0
205,453,0.0
205,1466,0.0
205,927,0.0
205,276,0.0
205,1447,0.0
205,1499,0.0
205,1050,0.0
205,513,0.0
205,1888,0.0
205,463,0.0
205,806,0.0
205,2005,0.0
206,246,0.5
206,1143,0.0
206,1304,0.0
206,1331,0.0
206,707,0.0
206,1300,0.0
206,1553,0.0
206,294,0.0
206,1806,0.0
206,52,0.0
206,805,0.0
206,1455,0.0
206,51,0.0
206,727,0.0
206,71,0.0
206,27,0.0
206,468,0.0
206,1935,0.0
206,763,0.0
206,885,0.0
206,911,0.0
206,546,0.0
206,1424,0.0
206,200,0.0
206,1784,0.0
206,1634,0.0
206,819,0.0
206,2012,0.0
206,2022,0.0
206,1489,0.0
206,1675,0.0
206,1618,0.0
206,559,0.0
206,1813,0.0
206,378,0.0
206,1783,0.0
206,1918,0.0
206,1200,0.0
206,1075,0.0
206,78,0.0
206,1408,0.0
206,833,0.0
206,1599,0.0
206,1031,0.0
206,1237,0.0
206,24,0.0
206,449,0.0
206,767,0.0
206,754,0.0
206,1992,0.0
207,651,3.0
207,1524,0.0
207,596,0.0
207,1178,0.0
207,786,0.0
207,1558,0.0
207,626,0.0
207,1841,0.0
207,1458,0.0
207,1834,0.0
207,1122,0.0
207,615,0.0
207,1395,0.0
207,1586,0.0
207,1385,0.0
207,111,0.0
207,452,0.0
207,755,0.0
207,1192,0.0
207,583,0.0
207,138,0.0
207,1871,0.0
207,230,0.0
207,1262,0.0
207,983,0.0
207,252,0.0
207,2004,0.0
207,1459,0.0
207,1942,0.0
207,560,0.0
207,1445,0.0
207,1326,0.0
207,71,0.0
207,1286,0.0
207,1857,0.0
207,221,0.0
207,1100,0.0
207,61,0.0
207,1494,0.0
207,1180,0.0
207,805,0.0
207,124,0.0
207,740,0.0
207,1875,0.0
207,160,0.0
207,540,0.0
207,625,0.0
207,1614,0.0
207,1558,0.0
207,105,0.0
208,12,3.0
208,264,0.0
208,1491,0.0
208,1225,0.0
208,1956,0.0
208,154,0.0
208,1036,0.0
208,1320,0.0
208,895,0.0
208,1857,0.0
208,1521,0.0
208,1620,0.0
208,992,0.0
208,1815,0.0
208,244,0.0
208,1323,0.0
208,1385,0.0
208,1377,0.0
208,1851,0.0
208,1544,0.0
208,385,0.0
208,758,0.0
208,1335,0.0
208,413,0.0
208,1301,0.0
208,1773,0.0
208,714,0.0
208,758,0.0
208,746,0.0
208,592,0.0
208,1379,0.0
208,1548,0.0
208,838,0.0
208,15,0.0
208,992,0.0
208,1068,0.0
208,1344,0.0
208,650,0.0
208,1349,0.0
208,147,0.0
208,354,0.0
208,1259,0.0
208,702,0.0
208,612,0.0
208,104,0.0
208,1497,0.0
208,1785,0.0
208,395,0.0
208,1469,0.0
208,605,0.0
209,11,2.0
209,564,0.0
209,1634,0.0
209,1270,0.0
209,1059,0.0
209,1424,0.0
209,27,0.0
209,219,0.0
209,405,0.0
209,1637,0.0
209,1798,0.0
209,270,0.0
209,1759,0.0
209,1674,0.0
209,791,0.0
209,1534,0.0
209,962,0.0
209,1309,0.0
209,1477,0.0
209,1785,0.0
209,833,0.0
209,316,0.0
209,1613,0.0
209,1320,0.0
209,337,0.0
209,1330,0.0
209,1451,0.0
209,350,0.0
209,510,0.0
209,524,0.0
209,1881,0.0
209,491,0.0
209,1931,0.0
209,1617,0.0
209,8,0.0
209,1520,0.0
209,1748,0.0
209,1583,0.0
209,560,0.0
209,1844,0.0
209,439,0.0
209,1575,0.0
209,1898,0.0
209,791,0.0
209,1761,0.0
209,1991,0.0
209,1131,0.0
209,1268,0.0
209,1278,0.0
209,32,0.0
210,1170,2.5
210,1187,0.0
210,831,0.0
210,1520,0.0
210,609,0.0
210,15,0.0
210,1367,0.0
210,1101,0.0
210,1369,0.0
210,71,0.0
210,269,0.0
210,286,0.0
210,65,0.0
210,879,0.0
210,67,0.0
210,1216,0.0
210,1078,0.0
210,979,0.0
210,1402,0.0
210,973,0.0
210,1191,0.0
210,1432,0.0
210,507,0.0
210,1560,0.0
210,1666,0.0
210,836,0.0
210,1125,0.0
210,885,0.0
210,793,0.0
210,1831,0.0
210,1829,0.0
210,421,0.0
210,1987,0.0
210,774,0.0
210,477,0.0
210,925,0.0
210,119,0.0
210,1938,0.0
210,1766,0.0
210,1314,0.0
210,487,0.0
210,1184,0.0
210,1696,0.0
210,77,0.0
210,1061,0.0
210,1417,0.0
210,440,0.0
210,1563,0.0
210,461,0.0
210,611,0.0
211,9,3.0
211,1172,0.0
211,1607,0.0
211,1515,0.0
211,1011,0.0
211,1249,0.0
211,585,0.0
211,1842,0.0
211,168,0.0
211,760,0.0
211,791,0.0
211,999,0.0
211,151,0.0
211,1015,0.0
211,223,0.0
211,503,0.0
211,1760,0.0
211,1573,0.0
211,43,0.0
211,696,0.0
211,503,0.0
211,2034,0.0
211,1978,0.0
211,1264,0.0
211,929,0.0
211,842,0.0
211,350,0.0
211,1745,0.0
211,22,0.0
211,1659,0.0
211,597,0.0
211,1066,0.0
211,465,0.0
211,39,0.0
211,302,0.0
211,1704,0.0
211,174,0.0
211,998,0.0
211,1555,0.0
211,1484,0.0
211,620,0.0
211,1216,0.0
211,243,0.0
211,835,0.0
211,279,0.0
211,1763,0.0
211,1059,0.0
211,556,0.0
211,897,0.0
211,1563,0.0
212,234,2.0
212,1082,0.0
212,95,0.0
212,1285,0.0
212,353,0.0
212,1335,0.0
212,1159,0.0
212,1885,0.0
212,1818,0.0
212,966,0.0
212,922,0.0
212,472,0.0
212,1655,0.0
212,429,0.0
212,1960,0.0
212,974,0.0
212,536,0.0
212,1877,0.0
212,1169,0.0
212,1547,0.0
212,86,0.0
212,1970,0.0
212,108,0.0
212,1446,0.0
212,1368,0.0
212,1289,0.0
212,1757,0.0
212,1609,0.0
212,993,0.0
212,1517,0.0
212,1356,0.0
212,821,0.0
212,1436,0.0
212,1637,0.0
212,936,0.0
212,1004,0.0
212,648,0.0
212,190,0.0
212,1996,0.0
212,932,0.0
212,141,0.0
212,1892,0.0
212,1096,0.0
212,839,0.0
212,1190,0.0
212,167,0.0
212,565,0.0
212,1282,0.0
212,1462,0.0
212,2039,0.0
213,507,3.0
213,50,0.0
213,499,0.0
213,368,0.0
213,723,0.0
213,1679,0.0
213,356,0.0
213,1026,0.0
213,1277,0.0
213,1498,0.0
213,846,0.0
213,1529,0.0
213,255,0.0
213,1633,0.0
213,1708,0.0
213,1173,0.0
213,1511,0.0
213,278,0.0
213,1082,0.0
213,445,0.0
213,112,0.0
213,835,0.0
213,754,0.0
213,1845,0.0
213,1592,0.0
213,1512,0.0
213,1430,0.0
213,366,0.0
213,1083,0.0
213,328,0.0
213,727,0.0
213,1492,0.0
213,1768,0.0
213,1005,0.0
213,1590,0.0
213,1908,0.0
213,719,0.0
213,1086,0.0
213,183,0.0
213,1022,0.0
213,310,0.0
213,1816,0.0
213,1561,0.0
213,176,0.0
213,1598,0.0
213,1452,0.0
213,1096,0.0
213,846,0.0
213,1190,0.0
213,1248,0.0
214,213,3.5
214,1339,0.0
214,1189,0.0
214,1675,0.0
214,1226,0.0
214,1519,0.0
214,1779,0.0
214,1648,0.0
214,467,0.0
214,712,0.0
214,384,0.0
214,313,0.0
214,770,0.0
214,1278,0.0
214,958,0.0
214,916,0.0
214,22,0.0
214,1928,0.0
214,1781,0.0
214,338,0.0
214,1516,0.0
214,822,0.0
214,1534,0.0
214,365,0.0
214,1395,0.0
214,914,0.0
214,1853,0.0
214,1622,0.0
214,1242,0.0
214,474,0.0
214,1446,0.0
214,1379,0.0
214,1483,0.0
214,1526,0.0
214,26,0.0
214,941,0.0
214,801,0.0
214,800,0.0
214,859,0.0
214,1246,0.0
214,863,0.0
214,689,0.0
214,1171,0.0
214,1447,0.0
214,738,0.0
214,1374,0.0
214,1209,0.0
214,414,0.0
214,1829,0.0
214,981,0.0
215,1,4.0
215,1006,0.0
215,1766,0.0
215,1501,0.0
215,261,0.0
215,579,0.0
215,1202,0.0
215,356,0.0
215,1442,0.0
215,697,0.0
215,1976,0.0
215,1224,0.0
215,1925,0.0
215,1036,0.0
215,442,0.0
215,725,0.0
215,1755,0.0
215,285,0.0
215,1779,0.0
215,1891,0.0
215,1281,0.0
215,569,0.0
215,1571,0.0
215,839,0.0
215,1964,0.0
215,1513,0.0
215,497,0.0
215,1928,0.0
215,1917,0.0
215,704,0.0
215,1356,0.0
215,561,0.0
215,1998,0.0
215,31,0.0
215,1633,0.0
215,42,0.0
215,1916,0.0
215,1374,0.0
215,1357,0.0
215,1845,0.0
215,558,0.0
215,269,0.0
215,1967,0.0
215,1846,0.0
215,1436,0.0
215,942,0.0
215,1598,0.0
215,1042,0.0
215,1370,0.0
215,1928,0.0
216,83,3.0
216,1310,0.0
216,1192,0.0
216,1443,0.0
216,1070,0.0
216,1066,0.0
216,1344,0.0
216,817,0.0
216,220,0.0
216,1536,0.0
216,1735,0.0
216,1464,0.0
216,143,0.0
216,889,0.0
216,1051,0.0
216,1877,0.0
216,1873,0.0
216,789,0.0
216,552,0.0
216,843,0.0
216,658,0.0
216,1880,0.0
216,1713,0.0
216,1850,0.0
216,836,0.0
216,1018,0.0
216,1953,0.0
216,1190,0.0
216,1658,0.0
216,1609,0.0
216,750,0.0
216,248,0.0
216,774,0.0
216,763,0.0
216,1380,0.0
216,1134,0.0
216,691,0.0
216,1723,0.0
216,819,0.0
216,718,0.0
216,233,0.0
216,23,0.0
216,1049,0.0
216,1404,0.0
216,1753,0.0
216,1005,0.0
216,1369,0.0
216,1401,0.0
216,521,0.0
216,16,0.0
217,233,3.0
217,775,0.0
217,624,0.0
217,1452,0.0
217,1681,0.0
217,1751,0.0
217,255,0.0
217,827,0.0
217,1013,0.0
217,1851,0.0
217,1897,0.0
217,1793,0.0
217,1729,0.0
217,1370,0.0
217,1549,0.0
217,1327,0.0
217,614,0.0
217,244,0.0
217,756,0.0
217,823,0.0
217,779,0.0
217,1759,0.0
217,731,0.0
217,1846,0.0
217,1435,0.0
217,877,0.0
217,1240,0.0
217,515,0.0
217,473,0.0
217,35,0.0
217,1201,0.0
217,1410,0.0
217,1792,0.0
217,1040,0.0
217,1734,0.0
217,829,0.0
217,1071,0.0
217,1085,0.0
217,1092,0.0
217,1682,0.0
217,1894,0.0
217,365,0.0
217,1185,0.0
217,1762,0.0
217,944,0.0
217,975,0.0
217,1511,0.0
217,2033,0.0
217,430,0.0
217,2022,0.0
218,243,2.0
218,780,0.0
218,895,0.0
218,919,0.0
218,1674,0.0
218,563,0.0
218,2034,0.0
218,1552,0.0
218,1700,0.0
218,12,0.0
218,1725,0.0
218,986,0.0
218,339,0.0
218,864,0.0
218,1897,0.0
218,1887,0.0
218,1799,0.0
218,311,0.0
218,732,0.0
218,1127,0.0
218,338,0.0
218,1221,0.0
218,299,0.0
218,1467,0.0
218,358,0.0
218,1391,0.0
218,168,0.0
218,1172,0.0
218,760,0.0
218,767,0.0
218,981,0.0
218,41,0.0
218,201,0.0
218,969,0.0
218,1267,0.0
218,1692,0.0
218,463,0.0
218,448,0.0
218,912,0.0
218,797,0.0
218,793,0.0
218,436,0.0
218,1916,0.0
218,1773,0.0
218,530,0.0
218,564,0.0
218,1620,0.0
218,1296,0.0
218,1453,0.0
218,871,0.0
219,1,3.0
219,809,0.0
219,505,0.0
219,1709,0.0
219,1096,0.0
219,83,0.0
219,58,0.0
219,1044,0.0
219,1481,0.0
219,917,0.0
219,156,0.0
219,1854,0.0
219,1352,0.0
219,1596,0.0
219,575,0.0
219,836,0.0
219,679,0.0
219,202,0.0
219,1664,0.0
219,1780,0.0
219,1129,0.0
219,1856,0.0
219,1145,0.0
219,317,0.0
219,1205,0.0
219,1638,0.0
219,1339,0.0
219,1837,0.0
219,1796,0.0
219,1648,0.0
219,405,0.0
219,985,0.0
219,948,0.0
219,1093,0.0
219,1183,0.0
219,1263,0.0
219,1546,0.0
219,1161,0.0
219,494,0.0
219,678,0.0
219,1270,0.0
219,1889,0.0
219,1566,0.0
219,1547,0.0
219,1266,0.0
219,1643,0.0
219,1359,0.0
219,1445,0.0
219,834,0.0
219,193,0.0
220,236,3.0
220,941,0.0
220,527,0.0
220,397,0.0
220,1288,0.0
220,1774,0.0
220,1286,0.0
220,1421,0.0
220,1669,0.0
220,1748,0.0
220,1550,0.0
220,435,0.0
220,839,0.0
220,1953,0.0
220,359,0.0
220,1152,0.0
220,863,0.0
220,633,0.0
220,1264,0.0
220,1650,0.0
220,1732,0.0
220,1245,0.0
220,213,0.0
220,915,0.0
220,591,0.0
220,1798,0.0
220,134,0.0
220,1841,0.0
220,753,0.0
220,385,0.0
220,1326,0.0
220,1805,0.0
220,1310,0.0
220,1585,0.0
220,1212,0.0
220,1320,0.0
220,1549,0.0
220,388,0.0
220,1482,0.0
220,743,0.0
220,1284,0.0
220,703,0.0
220,924,0.0
220,1738,0.0
220,772,0.0
220,1136,0.0
220,1909,0.0
220,863,0.0
220,1059,0.0
220,78,0.0
221,83,4.0
221,1999,0.0
221,1171,0.0
221,1495,0.0
221,2018,0.0
221,171,0.0
221,1586,0.0
221,530,0.0
221,1143,0.0
221,1859,0.0
221,1760,0.0
221,65,0.0
221,140,0.0
221,445,0.0
221,1529,0.0
221,188,0.0
221,2028,0.0
221,157,0.0
221,1633,0.0
221,669,0.0
221,1970,0.0
221,245,0.0
221,855,0.0
221,943,0.0
221,747,0.0
221,1056,0.0
221,1384,0.0
221,1776,0.0
221,329,0.0
221,511,0.0
221,849,0.0
221,1810,0.0
221,1094,0.0
221,1336,0.0
221,1938,0.0
221,1751,0.0
221,78,0.0
221,168,0.0
221,809,0.0
221,982,0.0
221,179,0.0
221,1651,0.0
221,259,0.0
221,1509,0.0
221,1795,0.0
221,1028,0.0
221,296,0.0
221,619,0.0
221,854,0.0
221,359,0.0
222,1,1.5
222,423,0.0
222,314,0.0
222,1151,0.0
222,31,0.0
222,92,0.0
222,518,0.0
222,1281,0.0
222,852,0.0
222,1925,0.0
222,1243,0.0
222,751,0.0
222,1129,0.0
222,1571,0.0
222,415,0.0
222,556,0.0
222,1833,0.0
222,1332,0.0
222,365,0.0
222,1544,0.0
222,1482,0.0
222,598,0.0
222,1393,0.0
222,330,0.0
222,688,0.0
222,1665,0.0
222,1730,0.0
222,10,0.0
222,817,0.0
222,1530,0.0
222,418,0.0
222,1145,0.0
222,910,0.0
222,1258,0.0
222,1354,0.0
222,1566,0.0
222,347,0.0
222,957,0.0
222,411,0.0
222,1247,0.0
222,152,0.0
222,1235,0.0
222,91,0.0
222,1944,0.0
222,330,0.0
222,1490,0.0
222,1883,0.0
222,1664,0.0
222,954,0.0
222,1732,0.0
223,214,4.0
223,831,0.0
223,843,0.0
223,1596,0.0
223,249,0.0
223,2013,0.0
223,1118,0.0
223,1319,0.0
223,183,0.0
223,1283,0.0
223,798,0.0
223,1690,0.0
223,185,0.0
223,2040,0.0
223,1432,0.0
223,1092,0.0
223,837,0.0
223,1796,0.0
223,626,0.0
223,858,0.0
223,7,0.0
223,1288,0.0
223,782,0.0
223,1507,0.0
223,1784,0.0
223,1640,0.0
223,774,0.0
223,1759,0.0
223,1863,0.0
223,1006,0.0
223,1394,0.0
223,1806,0.0
223,676,0.0
223,1106,0.0
223,1830,0.0
223,1669,0.0
223,210,0.0
223,1336,0.0
223,1627,0.0
223,1360,0.0
223,489,0.0
223,1426,0.0
223,638,0.0
223,190,0.0
223,670,0.0
223,842,0.0
223,334,0.0
223,1545,0.0
223,1642,0.0
223,1110,0.0
224,4,4.0
224,722,0.0
224,1644,0.0
224,1817,0.0
224,683,0.0
224,1035,0.0
224,1941,0.0
224,332,0.0
224,1243,0.0
224,1421,0.0
224,1365,0.0
224,1821,0.0
224,511,0.0
224,171,0.0
224,1491,0.0
224,1771,0.0
224,2010,0.0
224,1189,0.0
224,1722,0.0
224,1193,0.0
224,563,0.0
224,511,0.0
224,1854,0.0
224,1212,0.0
224,1143,0.0
224,104,0.0
224,673,0.0
224,806,0.0
224,1064,0.0
224,888,0.0
224,875,0.0
224,676,0.0
224,320,0.0
224,1909,0.0
224,334,0.0
224,1183,0.0
224,263,0.0
224,864,0.0
224,1553,0.0
224,1708,0.0
224,1500,0.0
224,351,0.0
224,1568,0.0
224,1796,0.0
224,1233,0.0
224,1519,0.0
224,1918,0.0
224,2041,0.0
224,1865,0.0
224,1405,0.0
225,209,4.0
225,1442,0.0
225,1932,0.0
225,1230,0.0
225,685,0.0
225,1719,0.0
225,1288,0.0
225,2028,0.0
225,2006,0.0
225,1781,0.0
225,1059,0.0
225,372,0.0
225,1511,0.0
225,1282,0.0
225,993,0.0
225,530,0.0
225,923,0.0
225,22,0.0
225,103,0.0
225,240,0.0
225,1004,0.0
225,902,0.0
225,1896,0.0
225,1739,0.0
225,1276,0.0
225,1165,0.0
225,813,0.0
225,654,0.0
225,1474,0.0
225,782,0.0
225,306,0.0
225,2007,0.0
225,1523,0.0
225,1645,0.0
225,7,0.0
225,1092,0.0
225,1725,0.0
225,1714,0.0
225,574,0.0
225,1091,0.0
225,1741,0.0
225,911,0.0
225,2003,0.0
225,1431,0.0
225,517,0.0
225,1142,0.0
225,1848,0.0
225,1054,0.0
225,1541,0.0
225,482,0.0
226,205,4.0
226,1600,0.0
226,1365,0.0
226,1313,0.0
226,567,0.0
226,1354,0.0
226,258,0.0
226,425,0.0
226,1725,0.0
226,1029,0.0
226,5,0.0
226,190,0.0
226,147,0.0
226,404,0.0
226,257,0.0
226,729,0.0
226,1502,0.0
226,89,0.0
226,823,0.0
226,1887,0.0
226,9,0.0
226,1110,0.0
226,1785,0.0
226,837,0.0
226,1174,0.0
226,987,0.0
226,624,0.0
226,29,0.0
226,127,0.0
226,1101,0.0
226,420,0.0
226,1078,0.0
226,1503,0.0
226,304,0.0
226,545,0.0
226,1128,0.0
226,1195,0.0
226,1522,0.0
226,21,0.0
226,1310,0.0
226,390,0.0
226,616,0.0
226,148,0.0
226,1295,0.0
226,1811,0.0
226,298,0.0
226,171,0.0
226,46,0.0
226,625,0.0
226,1810,0.0
227,242,4.0
227,238,0.0
227,1357,0.0
227,914,0.0
227,1438,0.0
227,968,0.0
227,483,0.0
227,1460,0.0
227,2022,0.0
227,245,0.0
227,1881,0.0
227,1031,0.0
227,151,0.0
227,1415,0.0
227,210,0.0
227,366,0.0
227,943,0.0
227,1693,0.0
227,1593,0.0
227,85,0.0
227,1078,0.0
227,1736,0.0
227,1657,0.0
227,2041,0.0
227,445,0.0
227,619,0.0
227,303,0.0
227,131,0.0
227,1444,0.0
227,903,0.0
227,1408,0.0
227,987,0.0
227,1221,0.0
227,46,0.0
227,1763,0.0
227,756,0.0
227,1226,0.0
227,1284,0.0
227,689,0.0
227,1047,0.0
227,686,0.0
227,785,0.0
227,339,0.0
227,411,0.0
227,1996,0.0
227,1284,0.0
227,285,0.0
227,1536,0.0
227,1109,0.0
227,849,0.0
228,7,3.5
228,1686,0.0
228,622,0.0
228,1951,0.0
228,1801,0.0
228,602,0.0
228,176,0.0
228,448,0.0
228,742,0.0
228,1564,0.0
228,1978,0.0
228,300,0.0
228,706,0.0
228,306,0.0
228,750,0.0
228,868,0.0
228,2014,0.0
228,1919,0.0
228,1290,0.0
228,213,0.0
228,1617,0.0
228,1663,0.0
228,482,0.0
228,1285,0.0
228,1090,0.0
228,1597,0.0
228,132,0.0
228,1672,0.0
228,1563,0.0
228,511,0.0
228,210,0.0
228,987,0.0
228,986,0.0
228,716,0.0
228,252,0.0
228,37,0.0
228,1066,0.0
228,628,0.0
228,1428,0.0
228,986,0.0
228,1725,0.0
228,45,0.0
228,1477,0.0
228,1701,0.0
228,304,0.0
228,1738,0.0
228,2030,0.0
228,232,0.0
228,244,0.0
228,1744,0.0
229,206,3.0
229,1947,0.0
229,2018,0.0
229,518,0.0
229,1981,0.0
229,241,0.0
229,1645,0.0
229,1137,0.0
229,818,0.0
229,301,0.0
229,1299,0.0
229,1119,0.0
229,1317,0.0
229,700,0.0
229,1383,0.0
229,287,0.0
229,153,0.0
229,1593,0.0
229,422,0.0
229,1939,0.0
229,849,0.0
229,49,0.0
229,1230,0.0
229,563,0.0
229,853,0.0
229,882,0.0
229,661,0.0
229,564,0.0
229,212,0.0
229,1089,0.0
229,1255,0.0
229,1908,0.0
229,810,0.0
229,849,0.0
229,1686,0.0
229,1740,0.0
229,1343,0.0
229,1790,0.0
229,2024,0.0
229,1160,0.0
229,880,0.0
229,1670,0.0
229,1960,0.0
229,1589,0.0
229,1088,0.0
229,1537,0.0
229,1155,0.0
229,333,0.0
229,31,0.0
229,867,0.0
230,215,2.5
230,58,0.0
230,770,0.0
230,1552,0.0
230,1101,0.0
230,717,0.0
230,301,0.0
230,1701,0.0
230,802,0.0
230,896,0.0
230,111,0.0
230,1436,0.0
230,1923,0.0
230,316,0.0
230,1888,0.0
230,1168,0.0
230,667,0.0
230,689,0.0
230,1881,0.0
230,1671,0.0
230,1953,0.0
230,1850,0.0
230,17,0.0
230,1374,0.0
230,1978,0.0
230,1178,0.0
230,1807,0.0
230,1529,0.0
230,777,0.0
230,359,0.0
230,331,0.0
230,1941,0.0
230,527,0.0
230,11,0.0
230,1098,0.0
230,211,0.0
230,1714,0.0
230,640,0.0
230,282,0.0
230,1218,0.0
230,779,0.0
230,1053,0.0
230,1032,0.0
230,1332,0.0
230,1468,0.0
230,1333,0.0
230,676,0.0
230,704,0.0
230,425,0.0
230,1840,0.0
231,194,3.5
231,1698,0.0
231,1308,0.0
231,779,0.0
231,1651,0.0
231,81,0.0
231,1067,0.0
231,1729,0.0
231,1793,0.0
231,954,0.0
231,272,0.0
231,393,0.0
231,1809,0.0
231,789,0.0
231,594,0.0
231,57,0.0
231,564,0.0
231,0,0.0
231,215,0.0
231,1340,0.0
231,1251,0.0
231,1496,0.0
231,1507,0.0
231,765,0.0
231,670,0.0
231,1310,0.0
231,510,0.0
231,1601,0.0
231,914,0.0
231,1844,0.0
231,1995,0.0
231,1481,0.0
231,94,0.0
231,492,0.0
231,764,0.0
231,1021,0.0
231,149,0.0
231,1046,0.0
231,755,0.0
231,1238,0.0
231,398,0.0
231,409,0.0
231,130,0.0
231,854,0.0
231,147,0.0
231,380,0.0
231,1132,0.0
231,551,0.0
231,1144,0.0
231,294,0.0
232,246,3.0
232,679,0.0
232,864,0.0
232,1724,0.0
232,1475,0.0
232,1274,0.0
232,323,0.0
232,924,0.0
232,1252,0.0
232,1725,0.0
232,1851,0.0
232,1659,0.0
232,1619,0.0
232,1320,0.0
232,726,0.0
232,1260,0.0
232,977,0.0
232,1648,0.0
232,216,0.0
232,1856,0.0
232,1269,0.0
232,447,0.0
232,1870,0.0
232,318,0.0
232,993,0.0
232,1455,0.0
232,1427,0.0
232,1909,0.0
232,36,0.0
232,1599,0.0
232,730,0.0
232,1365,0.0
232,1010,0.0
232,1412,0.0
232,1057,0.0
232,38,0.0
232,1602,0.0
232,208,0.0
232,829,0.0
232,855,0.0
232,1175,0.0
232,898,0.0
232,1388,0.0
232,1222,0.0
232,600,0.0
232,759,0.0
232,1858,0.0
232,1102,0.0
232,1500,0.0
232,433,0.0
233,241,3.0
233,809,0.0
233,371,0.0
233,759,0.0
233,876,0.0
233,976,0.0
233,1606,0.0
233,155,0.0
233,613,0.0
233,1036,0.0
233,507,0.0
233,464,0.0
233,782,0.0
233,803,0.0
233,219,0.0
233,14,0.0
233,1773,0.0
233,116,0.0
233,330,0.0
233,55,0.0
233,1374,0.0
233,1155,0.0
233,2018,0.0
233,1249,0.0
233,307,0.0
233,1498,0.0
233,1929,0.0
233,221,0.0
233,1196,0.0
233,1363,0.0
233,796,0.0
233,1529,0.0
233,1844,0.0
233,1180,0.0
233,150,0.0
233,1720,0.0
233,1201,0.0
233,1556,0.0
233,111,0.0
233,682,0.0
233,1161,0.0
233,1256,0.0
233,331,0.0
233,1565,0.0
233,892,0.0
233,1330,0.0
233,160,0.0
233,1425,0.0
233,1613,0.0
233,277,0.0
234,214,3.5
234,1841,0.0
234,704,0.0
234,721,0.0
234,1401,0.0
234,445,0.0
234,743,0.0
234,426,0.0
234,1719,0.0
234,503,0.0
234,1550,0.0
234,1967,0.0
234,1840,0.0
234,720,0.0
234,683,0.0
234,1801,0.0
234,1555,0.0
234,581,0.0
234,1543,0.0
234,1964,0.0
234,1057,0.0
234,735,0.0
234,690,0.0
234,757,0.0
234,1513,0.0
234,1795,0.0
234,1643,0.0
234,753,0.0
234,1446,0.0
234,1491,0.0
234,23,0.0
234,1239,0.0
234,54,0.0
234,1049,0.0
234,1304,0.0
234,803,0.0
234,326,0.0
234,969,0.0
234,185,0.0
234,494,0.0
234,1035,0.0
234,1664,0.0
234,1907,0.0
234,433,0.0
234,1944,0.0
234,207,0.0
234,132,0.0
234,1362,0.0
234,1219,0.0
234,1285,0.0
235,204,4.0
235,38,0.0
235,1275,0.0
235,1666,0.0
235,925,0.0
235,1826,0.0
235,761,0.0
235,1976,0.0
235,1436,0.0
235,945,0.0
235,1469,0.0
235,51,0.0
235,373,0.0
235,1549,0.0
235,930,0.0
235,155,0.0
235,1977,0.0
235,1565,0.0
235,1113,0.0
235,1926,0.0
235,678,0.0
235,350,0.0
235,68,0.0
235,1186,0.0
235,1265,0.0
235,1518,0.0
235,1406,0.0
235,1075,0.0
235,653,0.0
235,62,0.0
235,508,0.0
235,291,0.0
235,1114,0.0
235,1687,0.0
235,1447,0.0
235,1692,0.0
235,820,0.0
235,1388,0.0
235,149,0.0
235,1863,0.0
235,1294,0.0
235,880,0.0
235,1604,0.0
235,1139,0.0
235,703,0.0
235,515,0.0
235,1610,0.0
235,1937,0.0
235,1833,0.0
235,1264,0.0
236,4,2.0
236,419,0.0
236,663,0.0
236,94,0.0
236,1465,0.0
236,1958,0.0
236,1581,0.0
236,972,0.0
236,649,0.0
236,2006,0.0
236,1489,0.0
236,287,0.0
236,1888,0.0
236,1699,0.0
236,411,0.0
236,399,0.0
236,527,0.0
236,1041,0.0
236,135,0.0
236,2025,0.0
236,1487,0.0
236,758,0.0
236,1271,0.0
236,842,0.0
236,709,0.0
236,1024,0.0
236,1725,0.0
236,380,0.0
236,508,0.0
236,1483,0.0
236,1528,0.0
236,805,0.0
236,475,0.0
236,1580,0.0
236,953,0.0
236,848,0.0
236,896,0.0
236,31,0.0
236,1927,0.0
236,117,0.0
236,1831,0.0
236,1207,0.0
236,190,0.0
236,1770,0.0
236,1773,0.0
236,1751,0.0
236,73,0.0
236,622,0.0
236,1126,0.0
236,870,0.0
237,342,2.5
237,1000,0.0
237,730,0.0
237,256,0.0
237,184,0.0
237,144,0.0
237,2031,0.0
237,1713,0.0
237,2017,0.0
237,1037,0.0
237,245,0.0
237,2038,0.0
237,186,0.0
237,1360,0.0
237,1282,0.0
237,865,0.0
237,39,0.0
237,600,0.0
237,1660,0.0
237,961,0.0
237,1441,0.0
237,985,0.0
237,1374,0.0
237,8,0.0
237,349,0.0
237,83,0.0
237,532,0.0
237,988,0.0
237,1816,0.0
237,357,0.0
237,377,0.0
237,171,0.0
237,1048,0.0
237,392,0.0
237,1126,0.0
237,701,0.0
237,1259,0.0
237,1433,0.0
237,1848,0.0
237,548,0.0
237,783,0.0
237,1828,0.0
237,331,0.0
237,1687,0.0
237,793,0.0
237,1555,0.0
237,648,0.0
237,982,0.0
237,1894,0.0
237,1052,0.0
238,215,0.5
238,1529,0.0
238,1212,0.0
238,1499,0.0
238,1346,0.0
238,595,0.0
238,1993,0.0
238,1203,0.0
238,1809,0.0
238,1204,0.0
238,958,0.0
238,1716,0.0
238,1012,0.0
238,1818,0.0
238,1310,0.0
238,474,0.0
238,617,0.0
238,640,0.0
238,261,0.0
238,1546,0.0
238,161,0.0
238,1510,0.0
238,2003,0.0
238,1982,0.0
238,180,0.0
238,724,0.0
238,468,0.0
238,1809,0.0
238,20,0.0
238,1298,0.0
238,259,0.0
238,1356,0.0
238,465,0.0
238,1139,0.0
238,1436,0.0
238,536,0.0
238,951,0.0
238,1868,0.0
238,765,0.0
238,958,0.0
238,1946,0.0
238,1979,0.0
238,1746,0.0
238,1840,0.0
238,1856,0.0
238,933,0.0
238,850,0.0
238,1971,0.0
238,1280,0.0
238,1191,0.0
239,254,3.0
239,1348,0.0
239,847,0.0
239,654,0.0
239,297,0.0
239,493,0.0
239,545,0.0
239,303,0.0
239,1490,0.0
239,903,0.0
239,238,0.0
239,649,0.0
239,1789,0.0
239,1540,0.0
239,883,0.0
239,1199,0.0
239,1908,0.0
239,409,0.0
239,725,0.0
239,1387,0.0
239,1046,0.0
239,317,0.0
239,524,0.0
239,904,0.0
239,1776,0.0
239,1299,0.0
239,1023,0.0
239,1627,0.0
239,619,0.0
239,952,0.0
239,1252,0.0
239,1687,0.0
239,1131,0.0
239,800,0.0
239,915,0.0
239,1979,0.0
239,1199,0.0
239,319,0.0
239,1309,0.0
239,875,0.0
239,328,0.0
239,1900,0.0
239,752,0.0
239,656,0.0
239,1379,0.0
239,1037,0.0
239,1298,0.0
239,70,0.0
239,826,0.0
239,1218,0.0
240,209,3.0
240,99,0.0
240,1852,0.0
240,1135,0.0
240,307,0.0
240,677,0.0
240,474,0.0
240,1571,0.0
240,111,0.0
240,1110,0.0
240,182,0.0
240,596,0.0
240,1804,0.0
240,164,0.0
240,814,0.0
240,89,0.0
240,2023,0.0
240,454,0.0
240,237,0.0
240,2022,0.0
240,533,0.0
240,1702,0.0
240,726,0.0
240,57,0.0
240,541,0.0
240,1937,0.0
240,1021,0.0
240,617,0.0
240,401,0.0
240,1005,0.0
240,841,0.0
240,1702,0.0
240,1885,0.0
240,1689,0.0
240,838,0.0
240,518,0.0
240,196,0.0
240,1856,0.0
240,45,0.0
240,529,0.0
240,1420,0.0
240,1688,0.0
240,999,0.0
240,775,0.0
240,73,0.0
240,1439,0.0
240,1680,0.0
240,1637,0.0
240,334,0.0
240,1870,0.0
241,658,3.5
241,609,0.0
241,916,0.0
241,541,0.0
241,1625,0.0
241,147,0.0
241,655,0.0
241,66,0.0
241,1968,0.0
241,1892,0.0
241,569,0.0
241,2023,0.0
241,1963,0.0
241,1816,0.0
241,1302,0.0
241,747,0.0
241,442,0.0
241,896,0.0
241,1888,0.0
241,398,0.0
241,1151,0.0
241,1360,0.0
241,481,0.0
241,1744,0.0
241,947,0.0
241,185,0.0
241,168,0.0
241,1707,0.0
241,1283,0.0
241,1740,0.0
241,1987,0.0
241,1670,0.0
241,1581,0.0
241,506,0.0
241,520,0.0
241,1494,0.0
241,160,0.0
241,1312,0.0
241,339,0.0
241,1923,0.0
241,1856,0.0
241,1525,0.0
241,1129,0.0
241,1825,0.0
241,1498,0.0
241,1876,0.0
241,1623,0.0
241,1486,0.0
241,1506,0.0
241,703,0.0
242,241,4.0
242,1071,0.0
242,1854,0.0
242,267,0.0
242,726,0.0
242,801,0.0
242,253,0.0
242,956,0.0
242,869,0.0
242,86,0.0
242,1204,0.0
242,1048,0.0
242,1981,0.0
242,1411,0.0
242,221,0.0
242,989,0.0
242,396,0.0
242,937,0.0
242,510,0.0
242,560,0.0
242,845,0.0
242,439,0.0
242,1198,0.0
242,1927,0.0
242,310,0.0
242,2007,0.0
242,1297,0.0
242,34,0.0
242,216,0.0
242,720,0.0
242,1695,0.0
242,1015,0.0
242,1431,0.0
242,518,0.0
242,268,0.0
242,637,0.0
242,474,0.0
242,1903,0.0
242,1348,0.0
242,1379,0.0
242,89,0.0
242,1065,0.0
242,1388,0.0
242,1694,0.0
242,1225,0.0
242,1389,0.0
242,1817,0.0
242,981,0.0
242,1867,0.0
242,287,0.0
243,251,3.0
243,1374,0.0
243,1131,0.0
243,1263,0.0
243,215,0.0
243,176,0.0
243,1588,0.0
243,1353,0.0
243,560,0.0
243,880,0.0
243,625,0.0
243,1473,0.0
243,606,0.0
243,1470,0.0
243,1560,0.0
243,1667,0.0
243,178,0.0
243,394,0.0
243,1168,0.0
243,875,0.0
243,961,0.0
243,197,0.0
243,968,0.0
243,1860,0.0
243,1107,0.0
243,668,0.0
243,1108,0.0
243,456,0.0
243,1499,0.0
243,1276,0.0
243,1910,0.0
243,71,0.0
243,222,0.0
243,275,0.0
243,1818,0.0
243,1799,0.0
243,1269,0.0
243,1364,0.0
243,572,0.0
243,923,0.0
243,470,0.0
243,453,0.0
243,1794,0.0
243,1988,0.0
243,968,0.0
243,6,0.0
243,187,0.0
243,3,0.0
243,1766,0.0
243,1668,0.0
244,6,3.5
244,1770,0.0
244,1928,0.0
244,1791,0.0
244,1430,0.0
244,1130,0.0
244,172,0.0
244,505,0.0
244,1153,0.0
244,397,0.0
244,293,0.0
244,551,0.0
244,1470,0.0
244,849,0.0
244,1039,0.0
244,1662,0.0
244,884,0.0
244,1372,0.0
244,1003,0.0
244,1226,0.0
244,133,0.0
244,770,0.0
244,1549,0.0
244,507,0.0
244,1089,0.0
244,479,0.0
244,862,0.0
244,458,0.0
244,1365,0.0
244,1730,0.0
244,625,0.0
244,158,0.0
244,160,0.0
244,1277,0.0
244,2007,0.0
244,1920,0.0
244,939,0.0
244,1550,0.0
244,1572,0.0
244,154,0.0
244,485,0.0
244,431,0.0
244,1050,0.0
244,1003,0.0
244,1035,0.0
244,66,0.0
244,541,0.0
244,95,0.0
244,214,0.0
244,193,0.0
245,10,3.5
245,50,0.0
245,1392,0.0
245,1937,0.0
245,1706,0.0
245,1803,0.0
245,1538,0.0
245,209,0.0
245,887,0.0
245,997,0.0
245,1926,0.0
245,992,0.0
245,1925,0.0
245,849,0.0
245,1836,0.0
245,1918,0.0
245,1877,0.0
245,626,0.0
245,678,0.0
245,1458,0.0
245,776,0.0
245,1250,0.0
245,662,0.0
245,267,0.0
245,115,0.0
245,1623,0.0
245,1853,0.0
245,753,0.0
245,1383,0.0
245,1352,0.0
245,1868,0.0
245,1063,0.0
245,181,0.0
245,1513,0.0
245,1232,0.0
245,902,0.0
245,1296,0.0
245,1142,0.0
245,1405,0.0
245,945,0.0
245,1559,0.0
245,257,0.0
245,1506,0.0
245,508,0.0
245,91,0.0
245,2002,0.0
245,1184,0.0
245,148,0.0
245,116,0.0
245,457,0.0
246,244,3.0
246,262,0.0
246,149,0.0
246,1656,0.0
246,689,0.0
246,812,0.0
246,1353,0.0
246,1143,0.0
246,1607,0.0
246,218,0.0
246,905,0.0
246,1933,0.0
246,1837,0.0
246,1146,0.0
246,243,0.0
246,885,0.0
246,586,0.0
246,517,0.0
246,1044,0.0
246,189,0.0
246,1248,0.0
246,914,0.0
246,614,0.0
246,855,0.0
246,465,0.0
246,98,0.0
246,2035,0.0
246,829,0.0
246,1386,0.0
246,996,0.0
246,1106,0.0
246,1716,0.0
246,1687,0.0
246,55,0.0
246,1725,0.0
246,1953,0.0
246,1045,0.0
246,579,0.0
246,184,0.0
246,521,0.0
246,1601,0.0
246,263,0.0
246,1248,0.0
246,1658,0.0
246,1061,0.0
246,1002,0.0
246,122,0.0
246,1853,0.0
246,1179,0.0
246,1929,0.0
247,0,2.5
247,130,0.0
247,1293,0.0
247,1963,0.0
247,813,0.0
247,60,0.0
247,163,0.0
247,1548,0.0
247,271,0.0
247,1743,0.0
247,1781,0.0
247,132,0.0
247,1267,0.0
247,2008,0.0
247,1829,0.0
247,997,0.0
247,1457,0.0
247,37,0.0
247,1894,0.0
247,1591,0.0
247,1342,0.0
247,1533,0.0
247,1399,0.0
247,1583,0.0
247,616,0.0
247,473,0.0
247,58,0.0
247,588,0.0
247,1963,0.0
247,498,0.0
247,1241,0.0
247,1918,0.0
247,566,0.0
247,566,0.0
247,1152,0.0
247,903,0.0
247,382,0.0
247,1411,0.0
247,84,0.0
247,1533,0.0
247,1749,0.0
247,626,0.0
247,1460,0.0
247,825,0.0
247,292,0.0
247,1072,0.0
247,1090,0.0
247,786,0.0
247,128,0.0
247,28,0.0
248,250,3.0
248,953,0.0
248,514,0.0
248,1842,0.0
248,754,0.0
248,1591,0.0
248,72,0.0
248,9,0.0
248,1596,0.0
248,2029,0.0
248,561,0.0
248,121,0.0
248,686,0.0
248,2009,0.0
248,512,0.0
248,989,0.0
248,440,0.0
248,1061,0.0
248,701,0.0
248,590,0.0
248,1368,0.0
248,1989,0.0
248,1361,0.0
248,1984,0.0
248,1725,0.0
248,1207,0.0
248,66,0.0
248,16,0.0
248,1406,0.0
248,367,0.0
248,903,0.0
248,1339,0.0
248,1520,0.0
248,1831,0.0
248,720,0.0
248,1368,0.0
248,957,0.0
248,1576,0.0
248,907,0.0
248,988,0.0
248,472,0.0
248,114,0.0
248,99,0.0
248,1908,0.0
248,437,0.0
248,1368,0.0
248,348,0.0
248,138,0.0
248,827,0.0
248,323,0.0
249,205,4.0
249,1232,0.0
249,1524,0.0
249,1486,0.0
249,585,0.0
249,1250,0.0
249,374,0.0
249,1523,0.0
249,947,0.0
249,92,0.0
249,1483,0.0
249,1600,0.0
249,320,0.0
249,1033,0.0
249,913,0.0
249,1326,0.0
249,1345,0.0
249,1840,0.0
249,1479,0.0
249,1301,0.0
249,1621,0.0
249,1561,0.0
249,1753,0.0
249,1416,0.0
249,916,0.0
249,94,0.0
249,1779,0.0
249,958,0.0
249,1130,0.0
249,1413,0.0
249,1783,0.0
249,1549,0.0
249,1696,0.0
249,70,0.0
249,663,0.0
249,968,0.0
249,586,0.0
249,1399,0.0
249,726,0.0
249,367,0.0
249,50,0.0
249,1921,0.0
249,1166,0.0
249,1442,0.0
249,1571,0.0
249,1523,0.0
249,1909,0.0
249,987,0.0
249,1190,0.0
249,1771,0.0
250,232,3.0
250,1401,0.0
250,135,0.0
250,1813,0.0
250,105,0.0
250,518,0.0
250,1941,0.0
250,813,0.0
250,1565,0.0
250,125,0.0
250,1380,0.0
250,399,0.0
250,78,0.0
250,388,0.0
250,1602,0.0
250,1558,0.0
250,1724,0.0
250,73,0.0
250,1028,0.0
250,1942,0.0
250,1486,0.0
250,81,0.0
250,1560,0.0
250,775,0.0
250,990,0.0
250,1428,0.0
250,1537,0.0
250,277,0.0
250,839,0.0
250,1878,0.0
250,223,0.0
250,1607,0.0
250,1091,0.0
250,1343,0.0
250,605,0.0
250,18,0.0
250,639,0.0
250,1366,0.0
250,1617,0.0
250,1789,0.0
250,1972,0.0
250,1756,0.0
250,1366,0.0
250,96,0.0
250,1075,0.0
250,174,0.0
250,1361,0.0
250,1717,0.0
250,1963,0.0
250,1376,0.0
251,206,1.5
251,1535,0.0
251,903,0.0
251,729,0.0
251,1245,0.0
251,330,0.0
251,616,0.0
251,403,0.0
251,507,0.0
251,1939,0.0
251,1150,0.0
251,1288,0.0
251,1735,0.0
251,1787,0.0
251,1038,0.0
251,225,0.0
251,983,0.0
251,864,0.0
251,1128,0.0
251,744,0.0
251,492,0.0
251,318,0.0
251,2023,0.0
251,1242,0.0
251,1300,0.0
251,772,0.0
251,1916,0.0
251,1954,0.0
251,1364,0.0
251,451,0.0
251,1392,0.0
251,943,0.0
251,847,0.0
251,1016,0.0
251,2014,0.0
251,1497,0.0
251,1213,0.0
251,883,0.0
251,418,0.0
251,1733,0.0
251,864,0.0
251,788,0.0
251,1871,0.0
251,494,0.0
251,1062,0.0
251,161,0.0
251,2025,0.0
251,120,0.0
251,1915,0.0
251,398,0.0
252,1,3.5
252,402,0.0
252,1130,0.0
252,38,0.0
252,580,0.0
252,179,0.0
252,11,0.0
252,1362,0.0
252,942,0.0
252,1739,0.0
252,547,0.0
252,1149,0.0
252,62,0.0
252,843,0.0
252,1105,0.0
252,1008,0.0
252,1842,0.0
252,2031,0.0
252,1322,0.0
252,33,0.0
252,751,0.0
252,1632,0.0
252,48,0.0
252,657,0.0
252,1660,0.0
252,700,0.0
252,1080,0.0
252,1884,0.0
252,108,0.0
252,1540,0.0
252,984,0.0
252,23,0.0
252,220,0.0
252,1983,0.0
252,314,0.0
252,293,0.0
252,1952,0.0
252,1033,0.0
252,1700,0.0
252,1019,0.0
252,1504,0.0
252,1750,0.0
252,1017,0.0
252,637,0.0
252,266,0.0
252,1815,0.0
252,87,0.0
252,454,0.0
252,1649,0.0
252,1556,0.0
253,204,4.0
253,608,0.0
253,142,0.0
253,61,0.0
253,1265,0.0
253,237,0.0
253,1154,0.0
253,1628,0.0
253,2030,0.0
253,1626,0.0
253,1668,0.0
253,1146,0.0
253,1463,0.0
253,926,0.0
253,341,0.0
253,1442,0.0
253,1653,0.0
253,454,0.0
253,1221,0.0
253,281,0.0
253,885,0.0
253,1024,0.0
253,722,0.0
253,1798,0.0
253,1955,0.0
253,1355,0.0
253,1235,0.0
253,86,0.0
253,664,0.0
253,861,0.0
253,1722,0.0
253,60,0.0
253,796,0.0
253,94,0.0
253,785,0.0
253,1576,0.0
253,1170,0.0
253,1269,0.0
253,1667,0.0
253,960,0.0
253,296,0.0
253,1146,0.0
253,1678,0.0
253,693,0.0
253,1727,0.0
253,1479,0.0
253,398,0.0
253,1742,0.0
253,945,0.0
253,1254,0.0
254,215,4.0
254,1373,0.0
254,2030,0.0
254,938,0.0
254,956,0.0
254,1701,0.0
254,1836,0.0
254,893,0.0
254,434,0.0
254,1449,0.0
254,1303,0.0
254,370,0.0
254,1693,0.0
254,932,0.0
254,248,0.0
254,890,0.0
254,180,0.0
254,702,0.0
254,998,0.0
254,1674,0.0
254,77,0.0
254,918,0.0
254,884,0.0
254,335,0.0
254,49,0.0
254,84,0.0
254,1718,0.0
254,694,0.0
254,3,0.0
254,992,0.0
254,1973,0.0
254,316,0.0
254,1134,0.0
254,1357,0.0
254,1874,0.0
254,762,0.0
254,1156,0.0
254,611,0.0
254,2014,0.0
254,1004,0.0
254,913,0.0
254,1707,0.0
254,798,0.0
254,118,0.0
254,349,0.0
254,916,0.0
254,686,0.0
254,541,0.0
254,1078,0.0
254,360,0.0
255,249,1.5
255,25,0.0
255,565,0.0
255,1705,0.0
255,394,0.0
255,1956,0.0
255,1000,0.0
255,1404,0.0
255,522,0.0
255,1562,0.0
255,861,0.0
255,1106,0.0
255,801,0.0
255,549,0.0
255,1468,0.0
255,86,0.0
255,1972,0.0
255,832,0.0
255,386,0.0
255,962,0.0
255,667,0.0
255,1421,0.0
255,1843,0.0
255,285,0.0
255,697,0.0
255,1717,0.0
255,964,0.0
255,368,0.0
255,654,0.0
255,1445,0.0
255,1741,0.0
255,653,0.0
255,696,0.0
255,1466,0.0
255,1776,0.0
255,1543,0.0
255,1023,0.0
255,1607,0.0
255,914,0.0
255,287,0.0
255,94,0.0
255,668,0.0
255,40,0.0
255,330,0.0
255,1836,0.0
255,1804,0.0
255,1178,0.0
255,503,0.0
255,274,0.0
255,1689,0.0
256,1,2.5
256,1795,0.0
256,41,0.0
256,8,0.0
256,999,0.0
256,818,0.0
256,656,0.0
256,1936,0.0
256,1632,0.0
256,1811,0.0
256,1165,0.0
256,789,0.0
256,1459,0.0
256,1050,0.0
256,1066,0.0
256,1154,0.0
256,1239,0.0
256,1629,0.0
256,1543,0.0
256,597,0.0
256,1368,0.0
256,1531,0.0
256,1673,0.0
256,1904,0.0
256,1436,0.0
256,935,0.0
256,1269,0.0
256,1472,0.0
256,1011,0.0
256,20,0.0
256,998,0.0
256,1431,0.0
256,456,0.0
256,1467,0.0
256,2027,0.0
256,1013,0.0
256,1945,0.0
256,264,0.0
256,1683,0.0
256,183,0.0
256,226,0.0
256,1827,0.0
256,2025,0.0
256,1571,0.0
256,1269,0.0
256,1096,0.0
256,1173,0.0
256,1536,0.0
256,1092,0.0
256,968,0.0
257,213,2.0
257,307,0.0
257,1886,0.0
257,1169,0.0
257,1698,0.0
257,1419,0.0
257,690,0.0
257,88,0.0
257,2028,0.0
257,734,0.0
257,777,0.0
257,750,0.0
257,1331,0.0
257,1569,0.0
257,370,0.0
257,450,0.0
257,2029,0.0
257,166,0.0
257,391,0.0
257,1660,0.0
257,735,0.0
257,490,0.0
257,924,0.0
257,1173,0.0
257,1491,0.0
257,1989,0.0
257,1724,0.0
257,1066,0.0
257,944,0.0
257,28,0.0
257,1897,0.0
257,1655,0.0
257,1872,0.0
257,1054,0.0
257,692,0.0
257,1697,0.0
257,127,0.0
257,766,0.0
257,1317,0.0
257,440,0.0
257,868,0.0
257,1411,0.0
257,1789,0.0
257,1665,0.0
257,523,0.0
257,1570,0.0
257,1733,0.0
257,759,0.0
257,109,0.0
257,1351,0.0
258,83,2.0
258,1952,0.0
258,73,0.0
258,253,0.0
258,1041,0.0
258,1954,0.0
258,1021,0.0
258,1066,0.0
258,49,0.0
258,514,0.0
258,743,0.0
258,730,0.0
258,570,0.0
258,1819,0.0
258,1837,0.0
258,575,0.0
258,1605,0.0
258,1326,0.0
258,1165,0.0
258,902,0.0
258,201,0.0
258,206,0.0
258,414,0.0
258,220,0.0
258,1385,0.0
258,757,0.0
258,1104,0.0
258,762,0.0
258,562,0.0
258,1308,0.0
258,368,0.0
258,1515,0.0
258,1934,0.0
258,895,0.0
258,1369,0.0
258,203,0.0
258,1048,0.0
258,956,0.0
258,1576,0.0
258,68,0.0
258,515,0.0
258,1515,0.0
258,239,0.0
258,360,0.0
258,1464,0.0
258,1054,0.0
258,1922,0.0
258,1652,0.0
258,706,0.0
258,1625,0.0
259,209,3.5
259,352,0.0
259,691,0.0
259,674,0.0
259,630,0.0
259,324,0.0
259,900,0.0
259,1251,0.0
259,1168,0.0
259,1972,0.0
259,307,0.0
259,653,0.0
259,1657,0.0
259,284,0.0
259,391,0.0
259,1761,0.0
259,359,0.0
259,768,0.0
259,796,0.0
259,931,0.0
259,1970,0.0
259,164,0.0
259,732,0.0
259,580,0.0
259,820,0.0
259,1247,0.0
259,123,0.0
259,1971,0.0
259,343,0.0
259,1874,0.0
259,523,0.0
259,1075,0.0
259,128,0.0
259,1158,0.0
259,656,0.0
259,1150,0.0
259,737,0.0
259,938,0.0
259,70,0.0
259,272,0.0
259,1210,0.0
259,1026,0.0
259,1308,0.0
259,21,0.0
259,165,0.0
259,1333,0.0
259,874,0.0
259,1500,0.0
259,497,0.0
259,433,0.0
260,238,2.5
260,1120,0.0
260,2023,0.0
260,528,0.0
260,684,0.0
260,1997,0.0
260,612,0.0
260,185,0.0
260,695,0.0
260,1973,0.0
260,214,0.0
260,1274,0.0
260,215,0.0
260,28,0.0
260,101,0.0
260,122,0.0
260,53,0.0
260,1306,0.0
260,1637,0.0
260,1140,0.0
260,615,0.0
260,556,0.0
260,113,0.0
260,854,0.0
260,1566,0.0
260,675,0.0
260,976,0.0
260,700,0.0
260,1316,0.0
260,1218,0.0
260,291,0.0
260,1910,0.0
260,260,0.0
260,1965,0.0
260,1230,0.0
260,563,0.0
260,48,0.0
260,1029,0.0
260,378,0.0
260,1417,0.0
260,1909,0.0
260,223,0.0
260,1046,0.0
260,1007,0.0
260,656,0.0
260,109,0.0
260,723,0.0
260,1835,0.0
260,552,0.0
260,1422,0.0
261,236,4.0
261,1120,0.0
261,250,0.0
261,2030,0.0
261,1542,0.0
261,1115,0.0
261,112,0.0
261,258,0.0
261,106,0.0
261,574,0.0
261,1413,0.0
261,990,0.0
261,1381,0.0
261,1806,0.0
261,1222,0.0
261,426,0.0
261,1501,0.0
261,858,0.0
261,1872,0.0
261,1526,0.0
261,1681,0.0
261,917,0.0
261,1596,0.0
261,1143,0.0
261,1596,0.0
261,1332,0.0
261,1561,0.0
261,626,0.0
261,474,0.0
261,551,0.0
261,343,0.0
261,627,0.0
261,135,0.0
261,276,0.0
261,2012,0.0
261,1834,0.0
261,1556,0.0
261,1922,0.0
261,30,0.0
261,246,0.0
261,410,0.0
261,2029,0.0
261,26,0.0
261,72,0.0
261,1976,0.0
261,1120,0.0
261,672,0.0
261,1369,0.0
261,475,0.0
261,1323,0.0
262,231,3.0
262,393,0.0
262,1044,0.0
262,1828,0.0
262,1550,0.0
262,1366,0.0
262,717,0.0
262,1998,0.0
262,201,0.0
262,119,0.0
262,1672,0.0
262,1835,0.0
262,1830,0.0
262,388,0.0
262,1560,0.0
262,1847,0.0
262,233,0.0
262,1656,0.0
262,601,0.0
262,1343,0.0
262,711,0.0
262,981,0.0
262,1203,0.0
262,856,0.0
262,1391,0.0
262,75,0.0
262,648,0.0
262,649,0.0
262,495,0.0
262,1545,0.0
262,1224,0.0
262,829,0.0
262,1369,0.0
262,482,0.0
262,1242,0.0
262,1083,0.0
262,990,0.0
262,1682,0.0
262,618,0.0
262,549,0.0
262,645,0.0
262,1934,0.0
262,1244,0.0
262,1838,0.0
262,1964,0.0
262,501,0.0
262,1156,0.0
262,845,0.0
262,52,0.0
262,449,0.0
263,241,2.5
263,1612,0.0
263,1927,0.0
263,634,0.0
263,204,0.0
263,739,0.0
263,1093,0.0
263,1253,0.0
263,1503,0.0
263,532,0.0
263,107,0.0
263,875,0.0
263,1264,0.0
263,250,0.0
263,134,0.0
263,1113,0.0
263,1614,0.0
263,1463,0.0
263,688,0.0
263,1321,0.0
263,406,0.0
263,1331,0.0
263,101,0.0
263,1384,0.0
263,1870,0.0
263,1647,0.0
263,692,0.0
263,1639,0.0
263,1551,0.0
263,1631,0.0
263,1316,0.0
263,1169,0.0
263,403,0.0
263,813,0.0
263,1025,0.0
263,1142,0.0
263,854,0.0
263,1629,0.0
263,1214,0.0
263,1026,0.0
263,941,0.0
263,1020,0.0
263,1510,0.0
263,1646,0.0
263,176,0.0
263,1280,0.0
263,872,0.0
263,1557,0.0
263,476,0.0
263,397,0.0
264,879,3.5
264,1699,0.0
264,588,0.0
264,1849,0.0
264,1439,0.0
264,136,0.0
264,358,0.0
264,1743,0.0
264,753,0.0
264,1602,0.0
264,1139,0.0
264,403,0.0
264,1225,0.0
264,1399,0.0
264,249,0.0
264,445,0.0
264,953,0.0
264,277,0.0
264,111,0.0
264,1986,0.0
264,1866,0.0
264,1496,0.0
264,745,0.0
264,687,0.0
264,391,0.0
264,968,0.0
264,142,0.0
264,1055,0.0
264,180,0.0
264,578,0.0
264,1539,0.0
264,797,0.0
264,268,0.0
264,1259,0.0
264,1300,0.0
264,552,0.0
264,632,0.0
264,2029,0.0
264,274,0.0
264,742,0.0
264,1839,0.0
264,85,0.0
264,1086,0.0
264,403,0.0
264,191,0.0
264,1316,0.0
264,1054,0.0
264,1353,0.0
264,1681,0.0
264,106,0.0
265,347,3.5
265,1193,0.0
265,127,0.0
265,1197,0.0
265,1972,0.0
265,1049,0.0
265,572,0.0
265,510,0.0
265,487,0.0
265,890,0.0
265,578,0.0
265,949,0.0
265,405,0.0
265,1049,0.0
265,1106,0.0
265,2027,0.0
265,363,0.0
265,1390,0.0
265,1083,0.0
265,550,0.0
265,1658,0.0
265,291,0.0
265,788,0.0
265,1960,0.0
265,1909,0.0
265,815,0.0
265,1817,0.0
265,190,0.0
265,460,0.0
265,1827,0.0
265,663,0.0
265,1919,0.0
265,232,0.0
265,473,0.0
265,1428,0.0
265,657,0.0
265,270,0.0
265,1870,0.0
265,1157,0.0
265,170,0.0
265,1438,0.0
265,27,0.0
265,135,0.0
265,924,0.0
265,404,0.0
265,976,0.0
265,887,0.0
265,1528,0.0
265,1264,0.0
265,855,0.0
266,5,3.5
266,167,0.0
266,367,0.0
266,535,0.0
266,1948,0.0
266,962,0.0
266,1900,0.0
266,579,0.0
266,1393,0.0
266,1729,0.0
266,1619,0.0
266,949,0.0
266,1460,0.0
266,206,0.0
266,1072,0.0
266,543,0.0
266,1852,0.0
266,1705,0.0
266,128,0.0
266,1470,0.0
266,613,0.0
266,34,0.0
266,818,0.0
266,198,0.0
266,1836,0.0
266,76,0.0
266,368,0.0
266,832,0.0
266,525,0.0
266,348,0.0
266,505,0.0
266,642,0.0
266,237,0.0
266,1303,0.0
266,1600,0.0
266,1455,0.0
266,137,0.0
266,1292,0.0
266,1763,0.0
266,1224,0.0
266,1165,0.0
266,611,0.0
266,1673,0.0
266,679,0.0
266,1942,0.0
266,1634,0.0
266,1846,0.0
266,1854,0.0
266,838,0.0
266,937,0.0
267,1239,4.0
267,511,0.0
267,249,0.0
267,888,0.0
267,1023,0.0
267,598,0.0
267,1839,0.0
267,752,0.0
267,599,0.0
267,974,0.0
267,482,0.0
267,835,0.0
267,171,0.0
267,868,0.0
267,16,0.0
267,1758,0.0
267,1317,0.0
267,393,0.0
267,1845,0.0
267,1521,0.0
267,1242,0.0
267,233,0.0
267,1413,0.0
267,247,0.0
267,1925,0.0
267,51,0.0
267,14,0.0
267,1347,0.0
267,440,0.0
267,1135,0.0
267,2037,0.0
267,695,0.0
267,1895,0.0
267,6,0.0
267,1586,0.0
267,825,0.0
267,1776,0.0
267,1268,0.0
267,1471,0.0
267,1388,0.0
267,1390,0.0
267,1945,0.0
267,1721,0.0
267,1310,0.0
267,1985,0.0
267,1627,0.0
267,1129,0.0
267,1036,0.0
267,1169,0.0
267,477,0.0
268,11,1.5
268,792,0.0
268,783,0.0
268,1267,0.0
268,1550,0.0
268,225,0.0
268,464,0.0
268,642,0.0
268,1730,0.0
268,292,0.0
268,720,0.0
268,1974,0.0
268,1404,0.0
268,1648,0.0
268,755,0.0
268,165,0.0
268,1726,0.0
268,768,0.0
268,1862,0.0
268,1241,0.0
268,1006,0.0
268,870,0.0
268,1298,0.0
268,1075,0.0
268,1397,0.0
268,1693,0.0
268,1386,0.0
268,566,0.0
268,1037,0.0
268,1804,0.0
268,1363,0.0
268,601,0.0
268,1562,0.0
268,1112,0.0
268,904,0.0
268,40,0.0
268,1327,0.0
268,1291,0.0
268,1161,0.0
268,1029,0.0
268,241,0.0
268,161,0.0
268,1018,0.0
268,691,0.0
268,808,0.0
268,978,0.0
268,517,0.0
268,897,0.0
268,782,0.0
268,1424,0.0
269,5,3.0
269,1383,0.0
269,1284,0.0
269,1146,0.0
269,230,0.0
269,949,0.0
269,636,0.0
269,111,0.0
269,1807,0.0
269,592,0.0
269,1269,0.0
269,858,0.0
269,390,0.0
269,2035,0.0
269,391,0.0
269,327,0.0
269,1238,0.0
269,1887,0.0
269,746,0.0
269,366,0.0
269,81,0.0
269,805,0.0
269,821,0.0
269,1099,0.0
269,1550,0.0
269,1755,0.0
269,1526,0.0
269,1765,0.0
269,1969,0.0
269,951,0.0
269,1502,0.0
269,371,0.0
269,1288,0.0
269,263,0.0
269,109,0.0
269,1938,0.0
269,306,0.0
269,1223,0.0
269,225,0.0
269,184,0.0
269,963,0.0
269,30,0.0
269,613,0.0
269,1794,0.0
269,98,0.0
269,1362,0.0
269,810,0.0
269,1820,0.0
269,1289,0.0
269,651,0.0
270,253,3.0
270,1753,0.0
270,205,0.0
270,1849,0.0
270,488,0.0
270,1404,0.0
270,1991,0.0
270,880,0.0
270,1334,0.0
270,1398,0.0
270,631,0.0
270,591,0.0
270,1065,0.0
270,532,0.0
270,521,0.0
270,824,0.0
270,1176,0.0
270,1335,0.0
270,1317,0.0
270,597,0.0
270,112,0.0
270,1724,0.0
270,1135,0.0
270,1198,0.0
270,1845,0.0
270,1325,0.0
270,1987,0.0
270,1539,0.0
270,733,0.0
270,1985,0.0
270,1244,0.0
270,1194,0.0
270,317,0.0
270,995,0.0
270,212,0.0
270,252,0.0
270,123,0.0
270,1663,0.0
270,1236,0.0
270,623,0.0
270,1108,0.0
270,1539,0.0
270,1088,0.0
270,1341,0.0
270,1369,0.0
270,1655,0.0
270,1266,0.0
270,897,0.0
270,1160,0.0
270,246,0.0
271,248,3.0
271,1832,0.0
271,1800,0.0
271,7,0.0
271,1195,0.0
271,1977,0.0
271,1383,0.0
271,194,0.0
271,1292,0.0
271,1042,0.0
271,353,0.0
271,1887,0.0
271,1072,0.0
271,463,0.0
271,355,0.0
271,849,0.0
271,973,0.0
271,1181,0.0
271,65,0.0
271,1996,0.0
271,858,0.0
271,570,0.0
271,1844,0.0
271,307,0.0
271,1360,0.0
271,1694,0.0
271,782,0.0
271,120,0.0
271,765,0.0
271,1427,0.0
271,772,0.0
271,1670,0.0
271,1809,0.0
271,1591,0.0
271,1866,0.0
271,95,0.0
271,1137,0.0
271,986,0.0
271,2009,0.0
271,1892,0.0
271,1452,0.0
271,539,0.0
271,1841,0.0
271,1,0.0
271,1235,0.0
271,579,0.0
271,1663,0.0
271,332,0.0
271,1047,0.0
271,1788,0.0
272,3,2.0
272,598,0.0
272,710,0.0
272,869,0.0
272,1983,0.0
272,1184,0.0
272,1163,0.0
272,1516,0.0
272,1611,0.0
272,1554,0.0
272,392,0.0
272,841,0.0
272,400,0.0
272,49,0.0
272,743,0.0
272,1318,0.0
272,1448,0.0
272,905,0.0
272,1035,0.0
272,1358,0.0
272,990,0.0
272,1038,0.0
272,27,0.0
272,387,0.0
272,1315,0.0
272,1910,0.0
272,832,0.0
272,249,0.0
272,2027,0.0
272,1528,0.0
272,97,0.0
272,1838,0.0
272,1360,0.0
272,1062,0.0
272,1061,0.0
272,1323,0.0
272,178,0.0
272,1632,0.0
272,891,0.0
272,1492,0.0
272,1305,0.0
272,749,0.0
272,1187,0.0
272,452,0.0
272,96,0.0
272,1792,0.0
272,308,0.0
272,261,0.0
272,292,0.0
272,1793,0.0
273,11,3.0
273,1570,0.0
273,721,0.0
273,1321,0.0
273,1668,0.0
273,1306,0.0
273,1528,0.0
273,1221,0.0
273,957,0.0
273,1055,0.0
273,647,0.0
273,759,0.0
273,870,0.0
273,1364,0.0
273,1681,0.0
273,1357,0.0
273,142,0.0
273,1769,0.0
273,1433,0.0
273,948,0.0
273,43,0.0
273,31,0.0
273,1766,0.0
273,27,0.0
273,1019,0.0
273,422,0.0
273,490,0.0
273,159,0.0
273,844,0.0
273,1230,0.0
273,17,0.0
273,1126,0.0
273,1605,0.0
273,1654,0.0
273,1674,0.0
273,671,0.0
273,231,0.0
273,1683,0.0
273,1888,0.0
273,423,0.0
273,903,0.0
273,754,0.0
273,1570,0.0
273,836,0.0
273,893,0.0
273,1890,0.0
273,238,0.0
273,1357,0.0
273,148,0.0
273,622,0.0
274,3,3.5
274,70,0.0
274,877,0.0
274,740,0.0
274,945,0.0
274,1086,0.0
274,1320,0.0
274,244,0.0
274,518,0.0
274,392,0.0
274,771,0.0
274,1624,0.0
274,1200,0.0
274,1227,0.0
274,1669,0.0
274,1617,0.0
274,2023,0.0
274,1556,0.0
274,910,0.0
274,1151,0.0
274,1218,0.0
274,1217,0.0
274,183,0.0
274,246,0.0
274,1896,0.0
274,1895,0.0
274,323,0.0
274,159,0.0
274,705,0.0
274,621,0.0
274,924,0.0
274,65,0.0
274,929,0.0
274,253,0.0
274,282,0.0
274,1083,0.0
274,117,0.0
274,422,0.0
274,555,0.0
274,2021,0.0
274,1745,0.0
274,35,0.0
274,530,0.0
274,90,0.0
274,1324,0.0
274,1747,0.0
274,1940,0.0
274,1942,0.0
274,1757,0.0
274,1240,0.0
275,1,3.5
275,505,0.0
275,1144,0.0
275,1157,0.0
275,1841,0.0
275,719,0.0
275,1985,0.0
275,1394,0.0
275,256,0.0
275,1720,0.0
275,1821,0.0
275,953,0.0
275,1898,0.0
275,1203,0.0
275,932,0.0
275,1071,0.0
275,1622,0.0
275,896,0.0
275,18,0.0
275,1069,0.0
275,450,0.0
275,897,0.0
275,1079,0.0
275,740,0.0
275,1680,0.0
275,1115,0.0
275,81,0.0
275,736,0.0
275,78,0.0
275,1685,0.0
275,1896,0.0
275,282,0.0
275,1334,0.0
275,996,0.0
275,159,0.0
275,1339,0.0
275,1900,0.0
275,2002,0.0
275,1691,0.0
275,1179,0.0
275,887,0.0
275,1737,0.0
275,467,0.0
275,1944,0.0
275,852,0.0
275,461,0.0
275,853,0.0
275,116,0.0
275,1689,0.0
275,363,0.0
276,1,4.0
276,1498,0.0
276,22,0.0
276,805,0.0
276,171,0.0
276,834,0.0
276,317,0.0
276,907,0.0
276,797,0.0
276,990,0.0
276,854,0.0
276,1216,0.0
276,680,0.0
276,915,0.0
276,1141,0.0
276,1029,0.0
276,842,0.0
276,482,0.0
276,131,0.0
276,1116,0.0
276,1786,0.0
276,1545,0.0
276,1586,0.0
276,860,0.0
276,293,0.0
276,640,0.0
276,999,0.0
276,391,0.0
276,248,0.0
276,1637,0.0
276,1872,0.0
276,1618,0.0
276,702,0.0
276,1440,0.0
276,1166,0.0
276,1260,0.0
276,286,0.0
276,276,0.0
276,386,0.0
276,1405,0.0
276,449,0.0
276,290,0.0
276,1192,0.0
276,442,0.0
276,655,0.0
276,1207,0.0
276,1068,0.0
276,1778,0.0
276,826,0.0
276,1969,0.0
277,4,4.0
277,874,0.0
277,1753,0.0
277,1628,0.0
277,1156,0.0
277,1162,0.0
277,668,0.0
277,1516,0.0
277,846,0.0
277,69,0.0
277,815,0.0
277,1038,0.0
277,1770,0.0
277,1235,0.0
277,1825,0.0
277,1083,0.0
277,1275,0.0
277,445,0.0
277,1025,0.0
277,1771,0.0
277,1359,0.0
277,18,0.0
277,2017,0.0
277,560,0.0
277,1101,0.0
277,471,0.0
277,27,0.0
277,559,0.0
277,607,0.0
277,1188,0.0
277,457,0.0
277,944,0.0
277,1900,0.0
277,1199,0.0
277,1608,0.0
277,983,0.0
277,867,0.0
277,1015,0.0
277,28,0.0
277,1979,0.0
277,668,0.0
277,825,0.0
277,815,0.0
277,278,0.0
277,282,0.0
277,1502,0.0
277,1002,0.0
277,1542,0.0
277,304,0.0
277,693,0.0
278,16,3.0
278,87,0.0
278,924,0.0
278,1647,0.0
278,110,0.0
278,583,0.0
278,1177,0.0
278,1486,0.0
278,1592,0.0
278,768,0.0
278,1179,0.0
278,1648,0.0
278,1341,0.0
278,1582,0.0
278,237,0.0
278,333,0.0
278,105,0.0
278,1505,0.0
278,1722,0.0
278,1694,0.0
278,1733,0.0
278,381,0.0
278,688,0.0
278,260,0.0
278,1822,0.0
278,1316,0.0
278,1358,0.0
278,654,0.0
278,819,0.0
278,2026,0.0
278,708,0.0
278,475,0.0
278,1248,0.0
278,906,0.0
278,554,0.0
278,1477,0.0
278,662,0.0
278,1319,0.0
278,574,0.0
278,641,0.0
278,1790,0.0
278,462,0.0
278,854,0.0
278,1237,0.0
278,584,0.0
278,942,0.0
278,615,0.0
278,157,0.0
278,271,0.0
278,1850,0.0
279,336,4.0
279,373,0.0
279,707,0.0
279,202,0.0
279,46,0.0
279,462,0.0
279,1693,0.0
279,407,0.0
279,1217,0.0
279,426,0.0
279,929,0.0
279,1814,0.0
279,316,0.0
279,1502,0.0
279,420,0.0
279,1292,0.0
279,1504,0.0
279,1734,0.0
279,1759,0.0
279,262,0.0
279,1449,0.0
279,165,0.0
279,1715,0.0
279,427,0.0
279,1727,0.0
279,396,0.0
279,1239,0.0
279,795,0.0
279,1887,0.0
279,106,0.0
279,2001,0.0
279,97,0.0
279,1903,0.0
279,1505,0.0
279,1522,0.0
279,1253,0.0
279,1280,0.0
279,42,0.0
279,241,0.0
279,1577,0.0
279,94,0.0
279,1969,0.0
279,1789,0.0
279,187,0.0
279,384,0.0
279,818,0.0
279,1423,0.0
279,1529,0.0
279,1190,0.0
279,1806,0.0
280,7,1.5
280,1638,0.0
280,1568,0.0
280,496,0.0
280,982,0.0
280,1112,0.0
280,996,0.0
280,1434,0.0
280,896,0.0
280,1876,0.0
280,826,0.0
280,1264,0.0
280,777,0.0
280,222,0.0
280,1771,0.0
280,1688,0.0
280,467,0.0
280,568,0.0
280,1345,0.0
280,374,0.0
280,1135,0.0
280,526,0.0
280,411,0.0
280,268,0.0
280,625,0.0
280,1275,0.0
280,1011,0.0
280,1397,0.0
280,1677,0.0
280,1649,0.0
280,449,0.0
280,801,0.0
280,2018,0.0
280,1892,0.0
280,1560,0.0
280,1391,0.0
280,821,0.0
280,254,0.0
280,1486,0.0
280,1291,0.0
280,125,0.0
280,1416,0.0
280,761,0.0
280,798,0.0
280,1357,0.0
280,2012,0.0
280,564,0.0
280,1391,0.0
280,1578,0.0
280,1701,0.0
281,11,3.0
281,1069,0.0
281,1072,0.0
281,1472,0.0
281,809,0.0
281,1430,0.0
281,1903,0.0
281,1306,0.0
281,472,0.0
281,415,0.0
281,978,0.0
281,599,0.0
281,1144,0.0
281,1026,0.0
281,1339,0.0
281,459,0.0
281,1250,0.0
281,78,0.0
281,1680,0.0
281,1777,0.0
281,1567,0.0
281,774,0.0
281,1746,0.0
281,1094,0.0
281,895,0.0
281,1220,0.0
281,57,0.0
281,1447,0.0
281,1492,0.0
281,623,0.0
281,47,0.0
281,1458,0.0
281,1208,0.0
281,1902,0.0
281,838,0.0
281,164,0.0
281,1750,0.0
281,1354,0.0
281,329,0.0
281,1144,0.0
281,212,0.0
281,1846,0.0
281,506,0.0
281,1576,0.0
281,1888,0.0
281,915,0.0
281,800,0.0
281,167,0.0
281,994,0.0
281,1569,0.0
282,251,2.5
282,2038,0.0
282,1031,0.0
282,4,0.0
282,1385,0.0
282,693,0.0
282,111,0.0
282,1003,0.0
282,272,0.0
282,421,0.0
282,264,0.0
282,1481,0.0
282,211,0.0
282,1101,0.0
282,781,0.0
282,665,0.0
282,1244,0.0
282,368,0.0
282,957,0.0
282,346,0.0
282,24,0.0
282,975,0.0
282,1443,0.0
282,1377,0.0
282,1743,0.0
282,416,0.0
282,514,0.0
282,214,0.0
282,1930,0.0
282,1135,0.0
282,953,0.0
282,1727,0.0
282,913,0.0
282,1582,0.0
282,2024,0.0
282,427,0.0
282,732,0.0
282,698,0.0
282,1585,0.0
282,1732,0.0
282,215,0.0
282,412,0.0
282,1756,0.0
282,379,0.0
282,1625,0.0
282,231,0.0
282,834,0.0
282,257,0.0
282,1688,0.0
282,1279,0.0
283,248,2.0
283,1958,0.0
283,321,0.0
283,805,0.0
283,1704,0.0
283,1126,0.0
283,1889,0.0
283,882,0.0
283,1063,0.0
283,234,0.0
283,831,0.0
283,1112,0.0
283,1123,0.0
283,143,0.0
283,2040,0.0
283,1105,0.0
283,588,0.0
283,1594,0.0
283,228,0.0
283,1626,0.0
283,1889,0.0
283,1418,0.0
283,1536,0.0
283,1804,0.0
283,1821,0.0
283,1220,0.0
283,273,0.0
283,589,0.0
283,652,0.0
283,1823,0.0
283,582,0.0
283,967,0.0
283,1585,0.0
283,1990,0.0
283,371,0.0
283,1904,0.0
283,1103,0.0
283,1258,0.0
283,1310,0.0
283,818,0.0
283,1690,0.0
283,571,0.0
283,544,0.0
283,1460,0.0
283,126,0.0
283,732,0.0
283,1735,0.0
283,416,0.0
283,637,0.0
283,40,0.0
284,233,2.5
284,215,0.0
284,724,0.0
284,1839,0.0
284,711,0.0
284,1887,0.0
284,1566,0.0
284,1825,0.0
284,1878,0.0
284,984,0.0
284,1158,0.0
284,1106,0.0
284,390,0.0
284,1070,0.0
284,391,0.0
284,717,0.0
284,384,0.0
284,380,0.0
284,1100,0.0
284,1282,0.0
284,1972,0.0
284,603,0.0
284,933,0.0
284,1970,0.0
284,398,0.0
284,99,0.0
284,1524,0.0
284,382,0.0
284,706,0.0
284,1215,0.0
284,1603,0.0
284,1924,0.0
284,1777,0.0
284,1625,0.0
284,1368,0.0
284,9,0.0
284,263,0.0
284,1291,0.0
284,831,0.0
284,629,0.0
284,761,0.0
284,1594,0.0
284,194,0.0
284,2010,0.0
284,561,0.0
284,1430,0.0
284,1319,0.0
284,1913,0.0
284,96,0.0
284,461,0.0
285,212,2.5
285,898,0.0
285,452,0.0
285,888,0.0
285,850,0.0
285,169,0.0
285,829,0.0
285,697,0.0
285,1080,0.0
285,1263,0.0
285,768,0.0
285,357,0.0
285,200,0.0
285,443,0.0
285,1860,0.0
285,826,0.0
285,1325,0.0
285,1129,0.0
285,1825,0.0
285,100,0.0
285,1120,0.0
285,1688,0.0
285,937,0.0
285,28,0.0
285,1529,0.0
285,664,0.0
285,1461,0.0
285,1402,0.0
285,72,0.0
285,253,0.0
285,1986,0.0
285,1934,0.0
285,515,0.0
285,748,0.0
285,1573,0.0
285,1043,0.0
285,1648,0.0
285,534,0.0
285,420,0.0
285,445,0.0
285,878,0.0
285,135,0.0
285,1528,0.0
285,1956,0.0
285,1783,0.0
285,1324,0.0
285,1632,0.0
285,32,0.0
285,646,0.0
285,1790,0.0
286,16,3.5
286,1619,0.0
286,1053,0.0
286,2023,0.0
286,576,0.0
286,1047,0.0
286,983,0.0
286,1966,0.0
286,722,0.0
286,221,0.0
286,601,0.0
286,1641,0.0
286,683,0.0
286,741,0.0
286,924,0.0
286,1612,0.0
286,579,0.0
286,1900,0.0
286,400,0.0
286,1888,0.0
286,900,0.0
286,1627,0.0
286,511,0.0
286,87,0.0
286,1488,0.0
286,49,0.0
286,102,0.0
286,367,0.0
286,935,0.0
286,1515,0.0
286,1581,0.0
286,1714,0.0
286,1802,0.0
286,1291,0.0
286,1420,0.0
286,1343,0.0
286,1543,0.0
286,1472,0.0
286,1800,0.0
286,1499,0.0
286,897,0.0
286,1613,0.0
286,908,0.0
286,1263,0.0
286,257,0.0
286,1731,0.0
286,1995,0.0
286,1967,0.0
286,1865,0.0
286,1666,0.0
287,4,4.0
287,899,0.0
287,1429,0.0
287,1744,0.0
287,277,0.0
287,2000,0.0
287,205,0.0
287,1613,0.0
287,912,0.0
287,327,0.0
287,1633,0.0
287,857,0.0
287,876,0.0
287,861,0.0
287,2005,0.0
287,335,0.0
287,605,0.0
287,591,0.0
287,1061,0.0
287,1013,0.0
287,1943,0.0
287,1251,0.0
287,1506,0.0
287,1157,0.0
287,707,0.0
287,977,0.0
287,1413,0.0
287,1817,0.0
287,1636,0.0
287,2010,0.0
287,424,0.0
287,586,0.0
287,805,0.0
287,1533,0.0
287,719,0.0
287,1618,0.0
287,1450,0.0
287,948,0.0
287,654,0.0
287,473,0.0
287,567,0.0
287,1384,0.0
287,1975,0.0
287,1822,0.0
287,210,0.0
287,1976,0.0
287,1202,0.0
287,1943,0.0
287,1081,0.0
287,1096,0.0
288,12,3.0
288,439,0.0
288,1286,0.0
288,1208,0.0
288,1078,0.0
288,1331,0.0
288,515,0.0
288,1322,0.0
288,1575,0.0
288,1253,0.0
288,1400,0.0
288,1309,0.0
288,1161,0.0
288,1501,0.0
288,614,0.0
288,1030,0.0
288,675,0.0
288,1442,0.0
288,1495,0.0
288,1958,0.0
288,419,0.0
288,1900,0.0
288,275,0.0
288,1584,0.0
288,607,0.0
288,570,0.0
288,1766,0.0
288,1712,0.0
288,89,0.0
288,281,0.0
288,1571,0.0
288,1194,0.0
288,637,0.0
288,2018,0.0
288,810,0.0
288,1378,0.0
288,1227,0.0
288,1312,0.0
288,867,0.0
288,461,0.0
288,1632,0.0
288,749,0.0
288,1196,0.0
288,300,0.0
288,599,0.0
288,1934,0.0
288,1886,0.0
288,528,0.0
288,139,0.0
288,1789,0.0
289,248,3.0
289,112,0.0
289,424,0.0
289,917,0.0
289,229,0.0
289,2039,0.0
289,1306,0.0
289,916,0.0
289,1960,0.0
289,1310,0.0
289,154,0.0
289,164,0.0
289,961,0.0
289,1205,0.0
289,1262,0.0
289,648,0.0
289,1362,0.0
289,937,0.0
289,511,0.0
289,931,0.0
289,265,0.0
289,186,0.0
289,1063,0.0
289,1845,0.0
289,1516,0.0
289,1702,0.0
289,390,0.0
289,1283,0.0
289,654,0.0
289,1739,0.0
289,175,0.0
289,773,0.0
289,763,0.0
289,1352,0.0
289,930,0.0
289,1223,0.0
289,710,0.0
289,1219,0.0
289,825,0.0
289,588,0.0
289,530,0.0
289,1085,0.0
289,1350,0.0
289,1929,0.0
289,280,0.0
289,1963,0.0
289,1785,0.0
289,226,0.0
289,638,0.0
289,1081,0.0
290,1,0.5
290,878,0.0
290,1599,0.0
290,1322,0.0
290,759,0.0
290,953,0.0
290,1320,0.0
290,976,0.0
290,1987,0.0
290,1523,0.0
290,1138,0.0
290,1830,0.0
290,0,0.0
290,552,0.0
290,1708,0.0
290,1623,0.0
290,481,0.0
290,1633,0.0
290,599,0.0
290,762,0.0
290,1533,0.0
290,334,0.0
290,464,0.0
290,1164,0.0
290,582,0.0
290,136,0.0
290,1003,0.0
290,1982,0.0
290,1634,0.0
290,1686,0.0
290,949,0.0
290,686,0.0
290,166,0.0
290,1366,0.0
290,1433,0.0
290,1792,0.0
290,909,0.0
290,1759,0.0
290,2034,0.0
290,879,0.0
290,841,0.0
290,64,0.0
290,1604,0.0
290,1090,0.0
290,432,0.0
290,1073,0.0
290,1337,0.0
290,1332,0.0
290,1626,0.0
290,114,0.0
291,218,3.0
291,656,0.0
291,1199,0.0
291,1996,0.0
291,2039,0.0
291,663,0.0
291,1717,0.0
291,1398,0.0
291,990,0.0
291,1017,0.0
291,858,0.0
291,1521,0.0
291,84,0.0
291,1899,0.0
291,2038,0.0
291,1406,0.0
291,632,0.0
291,1664,0.0
291,1486,0.0
291,450,0.0
291,517,0.0
291,845,0.0
291,694,0.0
291,549,0.0
291,928,0.0
291,115,0.0
291,1637,0.0
291,1031,0.0
291,1241,0.0
291,1742,0.0
291,1613,0.0
291,1903,0.0
291,403,0.0
291,1590,0.0
291,303,0.0
291,1490,0.0
291,1975,0.0
291,2016,0.0
291,739,0.0
291,87,0.0
291,1033,0.0
291,307,0.0
291,433,0.0
291,801,0.0
291,163,0.0
291,1262,0.0
291,1340,0.0
291,995,0.0
291,655,0.0
291,1358,0.0
292,251,0.5
292,31,0.0
292,1516,0.0
292,65,0.0
292,1202,0.0
292,778,0.0
292,1466,0.0
292,915,0.0
292,548,0.0
292,200,0.0
292,1893,0.0
292,48,0.0
292,786,0.0
292,950,0.0
292,1703,0.0
292,262,0.0
292,1156,0.0
292,2030,0.0
292,1833,0.0
292,343,0.0
292,1199,0.0
292,2024,0.0
292,1414,0.0
292,10,0.0
292,200,0.0
292,944,0.0
292,925,0.0
292,1832,0.0
292,2,0.0
292,1237,0.0
292,807,0.0
292,1330,0.0
292,2003,0.0
292,1567,0.0
292,559,0.0
292,1350,0.0
292,1787,0.0
292,198,0.0
292,1939,0.0
292,1624,0.0
292,108,0.0
292,1314,0.0
292,107,0.0
292,1431,0.0
292,551,0.0
292,972,0.0
292,51,0.0
292,111,0.0
292,294,0.0
292,1603,0.0
293,254,1.0
293,1236,0.0
293,1366,0.0
293,60,0.0
293,1899,0.0
293,1755,0.0
293,1084,0.0
293,818,0.0
293,1701,0.0
293,523,0.0
293,215,0.0
293,1612,0.0
293,1767,0.0
293,623,0.0
293,577,0.0
293,693,0.0
293,422,0.0
293,715,0.0
293,1446,0.0
293,1394,0.0
293,1229,0.0
293,1309,0.0
293,1128,0.0
293,753,0.0
293,746,0.0
293,687,0.0
293,722,0.0
293,1566,0.0
293,746,0.0
293,241,0.0
293,1514,0.0
293,664,0.0
293,707,0.0
293,1521,0.0
293,434,0.0
293,780,0.0
293,483,0.0
293,1470,0.0
293,383,0.0
293,1533,0.0
293,169,0.0
293,1020,0.0
293,949,0.0
293,868,0.0
293,322,0.0
293,847,0.0
293,1497,0.0
293,1255,0.0
293,695,0.0
293,358,0.0
294,254,3.5
294,1477,0.0
294,1723,0.0
294,1593,0.0
294,770,0.0
294,1185,0.0
294,300,0.0
294,305,0.0
294,1,0.0
294,270,0.0
294,420,0.0
294,1166,0.0
294,699,0.0
294,863,0.0
294,1876,0.0
294,959,0.0
294,2000,0.0
294,993,0.0
294,1759,0.0
294,1009,0.0
294,878,0.0
294,691,0.0
294,1558,0.0
294,866,0.0
294,1060,0.0
294,106,0.0
294,1320,0.0
294,1764,0.0
294,1848,0.0
294,1120,0.0
294,280,0.0
294,1133,0.0
294,548,0.0
294,551,0.0
294,1620,0.0
294,1837,0.0
294,187,0.0
294,751,0.0
294,869,0.0
294,1511,0.0
294,1377,0.0
294,18,0.0
294,858,0.0
294,1416,0.0
294,1860,0.0
294,1284,0.0
294,984,0.0
294,409,0.0
294,1426,0.0
294,1693,0.0
295,5,3.5
295,1802,0.0
295,43,0.0
295,1493,0.0
295,488,0.0
295,180,0.0
295,1100,0.0
295,373,0.0
295,627,0.0
295,956,0.0
295,66,0.0
295,1548,0.0
295,1115,0.0
295,1781,0.0
295,778,0.0
295,650,0.0
295,1876,0.0
295,1267,0.0
295,340,0.0
295,902,0.0
295,1808,0.0
295,1327,0.0
295,397,0.0
295,702,0.0
295,1471,0.0
295,96,0.0
295,1354,0.0
295,1228,0.0
295,448,0.0
295,1441,0.0
295,1672,0.0
295,76,0.0
295,895,0.0
295,548,0.0
295,797,0.0
295,1448,0.0
295,1452,0.0
295,1508,0.0
295,814,0.0
295,1021,0.0
295,134,0.0
295,653,0.0
295,1277,0.0
295,1583,0.0
295,1278,0.0
295,645,0.0
295,1825,0.0
295,719,0.0
295,1522,0.0
295,612,0.0
296,238,2.5
296,699,0.0
296,1647,0.0
296,451,0.0
296,412,0.0
296,1957,0.0
296,1774,0.0
296,475,0.0
296,255,0.0
296,1173,0.0
296,126,0.0
296,391,0.0
296,1854,0.0
296,479,0.0
296,992,0.0
296,1420,0.0
296,922,0.0
296,401,0.0
296,273,0.0
296,844,0.0
296,2005,0.0
296,1981,0.0
296,1933,0.0
296,138,0.0
296,102,0.0
296,1265,0.0
296,1140,0.0
296,1237,0.0
296,483,0.0
296,528,0.0
296,1714,0.0
296,223,0.0
296,1293,0.0
296,2025,0.0
296,1848,0.0
296,1884,0.0
296,1157,0.0
296,113,0.0
296,1464,0.0
296,643,0.0
296,650,0.0
296,1388,0.0
296,1255,0.0
296,457,0.0
296,374,0.0
296,1627,0.0
296,1802,0.0
296,610,0.0
296,206,0.0
296,1543,0.0
297,0,3.5
297,162,0.0
297,59,0.0
297,1948,0.0
297,1054,0.0
297,332,0.0
297,75,0.0
297,1778,0.0
297,316,0.0
297,1793,0.0
297,1440,0.0
297,1991,0.0
297,189,0.0
297,1512,0.0
297,1912,0.0
297,1338,0.0
297,295,0.0
297,500,0.0
297,176,0.0
297,2024,0.0
297,799,0.0
297,805,0.0
297,859,0.0
297,1742,0.0
297,214,0.0
297,1879,0.0
297,652,0.0
297,596,0.0
297,1717,0.0
297,1355,0.0
297,127,0.0
297,1292,0.0
297,550,0.0
297,1558,0.0
297,1777,0.0
297,1389,0.0
297,618,0.0
297,347,0.0
297,141,0.0
297,1168,0.0
297,791,0.0
297,244,0.0
297,1465,0.0
297,702,0.0
297,1313,0.0
297,1714,0.0
297,1135,0.0
297,213,0.0
297,1673,0.0
297,1909,0.0
298,250,2.0
298,321,0.0
298,785,0.0
298,1257,0.0
298,539,0.0
298,251,0.0
298,835,0.0
298,1788,0.0
298,448,0.0
298,1262,0.0
298,489,0.0
298,1905,0.0
298,463,0.0
298,1964,0.0
298,313,0.0
298,1198,0.0
298,1729,0.0
298,1203,0.0
298,1955,0.0
298,384,0.0
298,294,0.0
298,1238,0.0
298,985,0.0
298,1738,0.0
298,761,0.0
298,1897,0.0
298,768,0.0
298,1098,0.0
298,343,0.0
298,1737,0.0
298,141,0.0
298,717,0.0
298,1222,0.0
298,1942,0.0
298,1194,0.0
298,405,0.0
298,1851,0.0
298,227,0.0
298,410,0.0
298,951,0.0
298,897,0.0
298,1958,0.0
298,690,0.0
298,877,0.0
298,786,0.0
298,61,0.0
298,1350,0.0
298,1739,0.0
298,1986,0.0
298,1982,0.0
299,252,3.0
299,1782,0.0
299,772,0.0
299,1214,0.0
299,1564,0.0
299,1071,0.0
299,2031,0.0
299,1273,0.0
299,1249,0.0
299,1295,0.0
299,664,0.0
299,1508,0.0
299,327,0.0
299,796,0.0
299,1203,0.0
299,813,0.0
299,664,0.0
299,745,0.0
299,1046,0.0
299,929,0.0
299,962,0.0
299,1629,0.0
299,1393,0.0
299,1268,0.0
299,1825,0.0
299,1183,0.0
299,372,0.0
299,284,0.0
299,520,0.0
299,1473,0.0
299,696,0.0
299,806,0.0
299,646,0.0
299,1645,0.0
299,1604,0.0
299,135,0.0
299,95,0.0
299,1142,0.0
299,1397,0.0
299,273,0.0
299,1893,0.0
299,877,0.0
299,849,0.0
299,1200,0.0
299,1896,0.0
299,1772,0.0
299,783,0.0
299,1300,0.0
299,1161,0.0
299,1897,0.0
300,83,3.5
300,876,0.0
300,1729,0.0
300,109,0.0
300,1075,0.0
300,1638,0.0
300,612,0.0
300,1677,0.0
300,712,0.0
300,1993,0.0
300,1342,0.0
300,1222,0.0
300,795,0.0
300,2029,0.0
300,728,0.0
300,1069,0.0
300,504,0.0
300,1563,0.0
300,1537,0.0
300,1918,0.0
300,1040,0.0
300,314,0.0
300,1459,0.0
300,1411,0.0
300,76,0.0
300,977,0.0
300,898,0.0
300,1394,0.0
300,1188,0.0
300,1632,0.0
300,1640,0.0
300,1047,0.0
300,711,0.0
300,1058,0.0
300,1537,0.0
300,1824,0.0
300,1867,0.0
300,853,0.0
300,1484,0.0
300,1161,0.0
300,1872,0.0
300,1597,0.0
300,1834,0.0
300,708,0.0
300,1912,0.0
300,1594,0.0
300,264,0.0
300,332,0.0
300,187,0.0
300,1086,0.0
301,209,4.0
301,1807,0.0
301,561,0.0
301,882,0.0
301,155,0.0
301,1347,0.0
301,1371,0.0
301,1144,0.0
301,1979,0.0
301,651,0.0
301,1551,0.0
301,820,0.0
301,1973,0.0
301,560,0.0
301,1187,0.0
301,1085,0.0
301,1363,0.0
301,1689,0.0
301,311,0.0
301,375,0.0
301,1369,0.0
301,149,0.0
301,1911,0.0
301,584,0.0
301,580,0.0
301,976,0.0
301,176,0.0
301,353,0.0
301,513,0.0
301,308,0.0
301,118,0.0
301,1542,0.0
301,766,0.0
301,995,0.0
301,972,0.0
301,915,0.0
301,477,0.0
301,1437,0.0
301,586,0.0
301,350,0.0
301,1529,0.0
301,194,0.0
301,1210,0.0
301,1473,0.0
301,495,0.0
301,514,0.0
301,695,0.0
301,1870,0.0
301,272,0.0
301,879,0.0
302,249,4.0
302,1840,0.0
302,582,0.0
302,157,0.0
302,18,0.0
302,54,0.0
302,1979,0.0
302,1750,0.0
302,1991,0.0
302,720,0.0
302,1044,0.0
302,1305,0.0
302,760,0.0
302,1563,0.0
302,1018,0.0
302,1958,0.0
302,1440,0.0
302,807,0.0
302,722,0.0
302,284,0.0
302,1555,0.0
302,1555,0.0
302,510,0.0
302,1865,0.0
302,1021,0.0
302,1419,0.0
302,119,0.0
302,96,0.0
302,119,0.0
302,1560,0.0
302,1176,0.0
302,1268,0.0
302,1795,0.0
302,1539,0.0
302,392,0.0
302,1166,0.0
302,1527,0.0
302,793,0.0
302,1870,0.0
302,1881,0.0
302,219,0.0
302,838,0.0
302,159,0.0
302,1099,0.0
302,610,0.0
302,1715,0.0
302,638,0.0
302,1055,0.0
302,776,0.0
302,333,0.0
303,12,1.0
303,608,0.0
303,308,0.0
303,400,0.0
303,1343,0.0
303,211,0.0
303,316,0.0
303,184,0.0
303,1228,0.0
303,1387,0.0
303,1239,0.0
303,245,0.0
303,238,0.0
303,2039,0.0
303,1828,0.0
303,1414,0.0
303,519,0.0
303,2006,0.0
303,1613,0.0
303,1859,0.0
303,276,0.0
303,1980,0.0
303,1005,0.0
303,201,0.0
303,213,0.0
303,605,0.0
303,477,0.0
303,507,0.0
303,1999,0.0
303,1098,0.0
303,2005,0.0
303,668,0.0
303,664,0.0
303,1977,0.0
303,141,0.0
303,1613,0.0
303,321,0.0
303,1717,0.0
303,460,0.0
303,706,0.0
303,669,0.0
303,1169,0.0
303,53,0.0
303,1379,0.0
303,276,0.0
303,1844,0.0
303,1618,0.0
303,399,0.0
303,667,0.0
303,515,0.0
304,16,3.5
304,708,0.0
304,964,0.0
304,1285,0.0
304,726,0.0
304,1602,0.0
304,228,0.0
304,1184,0.0
304,426,0.0
304,121,0.0
304,148,0.0
304,851,0.0
304,704,0.0
304,1766,0.0
304,110,0.0
304,1680,0.0
304,1244,0.0
304,1927,0.0
304,63,0.0
304,637,0.0
304,1753,0.0
304,1819,0.0
304,1377,0.0
304,1497,0.0
304,908,0.0
304,1771,0.0
304,1508,0.0
304,12,0.0
304,933,0.0
304,1176,0.0
304,238,0.0
304,1213,0.0
304,662,0.0
304,1109,0.0
304,1044,0.0
304,693,0.0
304,1342,0.0
304,1181,0.0
304,970,0.0
304,963,0.0
304,1504,0.0
304,1902,0.0
304,75,0.0
304,328,0.0
304,1439,0.0
304,1226,0.0
304,1252,0.0
304,151,0.0
304,1798,0.0
304,71,0.0
305,7,3.0
305,1166,0.0
305,739,0.0
305,631,0.0
305,1888,0.0
305,1047,0.0
305,538,0.0
305,944,0.0
305,1098,0.0
305,752,0.0
305,534,0.0
305,672,0.0
305,1064,0.0
305,1773,0.0
305,1774,0.0
305,567,0.0
305,1436,0.0
305,414,0.0
305,448,0.0
305,609,0.0
305,657,0.0
305,2001,0.0
305,1797,0.0
305,435,0.0
305,1575,0.0
305,704,0.0
305,238,0.0
305,1065,0.0
305,733,0.0
305,1731,0.0
305,799,0.0
305,9,0.0
305,746,0.0
305,1860,0.0
305,1288,0.0
305,1604,0.0
305,1468,0.0
305,138,0.0
305,1890,0.0
305,730,0.0
305,195,0.0
305,1097,0.0
305,1638,0.0
305,1248,0.0
305,1658,0.0
305,1125,0.0
305,263,0.0
305,944,0.0
305,919,0.0
305,2022,0.0
306,443,4.0
306,1220,0.0
306,2004,0.0
306,1627,0.0
306,273,0.0
306,855,0.0
306,1017,0.0
306,1183,0.0
306,172,0.0
306,1568,0.0
306,1481,0.0
306,584,0.0
306,1456,0.0
306,928,0.0
306,480,0.0
306,454,0.0
306,195,0.0
306,795,0.0
306,598,0.0
306,1332,0.0
306,1759,0.0
306,555,0.0
306,847,0.0
306,1517,0.0
306,438,0.0
306,649,0.0
306,1805,0.0
306,358,0.0
306,1059,0.0
306,1057,0.0
306,1111,0.0
306,657,0.0
306,15,0.0
306,744,0.0
306,420,0.0
306,552,0.0
306,766,0.0
306,792,0.0
306,1149,0.0
306,1031,0.0
306,1495,0.0
306,1491,0.0
306,879,0.0
306,1885,0.0
306,851,0.0
306,509,0.0
306,1425,0.0
306,1859,0.0
306,1199,0.0
306,1763,0.0
307,4,3.5
307,1744,0.0
307,834,0.0
307,875,0.0
307,941,0.0
307,993,0.0
307,1621,0.0
307,1308,0.0
307,571,0.0
307,53,0.0
307,604,0.0
307,324,0.0
307,969,0.0
307,1481,0.0
307,884,0.0
307,264,0.0
307,381,0.0
307,1236,0.0
307,332,0.0
307,1033,0.0
307,1381,0.0
307,202,0.0
307,1731,0.0
307,57,0.0
307,1517,0.0
307,1533,0.0
307,1791,0.0
307,1246,0.0
307,1392,0.0
307,1715,0.0
307,1441,0.0
307,1897,0.0
307,546,0.0
307,870,0.0
307,102,0.0
307,1184,0.0
307,1223,0.0
307,1183,0.0
307,1718,0.0
307,864,0.0
307,1159,0.0
307,1965,0.0
307,397,0.0
307,1761,0.0
307,391,0.0
307,1778,0.0
307,105,0.0
307,1606,0.0
307,1612,0.0
307,1077,0.0
308,231,4.0
308,135,0.0
308,1437,0.0
308,1100,0.0
308,1871,0.0
308,1985,0.0
308,556,0.0
308,17,0.0
308,1890,0.0
308,1964,0.0
308,402,0.0
308,204,0.0
308,498,0.0
308,323,0.0
308,594,0.0
308,561,0.0
308,1304,0.0
308,1189,0.0
308,1266,0.0
308,1912,0.0
308,478,0.0
308,163,0.0
308,323,0.0
308,1591,0.0
308,550,0.0
308,830,0.0
308,639,0.0
308,1926,0.0
308,633,0.0
308,758,0.0
308,1721,0.0
308,207,0.0
308,314,0.0
308,303,0.0
308,900,0.0
308,238,0.0
308,1750,0.0
308,803,0.0
308,1247,0.0
308,1111,0.0
308,1560,0.0
308,1452,0.0
308,1243,0.0
308,274,0.0
308,1670,0.0
308,2027,0.0
308,953,0.0
308,1768,0.0
308,2000,0.0
308,1089,0.0
309,234,2.0
309,1756,0.0
309,1674,0.0
309,1023,0.0
309,1907,0.0
309,1930,0.0
309,240,0.0
309,1532,0.0
309,665,0.0
309,564,0.0
309,1165,0.0
309,831,0.0
309,975,0.0
309,2039,0.0
309,1929,0.0
309,30,0.0
309,222,0.0
309,1827,0.0
309,265,0.0
309,1305,0.0
309,787,0.0
309,380,0.0
309,555,0.0
309,61,0.0
309,712,0.0
309,846,0.0
309,520,0.0
309,1094,0.0
309,601,0.0
309,1559,0.0
309,139,0.0
309,1339,0.0
309,1363,0.0
309,1911,0.0
309,589,0.0
309,1749,0.0
309,527,0.0
309,540,0.0
309,1439,0.0
309,1490,0.0
309,374,0.0
309,290,0.0
309,42,0.0
309,1887,0.0
309,1910,0.0
309,1076,0.0
309,1811,0.0
309,1906,0.0
309,1255,0.0
309,1235,0.0
310,29,0.5
310,258,0.0
310,867,0.0
310,558,0.0
310,4,0.0
310,1597,0.0
310,2003,0.0
310,595,0.0
310,1668,0.0
310,393,0.0
310,335,0.0
310,62,0.0
310,1816,0.0
310,43,0.0
310,152,0.0
310,1949,0.0
310,1805,0.0
310,853,0.0
310,1706,0.0
310,1179,0.0
310,1501,0.0
310,274,0.0
310,1381,0.0
310,425,0.0
310,1555,0.0
310,482,0.0
310,213,0.0
310,78,0.0
310,138,0.0
310,949,0.0
310,97,0.0
310,1912,0.0
310,663,0.0
310,197,0.0
310,784,0.0
310,155,0.0
310,1073,0.0
310,478,0.0
310,227,0.0
310,1974,0.0
310,1480,0.0
310,521,0.0
310,148,0.0
310,1081,0.0
310,161,0.0
310,862,0.0
310,1500,0.0
310,1130,0.0
310,1450,0.0
310,394,0.0
311,1276,2.5
311,47,0.0
311,2001,0.0
311,1409,0.0
311,1231,0.0
311,1180,0.0
311,1248,0.0
311,1167,0.0
311,1442,0.0
311,1134,0.0
311,1853,0.0
311,874,0.0
311,1897,0.0
311,1488,0.0
311,131,0.0
311,624,0.0
311,1859,0.0
311,1970,0.0
311,600,0.0
311,672,0.0
311,333,0.0
311,1943,0.0
311,1098,0.0
311,1816,0.0
311,1435,0.0
311,1542,0.0
311,1648,0.0
311,35,0.0
311,777,0.0
311,1648,0.0
311,1827,0.0
311,222,0.0
311,1746,0.0
311,529,0.0
311,240,0.0
311,133,0.0
311,1755,0.0
311,390,0.0
311,101,0.0
311,2040,0.0
311,1675,0.0
311,680,0.0
311,497,0.0
311,510,0.0
311,702,0.0
311,993,0.0
311,1560,0.0
311,2000,0.0
311,948,0.0
311,1568,0.0
312,12,2.5
312,630,0.0
312,150,0.0
312,1097,0.0
312,1080,0.0
312,877,0.0
312,334,0.0
312,1275,0.0
312,1942,0.0
312,2039,0.0
312,803,0.0
312,1848,0.0
312,766,0.0
312,1277,0.0
312,1408,0.0
312,1479,0.0
312,258,0.0
312,781,0.0
312,1488,0.0
312,33,0.0
312,1518,0.0
312,325,0.0
312,836,0.0
312,1261,0.0
312,690,0.0
312,2024,0.0
312,1639,0.0
312,1564,0.0
312,738,0.0
312,1489,0.0
312,743,0.0
312,1327,0.0
312,1885,0.0
312,846,0.0
312,116,0.0
312,1230,0.0
312,1935,0.0
312,1720,0.0
312,1504,0.0
312,649,0.0
312,402,0.0
312,996,0.0
312,2033,0.0
312,1858,0.0
312,1699,0.0
312,1923,0.0
312,1610,0.0
312,232,0.0
312,928,0.0
312,1307,0.0
313,10,3.0
313,1926,0.0
313,142,0.0
313,1305,0.0
313,906,0.0
313,639,0.0
313,1701,0.0
313,26,0.0
313,1269,0.0
313,1510,0.0
313,1670,0.0
313,1920,0.0
313,201,0.0
313,1044,0.0
313,1614,0.0
313,669,0.0
313,1117,0.0
313,1031,0.0
313,471,0.0
313,1362,0.0
313,258,0.0
313,54,0.0
313,910,0.0
313,1571,0.0
313,1029,0.0
313,1400,0.0
313,553,0.0
313,1073,0.0
313,111,0.0
313,145,0.0
313,229,0.0
313,1746,0.0
313,496,0.0
313,1329,0.0
313,1565,0.0
313,460,0.0
313,806,0.0
313,1651,0.0
313,1931,0.0
313,225,0.0
313,58,0.0
313,1099,0.0
313,427,0.0
313,727,0.0
313,1155,0.0
313,931,0.0
313,497,0.0
313,815,0.0
313,909,0.0
313,1616,0.0
314,3,4.0
314,1006,0.0
314,785,0.0
314,456,0.0
314,1863,0.0
314,344,0.0
314,734,0.0
314,553,0.0
314,1020,0.0
314,1539,0.0
314,787,0.0
314,1819,0.0
314,935,0.0
314,704,0.0
314,1127,0.0
314,246,0.0
314,811,0.0
314,1046,0.0
314,952,0.0
314,814,0.0
314,1548,0.0
314,143,0.0
314,729,0.0
314,1718,0.0
314,862,0.0
314,1777,0.0
314,1216,0.0
314,464,0.0
314,1807,0.0
314,374,0.0
314,676,0.0
314,691,0.0
314,628,0.0
314,1289,0.0
314,1401,0.0
314,1573,0.0
314,555,0.0
314,862,0.0
314,73,0.0
314,437,0.0
314,880,0.0
314,225,0.0
314,1842,0.0
314,307,0.0
314,965,0.0
314,347,0.0
314,475,0.0
314,1338,0.0
314,524,0.0
314,1448,0.0
315,252,2.5
315,1673,0.0
315,368,0.0
315,1628,0.0
315,231,0.0
315,1425,0.0
315,907,0.0
315,1584,0.0
315,1046,0.0
315,573,0.0
315,1290,0.0
315,840,0.0
315,117,0.0
315,1975,0.0
315,1623,0.0
315,1624,0.0
315,1078,0.0
315,1176,0.0
315,1262,0.0
315,1288,0.0
315,267,0.0
315,1930,0.0
315,112,0.0
315,165,0.0
315,667,0.0
315,1031,0.0
315,713,0.0
315,1240,0.0
315,430,0.0
315,1315,0.0
315,892,0.0
315,1073,0.0
315,106,0.0
315,1032,0.0
315,744,0.0
315,699,0.0
315,1479,0.0
315,322,0.0
315,308,0.0
315,849,0.0
315,621,0.0
315,994,0.0
315,144,0.0
315,739,0.0
315,820,0.0
315,411,0.0
315,113,0.0
315,574,0.0
315,398,0.0
315,1298,0.0
316,7,1.5
316,1440,0.0
316,1225,0.0
316,1088,0.0
316,955,0.0
316,1931,0.0
316,554,0.0
316,732,0.0
316,1040,0.0
316,1859,0.0
316,796,0.0
316,1206,0.0
316,390,0.0
316,43,0.0
316,1996,0.0
316,900,0.0
316,1723,0.0
316,1925,0.0
316,481,0.0
316,2036,0.0
316,1286,0.0
316,1197,0.0
316,1464,0.0
316,565,0.0
316,219,0.0
316,1581,0.0
316,1417,0.0
316,771,0.0
316,1218,0.0
316,408,0.0
316,470,0.0
316,1370,0.0
316,1485,0.0
316,1084,0.0
316,165,0.0
316,671,0.0
316,1174,0.0
316,110,0.0
316,1511,0.0
316,548,0.0
316,1026,0.0
316,1506,0.0
316,1036,0.0
316,1185,0.0
316,343,0.0
316,1472,0.0
316,331,0.0
316,263,0.0
316,82,0.0
316,776,0.0
317,234,4.0
317,1001,0.0
317,463,0.0
317,140,0.0
317,1967,0.0
317,1279,0.0
317,881,0.0
317,1847,0.0
317,455,0.0
317,1975,0.0
317,433,0.0
317,1630,0.0
317,172,0.0
317,472,0.0
317,1978,0.0
317,1446,0.0
317,1019,0.0
317,916,0.0
317,438,0.0
317,1015,0.0
317,1080,0.0
317,497,0.0
317,1637,0.0
317,168,0.0
317,988,0.0
317,1605,0.0
317,1873,0.0
317,560,0.0
317,427,0.0
317,418,0.0
317,1370,0.0
317,1540,0.0
317,454,0.0
317,713,0.0
317,201,0.0
317,178,0.0
317,56,0.0
317,1721,0.0
317,1627,0.0
317,1827,0.0
317,1929,0.0
317,945,0.0
317,2018,0.0
317,500,0.0
317,738,0.0
317,1956,0.0
317,111,0.0
317,1171,0.0
317,1804,0.0
317,714,0.0
318,233,4.0
318,132,0.0
318,448,0.0
318,263,0.0
318,1830,0.0
318,110,0.0
318,1578,0.0
318,849,0.0
318,1261,0.0
318,1914,0.0
318,1480,0.0
318,900,0.0
318,758,0.0
318,1539,0.0
318,1899,0.0
318,860,0.0
318,896,0.0
318,861,0.0
318,1847,0.0
318,1196,0.0
318,192,0.0
318,514,0.0
318,789,0.0
318,967,0.0
318,1591,0.0
318,1809,0.0
318,1432,0.0
318,1711,0.0
318,1651,0.0
318,83,0.0
318,1694,0.0
318,797,0.0
318,79,0.0
318,1601,0.0
318,1232,0.0
318,521,0.0
318,1222,0.0
318,1594,0.0
318,233,0.0
318,1842,0.0
318,243,0.0
318,1914,0.0
318,1416,0.0
318,1589,0.0
318,1469,0.0
318,848,0.0
318,392,0.0
318,8,0.0
318,612,0.0
318,1943,0.0
319,4,0.5
319,1466,0.0
319,882,0.0
319,1441,0.0
319,631,0.0
319,1248,0.0
319,569,0.0
319,1278,0.0
319,175,0.0
319,565,0.0
319,1169,0.0
319,770,0.0
319,1687,0.0
319,1408,0.0
319,261,0.0
319,530,0.0
319,1877,0.0
319,1394,0.0
319,1706,0.0
319,890,0.0
319,1927,0.0
319,1220,0.0
319,947,0.0
319,584,0.0
319,814,0.0
319,1620,0.0
319,1307,0.0
319,301,0.0
319,1155,0.0
319,1143,0.0
319,1751,0.0
319,1159,0.0
319,627,0.0
319,572,0.0
319,528,0.0
319,33,0.0
319,531,0.0
319,1231,0.0
319,1993,0.0
319,1697,0.0
319,1322,0.0
319,1545,0.0
319,1117,0.0
319,1437,0.0
319,370,0.0
319,408,0.0
319,1406,0.0
319,1464,0.0
319,1901,0.0
319,1470,0.0
320,213,4.0
320,1239,0.0
320,432,0.0
320,568,0.0
320,655,0.0
320,355,0.0
320,842,0.0
320,2040,0.0
320,391,0.0
320,578,0.0
320,1298,0.0
320,1517,0.0
320,1640,0.0
320,1474,0.0
320,419,0.0
320,2008,0.0
320,1723,0.0
320,163,0.0
320,778,0.0
320,1586,0.0
320,637,0.0
320,1615,0.0
320,1206,0.0
320,1333,0.0
320,16,0.0
320,445,0.0
320,169,0.0
320,1303,0.0
320,1936,0.0
320,1839,0.0
320,339,0.0
320,725,0.0
320,1733,0.0
320,1542,0.0
320,1933,0.0
320,1034,0.0
320,1547,0.0
320,1645,0.0
320,132,0.0
320,900,0.0
320,639,0.0
320,1171,0.0
320,1589,0.0
320,822,0.0
320,953,0.0
320,78,0.0
320,345,0.0
320,608,0.0
320,1272,0.0
320,638,0.0
321,204,4.0
321,304,0.0
321,1380,0.0
321,1171,0.0
321,1308,0.0
321,656,0.0
321,1865,0.0
321,1896,0.0
321,1941,0.0
321,261,0.0
321,1597,0.0
321,490,0.0
321,737,0.0
321,1054,0.0
321,701,0.0
321,886,0.0
321,1291,0.0
321,11,0.0
321,1214,0.0
321,1423,0.0
321,1560,0.0
321,1941,0.0
321,90,0.0
321,599,0.0
321,1867,0.0
321,1524,0.0
321,1809,0.0
321,300,0.0
321,1134,0.0
321,79,0.0
321,835,0.0
321,651,0.0
321,432,0.0
321,416,0.0
321,1237,0.0
321,1470,0.0
321,17,0.0
321,1077,0.0
321,1903,0.0
321,1632,0.0
321,1818,0.0
321,745,0.0
321,2002,0.0
321,239,0.0
321,845,0.0
321,1944,0.0
321,417,0.0
321,855,0.0
321,1509,0.0
321,1467,0.0
322,243,2.0
322,960,0.0
322,1072,0.0
322,1915,0.0
322,185,0.0
322,1228,0.0
322,77,0.0
322,1504,0.0
322,1409,0.0
322,193,0.0
322,1126,0.0
322,1640,0.0
322,1399,0.0
322,286,0.0
322,1859,0.0
322,1505,0.0
322,1746,0.0
322,249,0.0
322,1828,0.0
322,1224,0.0
322,535,0.0
322,1484,0.0
322,299,0.0
322,1501,0.0
322,1106,0.0
322,808,0.0
322,457,0.0
322,690,0.0
322,1321,0.0
322,1387,0.0
322,717,0.0
322,39,0.0
322,1839,0.0
322,1648,0.0
322,1363,0.0
322,1539,0.0
322,2021,0.0
322,107,0.0
322,1339,0.0
322,1137,0.0
322,1190,0.0
322,260,0.0
322,1641,0.0
322,1247,0.0
322,1285,0.0
322,1274,0.0
322,525,0.0
322,709,0.0
322,125,0.0
322,1229,0.0
323,351,1.5
323,606,0.0
323,1949,0.0
323,187,0.0
323,887,0.0
323,1279,0.0
323,1608,0.0
323,986,0.0
323,923,0.0
323,1897,0.0
323,793,0.0
323,529,0.0
323,675,0.0
323,391,0.0
323,1681,0.0
323,1491,0.0
323,1849,0.0
323,1276,0.0
323,671,0.0
323,860,0.0
323,1584,0.0
323,1199,0.0
323,465,0.0
323,838,0.0
323,1600,0.0
323,987,0.0
323,1312,0.0
323,1073,0.0
323,3,0.0
323,1654,0.0
323,851,0.0
323,1908,0.0
323,1523,0.0
323,1699,0.0
323,2040,0.0
323,1246,0.0
323,1893,0.0
323,1691,0.0
323,1922,0.0
323,1285,0.0
323,1708,0.0
323,534,0.0
323,902,0.0
323,1399,0.0
323,1084,0.0
323,1379,0.0
323,1856,0.0
323,645,0.0
323,23,0.0
323,1316,0.0
324,317,3.0
324,453,0.0
324,1905,0.0
324,741,0.0
324,165,0.0
324,693,0.0
324,1979,0.0
324,204,0.0
324,877,0.0
324,244,0.0
324,1894,0.0
324,1356,0.0
324,942,0.0
324,1419,0.0
324,820,0.0
324,506,0.0
324,1952,0.0
324,923,0.0
324,1144,0.0
324,1282,0.0
324,1745,0.0
324,409,0.0
324,309,0.0
324,1831,0.0
324,1729,0.0
324,67,0.0
324,113,0.0
324,219,0.0
324,219,0.0
324,1496,0.0
324,729,0.0
324,748,0.0
324,942,0.0
324,385,0.0
324,1321,0.0
324,929,0.0
324,1629,0.0
324,1276,0.0
324,404,0.0
324,491,0.0
324,356,0.0
324,1451,0.0
324,214,0.0
324,2016,0.0
324,1403,0.0
324,1793,0.0
324,1882,0.0
324,751,0.0
324,826,0.0
324,1237,0.0
325,251,2.5
325,735,0.0
325,790,0.0
325,514,0.0
325,1152,0.0
325,1858,0.0
325,1272,0.0
325,740,0.0
325,1862,0.0
325,130,0.0
325,1763,0.0
325,1712,0.0
325,322,0.0
325,822,0.0
325,1923,0.0
325,542,0.0
325,65,0.0
325,717,0.0
325,1124,0.0
325,1855,0.0
325,30,0.0
325,884,0.0
325,190,0.0
325,1601,0.0
325,414,0.0
325,1838,0.0
325,746,0.0
325,1813,0.0
325,1737,0.0
325,1523,0.0
325,1885,0.0
325,1760,0.0
325,1618,0.0
325,1069,0.0
325,1112,0.0
325,1721,0.0
325,374,0.0
325,1724,0.0
325,1269,0.0
325,557,0.0
325,1280,0.0
325,1375,0.0
325,1944,0.0
325,1596,0.0
325,1128,0.0
325,1360,0.0
325,1549,0.0
325,1324,0.0
325,1100,0.0
325,1534,0.0
326,212,1.0
326,88,0.0
326,870,0.0
326,1159,0.0
326,1678,0.0
326,1874,0.0
326,1722,0.0
326,522,0.0
326,659,0.0
326,950,0.0
326,1827,0.0
326,1873,0.0
326,909,0.0
326,441,0.0
326,37,0.0
326,1880,0.0
326,1231,0.0
326,209,0.0
326,512,0.0
326,1383,0.0
326,1600,0.0
326,1024,0.0
326,1778,0.0
326,980,0.0
326,380,0.0
326,827,0.0
326,1560,0.0
326,858,0.0
326,393,0.0
326,1073,0.0
326,395,0.0
326,1883,0.0
326,1776,0.0
326,31,0.0
326,544,0.0
326,711,0.0
326,1257,0.0
326,1049,0.0
326,1577,0.0
326,1457,0.0
326,1084,0.0
326,552,0.0
326,1464,0.0
326,1153,0.0
326,1890,0.0
326,1377,0.0
326,197,0.0
326,798,0.0
326,1686,0.0
326,1739,0.0
327,214,3.5
327,1689,0.0
327,731,0.0
327,154,0.0
327,338,0.0
327,1976,0.0
327,1388,0.0
327,794,0.0
327,1722,0.0
327,1597,0.0
327,1171,0.0
327,898,0.0
327,1167,0.0
327,102,0.0
327,811,0.0
327,92,0.0
327,974,0.0
327,1309,0.0
327,1447,0.0
327,118,0.0
327,2032,0.0
327,1984,0.0
327,28,0.0
327,1012,0.0
327,1534,0.0
327,1053,0.0
327,871,0.0
327,1389,0.0
327,799,0.0
327,1161,0.0
327,474,0.0
327,562,0.0
327,1415,0.0
327,434,0.0
327,803,0.0
327,1257,0.0
327,54,0.0
327,930,0.0
327,1315,0.0
327,751,0.0
327,311,0.0
327,1571,0.0
327,1112,0.0
327,1235,0.0
327,956,0.0
327,317,0.0
327,2035,0.0
327,1900,0.0
327,756,0.0
327,464,0.0
328,10,4.0
328,1730,0.0
328,569,0.0
328,974,0.0
328,391,0.0
328,351,0.0
328,805,0.0
328,1689,0.0
328,575,0.0
328,1693,0.0
328,776,0.0
328,632,0.0
328,1311,0.0
328,522,0.0
328,725,0.0
328,161,0.0
328,1640,0.0
328,1937,0.0
328,658,0.0
328,1205,0.0
328,849,0.0
328,1572,0.0
328,81,0.0
328,523,0.0
328,3,0.0
328,494,0.0
328,1578,0.0
328,1946,0.0
328,1074,0.0
328,1284,0.0
328,1157,0.0
328,1996,0.0
328,1622,0.0
328,1385,0.0
328,567,0.0
328,1240,0.0
328,877,0.0
328,1091,0.0
328,1011,0.0
328,1014,0.0
328,863,0.0
328,1579,0.0
328,1166,0.0
328,1369,0.0
328,1577,0.0
328,1674,0.0
328,1608,0.0
328,778,0.0
328,1217,0.0
328,1004,0.0
329,83,3.0
329,2020,0.0
329,858,0.0
329,744,0.0
329,479,0.0
329,131,0.0
329,1025,0.0
329,114,0.0
329,480,0.0
329,980,0.0
329,1024,0.0
329,2027,0.0
329,330,0.0
329,1600,0.0
329,941,0.0
329,954,0.0
329,1994,0.0
329,1660,0.0
329,767,0.0
329,390,0.0
329,833,0.0
329,142,0.0
329,327,0.0
329,1781,0.0
329,627,0.0
329,376,0.0
329,1838,0.0
329,89,0.0
329,807,0.0
329,1020,0.0
329,1065,0.0
329,1970,0.0
329,1058,0.0
329,1011,0.0
329,1517,0.0
329,2024,0.0
329,552,0.0
329,1876,0.0
329,123,0.0
329,56,0.0
329,805,0.0
329,1479,0.0
329,234,0.0
329,607,0.0
329,391,0.0
329,1515,0.0
329,969,0.0
329,1854,0.0
329,1366,0.0
329,1667,0.0
330,16,2.5
330,508,0.0
330,1376,0.0
330,4,0.0
330,292,0.0
330,359,0.0
330,1621,0.0
330,213,0.0
330,1429,0.0
330,1459,0.0
330,1038,0.0
330,1296,0.0
330,562,0.0
330,764,0.0
330,44,0.0
330,702,0.0
330,633,0.0
330,1435,0.0
330,1210,0.0
330,1749,0.0
330,660,0.0
330,1193,0.0
330,720,0.0
330,1988,0.0
330,593,0.0
330,1424,0.0
330,1731,0.0
330,245,0.0
330,1926,0.0
330,856,0.0
330,1892,0.0
330,551,0.0
330,1703,0.0
330,42,0.0
330,840,0.0
330,1746,0.0
330,178,0.0
330,1480,0.0
330,534,0.0
330,606,0.0
330,671,0.0
330,1267,0.0
330,926,0.0
330,16,0.0
330,1135,0.0
330,1638,0.0
330,825,0.0
330,1621,0.0
330,546,0.0
330,1053,0.0
331,234,3.0
331,825,0.0
331,110,0.0
331,1956,0.0
331,863,0.0
331,1851,0.0
331,907,0.0
331,1772,0.0
331,1567,0.0
331,1232,0.0
331,1667,0.0
331,1641,0.0
331,32,0.0
331,554,0.0
331,1903,0.0
331,106,0.0
331,1288,0.0
331,225,0.0
331,486,0.0
331,178,0.0
331,1245,0.0
331,1393,0.0
331,636,0.0
331,787,0.0
331,166,0.0
331,662,0.0
331,1576,0.0
331,299,0.0
331,1404,0.0
331,34,0.0
331,406,0.0
331,1525,0.0
331,313,0.0
331,815,0.0
331,742,0.0
331,726,0.0
331,825,0.0
331,1124,0.0
331,568,0.0
331,1238,0.0
331,1958,0.0
331,1691,0.0
331,575,0.0
331,61,0.0
331,1874,0.0
331,368,0.0
331,1391,0.0
331,1597,0.0
331,93,0.0
331,1492,0.0
332,232,2.5
332,2026,0.0
332,320,0.0
332,718,0.0
332,1855,0.0
332,727,0.0
332,579,0.0
332,446,0.0
332,1597,0.0
332,209,0.0
332,848,0.0
332,1862,0.0
332,369,0.0
332,1964,0.0
332,1587,0.0
332,1651,0.0
332,1916,0.0
332,1481,0.0
332,1918,0.0
332,576,0.0
332,1665,0.0
332,688,0.0
332,789,0.0
332,991,0.0
332,1948,0.0
332,162,0.0
332,976,0.0
332,1355,0.0
332,1687,0.0
332,349,0.0
332,1771,0.0
332,669,0.0
332,1491,0.0
332,425,0.0
332,326,0.0
332,1129,0.0
332,1841,0.0
332,254,0.0
332,2037,0.0
332,357,0.0
332,1990,0.0
332,443,0.0
332,112,0.0
332,1053,0.0
332,523,0.0
332,688,0.0
332,990,0.0
332,1873,0.0
332,45,0.0
332,1194,0.0
333,205,3.5
333,1541,0.0
333,1038,0.0
333,1065,0.0
333,542,0.0
333,981,0.0
333,1716,0.0
333,773,0.0
333,1312,0.0
333,1948,0.0
333,1556,0.0
333,1915,0.0
333,693,0.0
333,1719,0.0
333,1267,0.0
333,1885,0.0
333,1684,0.0
333,1791,0.0
333,611,0.0
333,1590,0.0
333,1721,0.0
333,1855,0.0
333,1621,0.0
333,1197,0.0
333,2003,0.0
333,1557,0.0
333,1532,0.0
333,243,0.0
333,59,0.0
333,103,0.0
333,650,0.0
333,1326,0.0
333,1694,0.0
333,1010,0.0
333,1767,0.0
333,76,0.0
333,1041,0.0
333,1557,0.0
333,1207,0.0
333,1680,0.0
333,1573,0.0
333,1304,0.0
333,1311,0.0
333,1678,0.0
333,1548,0.0
333,697,0.0
333,1497,0.0
333,945,0.0
333,266,0.0
333,780,0.0
334,252,3.5
334,1700,0.0
334,371,0.0
334,678,0.0
334,595,0.0
334,1993,0.0
334,201,0.0
334,1625,0.0
334,88,0.0
334,436,0.0
334,119,0.0
334,155,0.0
334,1996,0.0
334,398,0.0
334,1723,0.0
334,187,0.0
334,1797,0.0
334,1075,0.0
334,651,0.0
334,1554,0.0
334,1503,0.0
334,586,0.0
334,229,0.0
334,1504,0.0
334,1153,0.0
334,54,0.0
334,270,0.0
334,1983,0.0
334,1123,0.0
334,1092,0.0
334,1934,0.0
334,1322,0.0
334,969,0.0
334,1552,0.0
334,1377,0.0
334,1651,0.0
334,1175,0.0
334,329,0.0
334,115,0.0
334,1565,0.0
334,322,0.0
334,562,0.0
334,1595,0.0
334,228,0.0
334,1794,0.0
334,359,0.0
334,1028,0.0
334,27,0.0
334,1789,0.0
334,1387,0.0
335,254,2.5
335,883,0.0
335,1914,0.0
335,278,0.0
335,340,0.0
335,1351,0.0
335,1702,0.0
335,1657,0.0
335,1928,0.0
335,2007,0.0
335,606,0.0
335,1048,0.0
335,528,0.0
335,425,0.0
335,28,0.0
335,955,0.0
335,322,0.0
335,1876,0.0
335,312,0.0
335,583,0.0
335,1293,0.0
335,761,0.0
335,294,0.0
335,655,0.0
335,785,0.0
335,222,0.0
335,74,0.0
335,101,0.0
335,1555,0.0
335,1652,0.0
335,1709,0.0
335,884,0.0
335,172,0.0
335,1027,0.0
335,1875,0.0
335,1502,0.0
335,1683,0.0
335,394,0.0
335,1649,0.0
335,832,0.0
335,1003,0.0
335,1937,0.0
335,166,0.0
335,299,0.0
335,2016,0.0
335,117,0.0
335,511,0.0
335,611,0.0
335,1809,0.0
335,1198,0.0
336,251,2.0
336,529,0.0
336,1618,0.0
336,846,0.0
336,1766,0.0
336,1003,0.0
336,341,0.0
336,1788,0.0
336,1702,0.0
336,1577,0.0
336,1272,0.0
336,759,0.0
336,1973,0.0
336,1403,0.0
336,797,0.0
336,531,0.0
336,1917,0.0
336,863,0.0
336,1404,0.0
336,41,0.0
336,1368,0.0
336,598,0.0
336,1284,0.0
336,305,0.0
336,808,0.0
336,861,0.0
336,1263,0.0
336,678,0.0
336,1336,0.0
336,730,0.0
336,440,0.0
336,2025,0.0
336,932,0.0
336,902,0.0
336,132,0.0
336,718,0.0
336,50,0.0
336,617,0.0
336,391,0.0
336,695,0.0
336,1736,0.0
336,522,0.0
336,1789,0.0
336,507,0.0
336,1685,0.0
336,353,0.0
336,866,0.0
336,972,0.0
336,1418,0.0
336,955,0.0
337,7,4.0
337,456,0.0
337,694,0.0
337,709,0.0
337,2014,0.0
337,848,0.0
337,948,0.0
337,106,0.0
337,443,0.0
337,1724,0.0
337,35,0.0
337,596,0.0
337,154,0.0
337,1192,0.0
337,795,0.0
337,271,0.0
337,1570,0.0
337,1443,0.0
337,1207,0.0
337,1634,0.0
337,1260,0.0
337,1938,0.0
337,1532,0.0
337,1464,0.0
337,980,0.0
337,121,0.0
337,1440,0.0
337,1558,0.0
337,1398,0.0
337,1598,0.0
337,1349,0.0
337,1503,0.0
337,149,0.0
337,706,0.0
337,994,0.0
337,1615,0.0
337,1513,0.0
337,1850,0.0
337,152,0.0
337,1040,0.0
337,550,0.0
337,844,0.0
337,1371,0.0
337,1482,0.0
337,1225,0.0
337,1446,0.0
337,279,0.0
337,421,0.0
337,1623,0.0
337,992,0.0
338,215,4.0
338,1632,0.0
338,1984,0.0
338,977,0.0
338,3,0.0
338,1462,0.0
338,1333,0.0
338,1902,0.0
338,602,0.0
338,1112,0.0
338,319,0.0
338,1398,0.0
338,1627,0.0
338,500,0.0
338,1685,0.0
338,1257,0.0
338,1944,0.0
338,1360,0.0
338,570,0.0
338,184,0.0
338,1461,0.0
338,555,0.0
338,1203,0.0
338,1099,0.0
338,1679,0.0
338,1636,0.0
338,892,0.0
338,1295,0.0
338,2000,0.0
338,54,0.0
338,1724,0.0
338,862,0.0
338,1870,0.0
338,76,0.0
338,295,0.0
338,1242,0.0
338,1300,0.0
338,1601,0.0
338,1671,0.0
338,745,0.0
338,1734,0.0
338,1289,0.0
338,1976,0.0
338,899,0.0
338,42,0.0
338,1384,0.0
338,1251,0.0
338,226,0.0
338,1086,0.0
338,170,0.0
339,120,2.0
339,1406,0.0
339,316,0.0
339,1866,0.0
339,106,0.0
339,1683,0.0
339,906,0.0
339,1486,0.0
339,429,0.0
339,703,0.0
339,1360,0.0
339,1761,0.0
339,1777,0.0
339,1519,0.0
339,971,0.0
339,361,0.0
339,795,0.0
339,431,0.0
339,674,0.0
339,1543,0.0
339,858,0.0
339,1429,0.0
339,1013,0.0
339,1400,0.0
339,1175,0.0
339,1345,0.0
339,1630,0.0
339,1237,0.0
339,575,0.0
339,1088,0.0
339,892,0.0
339,269,0.0
339,1560,0.0
339,2019,0.0
339,1123,0.0
339,1128,0.0
339,1154,0.0
339,1412,0.0
339,1344,0.0
339,437,0.0
339,1042,0.0
339,224,0.0
339,1641,0.0
339,1589,0.0
339,989,0.0
339,459,0.0
339,393,0.0
339,1249,0.0
339,911,0.0
339,1383,0.0
340,8,4.0
340,54,0.0
340,2000,0.0
340,1156,0.0
340,1075,0.0
340,1516,0.0
340,1788,0.0
340,780,0.0
340,297,0.0
340,1422,0.0
340,1614,0.0
340,1041,0.0
340,817,0.0
340,1793,0.0
340,854,0.0
340,1642,0.0
340,1932,0.0
340,2026,0.0
340,1987,0.0
340,558,0.0
340,1269,0.0
340,502,0.0
340,1112,0.0
340,202,0.0
340,945,0.0
340,239,0.0
340,489,0.0
340,1803,0.0
340,1036,0.0
340,648,0.0
340,1338,0.0
340,2036,0.0
340,684,0.0
340,1765,0.0
340,1221,0.0
340,2026,0.0
340,242,0.0
340,506,0.0
340,1066,0.0
340,1353,0.0
340,1814,0.0
340,1614,0.0
340,1452,0.0
340,1814,0.0
340,1767,0.0
340,612,0.0
340,161,0.0
340,655,0.0
340,958,0.0
340,620,0.0
341,250,4.0
341,618,0.0
341,1169,0.0
341,251,0.0
341,2029,0.0
341,301,0.0
341,1093,0.0
341,1566,0.0
341,1116,0.0
341,1672,0.0
341,1909,0.0
341,162,0.0
341,1104,0.0
341,1851,0.0
341,1611,0.0
341,1086,0.0
341,611,0.0
341,1459,0.0
341,1071,0.0
341,444,0.0
341,1943,0.0
341,73,0.0
341,825,0.0
341,1727,0.0
341,541,0.0
341,156,0.0
341,1510,0.0
341,1289,0.0
341,255,0.0
341,1062,0.0
341,1078,0.0
341,1051,0.0
341,1937,0.0
341,936,0.0
341,117,0.0
341,369,0.0
341,208,0.0
341,586,0.0
341,1600,0.0
341,848,0.0
341,1891,0.0
341,1635,0.0
341,1581,0.0
341,315,0.0
341,1416,0.0
341,1964,0.0
341,443,0.0
341,1691,0.0
341,1775,0.0
341,1888,0.0
342,254,4.0
342,573,0.0
342,874,0.0
342,510,0.0
342,2021,0.0
342,1667,0.0
342,1576,0.0
342,200,0.0
342,1634,0.0
342,822,0.0
342,1307,0.0
342,1380,0.0
342,1070,0.0
342,1019,0.0
342,136,0.0
342,129,0.0
342,1218,0.0
342,1017,0.0
342,1652,0.0
342,1387,0.0
342,431,0.0
342,1092,0.0
342,1481,0.0
342,539,0.0
342,334,0.0
342,525,0.0
342,557,0.0
342,2006,0.0
342,908,0.0
342,1039,0.0
342,2013,0.0
342,1959,0.0
342,1479,0.0
342,509,0.0
342,208,0.0
342,1181,0.0
342,1360,0.0
342,1762,0.0
342,1984,0.0
342,1264,0.0
342,57,0.0
342,2007,0.0
342,815,0.0
342,1328,0.0
342,1368,0.0
342,1665,0.0
342,1752,0.0
342,1037,0.0
342,1382,0.0
342,376,0.0
343,16,3.0
343,1254,0.0
343,1962,0.0
343,1363,0.0
343,924,0.0
343,1514,0.0
343,1072,0.0
343,1922,0.0
343,623,0.0
343,1476,0.0
343,1339,0.0
343,1345,0.0
343,86,0.0
343,1917,0.0
343,1497,0.0
343,281,0.0
343,1862,0.0
343,763,0.0
343,1097,0.0
343,452,0.0
343,46,0.0
343,1611,0.0
343,1119,0.0
343,937,0.0
343,30,0.0
343,533,0.0
343,16,0.0
343,1235,0.0
343,1683,0.0
343,1258,0.0
343,391,0.0
343,1006,0.0
343,353,0.0
343,304,0.0
343,1622,0.0
343,1573,0.0
343,1588,0.0
343,1563,0.0
343,1612,0.0
343,1948,0.0
343,508,0.0
343,711,0.0
343,1418,0.0
343,1454,0.0
343,684,0.0
343,785,0.0
343,1585,0.0
343,856,0.0
343,176,0.0
343,1429,0.0
344,120,3.5
344,1506,0.0
344,1424,0.0
344,1224,0.0
344,291,0.0
344,341,0.0
344,2014,0.0
344,1014,0.0
344,1633,0.0
344,1239,0.0
344,1659,0.0
344,584,0.0
344,1389,0.0
344,1913,0.0
344,2026,0.0
344,1665,0.0
344,1492,0.0
344,1441,0.0
344,26,0.0
344,1700,0.0
344,454,0.0
344,917,0.0
344,579,0.0
344,13,0.0
344,97,0.0
344,278,0.0
344,1963,0.0
344,489,0.0
344,984,0.0
344,960,0.0
344,1906,0.0
344,1782,0.0
344,623,0.0
344,206,0.0
344,1887,0.0
344,1869,0.0
344,1256,0.0
344,1596,0.0
344,596,0.0
344,694,0.0
344,1262,0.0
344,249,0.0
344,1606,0.0
344,739,0.0
344,1620,0.0
344,305,0.0
344,2023,0.0
344,1931,0.0
344,1486,0.0
344,1806,0.0
345,4,1.5
345,1615,0.0
345,9,0.0
345,1491,0.0
345,1359,0.0
345,635,0.0
345,1209,0.0
345,1569,0.0
345,1144,0.0
345,591,0.0
345,717,0.0
345,564,0.0
345,1691,0.0
345,1297,0.0
345,409,0.0
345,357,0.0
345,1670,0.0
345,1964,0.0
345,97,0.0
345,1006,0.0
345,240,0.0
345,556,0.0
345,710,0.0
345,2016,0.0
345,1826,0.0
345,1971,0.0
345,1137,0.0
345,1510,0.0
345,1812,0.0
345,1264,0.0
345,155,0.0
345,351,0.0
345,43,0.0
345,591,0.0
345,1335,0.0
345,137,0.0
345,1686,0.0
345,1967,0.0
345,435,0.0
345,753,0.0
345,142,0.0
345,1023,0.0
345,1846,0.0
345,1322,0.0
345,1585,0.0
345,261,0.0
345,511,0.0
345,672,0.0
345,61,0.0
345,1590,0.0
346,273,2.5
346,1993,0.0
346,1575,0.0
346,633,0.0
346,1670,0.0
346,1163,0.0
346,1885,0.0
346,1688,0.0
346,1563,0.0
346,1450,0.0
346,588,0.0
346,1710,0.0
346,1584,0.0
346,1877,0.0
346,309,0.0
346,273,0.0
346,1562,0.0
346,839,0.0
346,1413,0.0
346,458,0.0
346,732,0.0
346,1657,0.0
346,360,0.0
346,1017,0.0
346,1092,0.0
346,1606,0.0
346,661,0.0
346,698,0.0
346,1454,0.0
346,884,0.0
346,757,0.0
346,1731,0.0
346,1055,0.0
346,2002,0.0
346,620,0.0
346,1888,0.0
346,1536,0.0
346,181,0.0
346,685,0.0
346,680,0.0
346,247,0.0
346,619,0.0
346,1905,0.0
346,1320,0.0
346,1799,0.0
346,1951,0.0
346,29,0.0
346,1325,0.0
346,1499,0.0
346,872,0.0
347,770,4.0
347,1828,0.0
347,1467,0.0
347,1728,0.0
347,1935,0.0
347,29,0.0
347,1992,0.0
347,297,0.0
347,1084,0.0
347,457,0.0
347,1996,0.0
347,303,0.0
347,957,0.0
347,339,0.0
347,1884,0.0
347,447,0.0
347,1976,0.0
347,1859,0.0
347,1325,0.0
347,880,0.0
347,539,0.0
347,484,0.0
347,76,0.0
347,1656,0.0
347,514,0.0
347,1572,0.0
347,943,0.0
347,658,0.0
347,91,0.0
347,1874,0.0
347,1808,0.0
347,465,0.0
347,465,0.0
347,1912,0.0
347,1622,0.0
347,1063,0.0
347,689,0.0
347,1352,0.0
347,1308,0.0
347,946,0.0
347,553,0.0
347,1820,0.0
347,1089,0.0
347,1659,0.0
347,1680,0.0
347,2040,0.0
347,1655,0.0
347,108,0.0
347,1438,0.0
347,91,0.0
348,217,3.5
348,522,0.0
348,803,0.0
348,659,0.0
348,318,0.0
348,79,0.0
348,1214,0.0
348,1476,0.0
348,1367,0.0
348,1053,0.0
348,413,0.0
348,1894,0.0
348,2040,0.0
348,367,0.0
348,1006,0.0
348,1764,0.0
348,992,0.0
348,595,0.0
348,1525,0.0
348,1685,0.0
348,1896,0.0
348,1017,0.0
348,700,0.0
348,1044,0.0
348,548,0.0
348,245,0.0
348,282,0.0
348,613,0.0
348,930,0.0
348,805,0.0
348,231,0.0
348,315,0.0
348,837,0.0
348,1823,0.0
348,1359,0.0
348,2011,0.0
348,1999,0.0
348,410,0.0
348,244,0.0
348,386,0.0
348,688,0.0
348,1748,0.0
348,357,0.0
348,1021,0.0
348,613,0.0
348,797,0.0
348,21,0.0
348,18,0.0
348,1310,0.0
348,275,0.0
349,83,3.0
349,50,0.0
349,1468,0.0
349,1682,0.0
349,1009,0.0
349,376,0.0
349,639,0.0
349,1509,0.0
349,769,0.0
349,1074,0.0
349,153,0.0
349,581,0.0
349,787,0.0
349,790,0.0
349,1333,0.0
349,1422,0.0
349,133,0.0
349,219,0.0
349,162,0.0
349,970,0.0
349,647,0.0
349,568,0.0
349,1525,0.0
349,945,0.0
349,688,0.0
349,114,0.0
349,1522,0.0
349,1495,0.0
349,1172,0.0
349,1264,0.0
349,122,0.0
349,803,0.0
349,838,0.0
349,1092,0.0
349,825,0.0
349,62,0.0
349,732,0.0
349,1039,0.0
349,1413,0.0
349,589,0.0
349,1657,0.0
349,947,0.0
349,1281,0.0
349,216,0.0
349,478,0.0
349,1137,0.0
349,1905,0.0
349,1996,0.0
349,1403,0.0
349,1681,0.0
350,6,3.5
350,1341,0.0
350,1098,0.0
350,1982,0.0
350,1614,0.0
350,193,0.0
350,2020,0.0
350,362,0.0
350,1119,0.0
350,1063,0.0
350,767,0.0
350,396,0.0
350,106,0.0
350,1040,0.0
350,526,0.0
350,1952,0.0
350,1010,0.0
350,783,0.0
350,1522,0.0
350,524,0.0
350,1782,0.0
350,1749,0.0
350,1686,0.0
350,1827,0.0
350,1066,0.0
350,1969,0.0
350,625,0.0
350,1865,0.0
350,1616,0.0
350,349,0.0
350,1676,0.0
350,1053,0.0
350,1464,0.0
350,1005,0.0
350,541,0.0
350,1478,0.0
350,1801,0.0
350,1634,0.0
350,961,0.0
350,93,0.0
350,1746,0.0
350,1318,0.0
350,1572,0.0
350,898,0.0
350,88,0.0
350,1953,0.0
350,502,0.0
350,766,0.0
350,2041,0.0
350,213,0.0
351,232,4.0
351,26,0.0
351,507,0.0
351,526,0.0
351,774,0.0
351,1388,0.0
351,952,0.0
351,297,0.0
351,776,0.0
351,360,0.0
351,1669,0.0
351,503,0.0
351,1976,0.0
351,587,0.0
351,29,0.0
351,1462,0.0
351,1363,0.0
351,125,0.0
351,595,0.0
351,1589,0.0
351,1389,0.0
351,1818,0.0
351,1875,0.0
351,1466,0.0
351,262,0.0
351,935,0.0
351,871,0.0
351,1245,0.0
351,1863,0.0
351,1,0.0
351,1933,0.0
351,393,0.0
351,305,0.0
351,1169,0.0
351,529,0.0
351,527,0.0
351,1331,0.0
351,964,0.0
351,1971,0.0
351,670,0.0
351,2020,0.0
351,1363,0.0
351,1942,0.0
351,351,0.0
351,809,0.0
351,208,0.0
351,957,0.0
351,204,0.0
351,624,0.0
351,1713,0.0
352,8,4.0
352,999,0.0
352,1334,0.0
352,133,0.0
352,384,0.0
352,55,0.0
352,992,0.0
352,1383,0.0
352,1994,0.0
352,1137,0.0
352,1111,0.0
352,137,0.0
352,1131,0.0
352,1523,0.0
352,534,0.0
352,143,0.0
352,868,0.0
352,655,0.0
352,55,0.0
352,619,0.0
352,1886,0.0
352,1029,0.0
352,541,0.0
352,446,0.0
352,2020,0.0
352,1408,0.0
352,1330,0.0
352,873,0.0
352,1880,0.0
352,638,0.0
352,1325,0.0
352,1656,0.0
352,1428,0.0
352,610,0.0
352,1701,0.0
352,836,0.0
352,1854,0.0
352,1776,0.0
352,1585,0.0
352,779,0.0
352,836,0.0
352,509,0.0
352,1096,0.0
352,811,0.0
352,563,0.0
352,264,0.0
352,1250,0.0
352,1216,0.0
352,1397,0.0
352,1774,0.0
353,215,4.0
353,657,0.0
353,289,0.0
353,1792,0.0
353,1332,0.0
353,1301,0.0
353,1487,0.0
353,188,0.0
353,917,0.0
353,1201,0.0
353,1551,0.0
353,923,0.0
353,987,0.0
353,374,0.0
353,1621,0.0
353,759,0.0
353,1477,0.0
353,216,0.0
353,1065,0.0
353,193,0.0
353,1350,0.0
353,1396,0.0
353,1488,0.0
353,162,0.0
353,275,0.0
353,363,0.0
353,1665,0.0
353,774,0.0
353,479,0.0
353,688,0.0
353,2002,0.0
353,459,0.0
353,1288,0.0
353,538,0.0
353,973,0.0
353,1409,0.0
353,84,0.0
353,1731,0.0
353,1339,0.0
353,242,0.0
353,1492,0.0
353,879,0.0
353,1365,0.0
353,1200,0.0
353,1153,0.0
353,656,0.0
353,1106,0.0
353,1383,0.0
353,87,0.0
353,1555,0.0
354,11,3.0
354,327,0.0
354,224,0.0
354,557,0.0
354,438,0.0
354,1573,0.0
354,1741,0.0
354,385,0.0
354,520,0.0
354,1276,0.0
354,619,0.0
354,1924,0.0
354,1121,0.0
354,786,0.0
354,1094,0.0
354,550,0.0
354,1833,0.0
354,1936,0.0
354,446,0.0
354,1113,0.0
354,1453,0.0
354,1242,0.0
354,106,0.0
354,1499,0.0
354,915,0.0
354,1477,0.0
354,903,0.0
354,1631,0.0
354,1938,0.0
354,543,0.0
354,1149,0.0
354,1170,0.0
354,279,0.0
354,23,0.0
354,951,0.0
354,1744,0.0
354,2039,0.0
354,119,0.0
354,1809,0.0
354,1675,0.0
354,1320,0.0
354,854,0.0
354,1015,0.0
354,943,0.0
354,1105,0.0
354,447,0.0
354,1935,0.0
354,1743,0.0
354,995,0.0
354,1942,0.0
355,251,3.0
355,1871,0.0
355,620,0.0
355,1738,0.0
355,1720,0.0
355,1826,0.0
355,1351,0.0
355,603,0.0
355,1282,0.0
355,1857,0.0
355,1460,0.0
355,717,0.0
355,1587,0.0
355,348,0.0
355,1716,0.0
355,1973,0.0
355,1838,0.0
355,514,0.0
355,1472,0.0
355,398,0.0
355,1619,0.0
355,213,0.0
355,1569,0.0
355,561,0.0
355,1312,0.0
355,1864,0.0
355,1282,0.0
355,257,0.0
355,1411,0.0
355,1807,0.0
355,693,0.0
355,1568,0.0
355,1288,0.0
355,1336,0.0
355,1063,0.0
355,997,0.0
355,819,0.0
355,209,0.0
355,271,0.0
355,1159,0.0
355,598,0.0
355,1083,0.0
355,1533,0.0
355,1699,0.0
355,1538,0.0
355,1038,0.0
355,1637,0.0
355,1022,0.0
355,254,0.0
355,736,0.0
356,213,3.5
356,1105,0.0
356,1661,0.0
356,1107,0.0
356,1313,0.0
356,1094,0.0
356,174,0.0
356,1851,0.0
356,841,0.0
356,1486,0.0
356,1872,0.0
356,1418,0.0
356,865,0.0
356,1114,0.0
356,468,0.0
356,1886,0.0
356,1457,0.0
356,1272,0.0
356,643,0.0
356,680,0.0
356,954,0.0
356,1595,0.0
356,1904,0.0
356,848,0.0
356,240,0.0
356,701,0.0
356,1519,0.0
356,339,0.0
356,792,0.0
356,743,0.0
356,1494,0.0
356,462,0.0
356,800,0.0
356,1298,0.0
356,1848,0.0
356,14,0.0
356,1064,0.0
356,1988,0.0
356,207,0.0
356,1083,0.0
356,364,0.0
356,1263,0.0
356,607,0.0
356,1813,0.0
356,1962,0.0
356,159,0.0
356,396,0.0
356,1957,0.0
356,793,0.0
356,499,0.0
357,248,2.5
357,1303,0.0
357,131,0.0
357,392,0.0
357,480,0.0
357,1536,0.0
357,627,0.0
357,2034,0.0
357,418,0.0
357,1225,0.0
357,651,0.0
357,657,0.0
357,461,0.0
357,1801,0.0
357,1225,0.0
357,1937,0.0
357,151,0.0
357,1920,0.0
357,221,0.0
357,78,0.0
357,1223,0.0
357,1785,0.0
357,98,0.0
357,2001,0.0
357,2024,0.0
357,911,0.0
357,212,0.0
357,1166,0.0
357,701,0.0
357,1412,0.0
357,1836,0.0
357,1397,0.0
357,1075,0.0
357,966,0.0
357,1647,0.0
357,134,0.0
357,410,0.0
357,2008,0.0
357,1493,0.0
357,1135,0.0
357,1548,0.0
357,784,0.0
357,1768,0.0
357,1067,0.0
357,1420,0.0
357,2009,0.0
357,1608,0.0
357,260,0.0
357,742,0.0
357,544,0.0
358,9,3.0
358,1809,0.0
358,383,0.0
358,1612,0.0
358,1257,0.0
358,965,0.0
358,1737,0.0
358,484,0.0
358,1756,0.0
358,1797,0.0
358,38,0.0
358,10,0.0
358,623,0.0
358,408,0.0
358,107,0.0
358,2027,0.0
358,1117,0.0
358,1846,0.0
358,83,0.0
358,57,0.0
358,1316,0.0
358,1039,0.0
358,990,0.0
358,1500,0.0
358,837,0.0
358,604,0.0
358,2015,0.0
358,968,0.0
358,164,0.0
358,436,0.0
358,726,0.0
358,1679,0.0
358,1809,0.0
358,402,0.0
358,1963,0.0
358,1409,0.0
358,1977,0.0
358,1161,0.0
358,715,0.0
358,813,0.0
358,721,0.0
358,530,0.0
358,1829,0.0
358,292,0.0
358,1498,0.0
358,1022,0.0
358,1903,0.0
358,461,0.0
358,1836,0.0
358,1396,0.0
359,247,3.5
359,984,0.0
359,1939,0.0
359,895,0.0
359,1176,0.0
359,1705,0.0
359,1452,0.0
359,1776,0.0
359,286,0.0
359,756,0.0
359,1344,0.0
359,1459,0.0
359,1615,0.0
359,495,0.0
359,1627,0.0
359,1172,0.0
359,541,0.0
359,634,0.0
359,1922,0.0
359,1505,0.0
359,1349,0.0
359,938,0.0
359,1052,0.0
359,1282,0.0
359,697,0.0
359,1952,0.0
359,74,0.0
359,1580,0.0
359,1604,0.0
359,497,0.0
359,1439,0.0
359,1902,0.0
359,721,0.0
359,1774,0.0
359,1363,0.0
359,307,0.0
359,703,0.0
359,883,0.0
359,1638,0.0
359,1264,0.0
359,252,0.0
359,935,0.0
359,1243,0.0
359,396,0.0
359,985,0.0
359,1359,0.0
359,1752,0.0
359,1737,0.0
359,1052,0.0
359,493,0.0
360,12,3.5
360,1502,0.0
360,1034,0.0
360,1991,0.0
360,1753,0.0
360,321,0.0
360,1691,0.0
360,239,0.0
360,1016,0.0
360,1083,0.0
360,649,0.0
360,561,0.0
360,1702,0.0
360,164,0.0
360,830,0.0
360,188,0.0
360,1510,0.0
360,2004,0.0
360,91,0.0
360,1829,0.0
360,1911,0.0
360,288,0.0
360,1532,0.0
360,1098,0.0
360,1580,0.0
360,1451,0.0
360,1408,0.0
360,1076,0.0
360,174,0.0
360,1696,0.0
360,1602,0.0
360,473,0.0
360,1934,0.0
360,1384,0.0
360,269,0.0
360,406,0.0
360,1147,0.0
360,693,0.0
360,375,0.0
360,1415,0.0
360,181,0.0
360,35,0.0
360,1235,0.0
360,1919,0.0
360,1971,0.0
360,133,0.0
360,864,0.0
360,923,0.0
360,689,0.0
360,1701,0.0
361,2,3.0
361,925,0.0
361,1638,0.0
361,1118,0.0
361,429,0.0
361,794,0.0
361,940,0.0
361,1748,0.0
361,1060,0.0
361,1416,0.0
361,1596,0.0
361,1314,0.0
361,1897,0.0
361,302,0.0
361,1779,0.0
361,1940,0.0
361,400,0.0
361,822,0.0
361,343,0.0
361,862,0.0
361,517,0.0
361,1400,0.0
361,1954,0.0
361,1841,0.0
361,164,0.0
361,1036,0.0
361,24,0.0
361,1759,0.0
361,1146,0.0
361,128,0.0
361,816,0.0
361,1657,0.0
361,1570,0.0
361,1017,0.0
361,594,0.0
361,1332,0.0
361,435,0.0
361,181,0.0
361,1611,0.0
361,615,0.0
361,743,0.0
361,1838,0.0
361,42,0.0
361,403,0.0
361,1952,0.0
361,604,0.0
361,655,0.0
361,1789,0.0
361,1613,0.0
361,262,0.0
362,16,1.5
362,1456,0.0
362,2016,0.0
362,571,0.0
362,301,0.0
362,963,0.0
362,1784,0.0
362,989,0.0
362,1192,0.0
362,976,0.0
362,1986,0.0
362,268,0.0
362,1387,0.0
362,623,0.0
362,99,0.0
362,1937,0.0
362,214,0.0
362,2018,0.0
362,624,0.0
362,96,0.0
362,818,0.0
362,629,0.0
362,547,0.0
362,336,0.0
362,358,0.0
362,1313,0.0
362,1419,0.0
362,1924,0.0
362,815,0.0
362,359,0.0
362,1014,0.0
362,346,0.0
362,1147,0.0
362,551,0.0
362,1676,0.0
362,537,0.0
362,653,0.0
362,1887,0.0
362,1930,0.0
362,421,0.0
362,335,0.0
362,1526,0.0
362,56,0.0
362,1685,0.0
362,1016,0.0
362,1902,0.0
362,911,0.0
362,716,0.0
362,1099,0.0
362,1489,0.0
363,241,3.0
363,691,0.0
363,161,0.0
363,2015,0.0
363,1820,0.0
363,1084,0.0
363,1108,0.0
363,1570,0.0
363,489,0.0
363,4,0.0
363,75,0.0
363,1276,0.0
363,6,0.0
363,680,0.0
363,1665,0.0
363,472,0.0
363,1161,0.0
363,1381,0.0
363,811,0.0
363,837,0.0
363,602,0.0
363,1186,0.0
363,317,0.0
363,1481,0.0
363,1276,0.0
363,1224,0.0
363,1555,0.0
363,1764,0.0
363,1698,0.0
363,1188,0.0
363,231,0.0
363,327,0.0
363,237,0.0
363,1143,0.0
363,949,0.0
363,1886,0.0
363,894,0.0
363,1904,0.0
363,618,0.0
363,249,0.0
363,1359,0.0
363,1307,0.0
363,197,0.0
363,415,0.0
363,731,0.0
363,1418,0.0
363,937,0.0
363,1174,0.0
363,1821,0.0
363,1288,0.0
364,217,2.5
364,1867,0.0
364,679,0.0
364,1032,0.0
364,1201,0.0
364,795,0.0
364,1418,0.0
364,1651,0.0
364,607,0.0
364,330,0.0
364,1879,0.0
364,55,0.0
364,1230,0.0
364,104,0.0
364,546,0.0
364,1744,0.0
364,792,0.0
364,1904,0.0
364,1378,0.0
364,1682,0.0
364,488,0.0
364,1822,0.0
364,1616,0.0
364,1526,0.0
364,1073,0.0
364,1110,0.0
364,1726,0.0
364,302,0.0
364,1024,0.0
364,1404,0.0
364,1977,0.0
364,649,0.0
364,647,0.0
364,1385,0.0
364,380,0.0
364,1689,0.0
364,161,0.0
364,18,0.0
364,973,0.0
364,1863,0.0
364,242,0.0
364,128,0.0
364,1199,0.0
364,408,0.0
364,791,0.0
364,942,0.0
364,1107,0.0
364,1399,0.0
364,221,0.0
364,1348,0.0
365,204,4.0
365,1187,0.0
365,3,0.0
365,1653,0.0
365,22,0.0
365,920,0.0
365,744,0.0
365,601,0.0
365,987,0.0
365,1790,0.0
365,1115,0.0
365,468,0.0
365,969,0.0
365,1178,0.0
365,1842,0.0
365,626,0.0
365,206,0.0
365,1013,0.0
365,80,0.0
365,614,0.0
365,482,0.0
365,1988,0.0
365,591,0.0
365,1430,0.0
365,1126,0.0
365,1263,0.0
365,1288,0.0
365,32,0.0
365,34,0.0
365,1272,0.0
365,999,0.0
365,1073,0.0
365,279,0.0
365,2007,0.0
365,1777,0.0
365,151,0.0
365,1682,0.0
365,1574,0.0
365,700,0.0
365,1560,0.0
365,1779,0.0
365,734,0.0
365,1018,0.0
365,1253,0.0
365,664,0.0
365,922,0.0
365,1311,0.0
365,1418,0.0
365,452,0.0
365,619,0.0
366,10,4.0
366,1076,0.0
366,495,0.0
366,947,0.0
366,93,0.0
366,624,0.0
366,228,0.0
366,249,0.0
366,1414,0.0
366,720,0.0
366,979,0.0
366,181,0.0
366,266,0.0
366,1003,0.0
366,280,0.0
366,1978,0.0
366,2007,0.0
366,961,0.0
366,666,0.0
366,1106,0.0
366,1209,0.0
366,1884,0.0
366,2020,0.0
366,1674,0.0
366,1590,0.0
366,530,0.0
366,1371,0.0
366,422,0.0
366,980,0.0
366,1881,0.0
366,2005,0.0
366,453,0.0
366,266,0.0
366,506,0.0
366,1165,0.0
366,315,0.0
366,1699,0.0
366,763,0.0
366,1255,0.0
366,1320,0.0
366,897,0.0
366,952,0.0
366,874,0.0
366,1595,0.0
366,915,0.0
366,21,0.0
366,383,0.0
366,1149,0.0
366,102,0.0
366,899,0.0
367,204,2.5
367,1186,0.0
367,945,0.0
367,1063,0.0
367,765,0.0
367,2039,0.0
367,907,0.0
367,84,0.0
367,783,0.0
367,1613,0.0
367,1748,0.0
367,815,0.0
367,1790,0.0
367,1114,0.0
367,1507,0.0
367,1408,0.0
367,1216,0.0
367,1276,0.0
367,1813,0.0
367,1678,0.0
367,1267,0.0
367,1747,0.0
367,706,0.0
367,269,0.0
367,840,0.0
367,1042,0.0
367,1063,0.0
367,1633,0.0
367,515,0.0
367,1056,0.0
367,1834,0.0
367,1700,0.0
367,449,0.0
367,1562,0.0
367,684,0.0
367,1872,0.0
367,624,0.0
367,1969,0.0
367,884,0.0
367,1915,0.0
367,1630,0.0
367,318,0.0
367,1768,0.0
367,1669,0.0
367,1147,0.0
367,1395,0.0
367,1374,0.0
367,1346,0.0
367,487,0.0
367,450,0.0
368,211,2.5
368,1854,0.0
368,1633,0.0
368,722,0.0
368,1981,0.0
368,1583,0.0
368,1853,0.0
368,1297,0.0
368,1729,0.0
368,763,0.0
368,1818,0.0
368,261,0.0
368,486,0.0
368,453,0.0
368,442,0.0
368,1285,0.0
368,542,0.0
368,1128,0.0
368,2023,0.0
368,349,0.0
368,823,0.0
368,437,0.0
368,2004,0.0
368,168,0.0
368,1771,0.0
368,1809,0.0
368,1366,0.0
368,1253,0.0
368,22,0.0
368,987,0.0
368,675,0.0
368,280,0.0
368,1542,0.0
368,721,0.0
368,252,0.0
368,403,0.0
368,132,0.0
368,1297,0.0
368,617,0.0
368,231,0.0
368,544,0.0
368,78,0.0
368,1058,0.0
368,494,0.0
368,1133,0.0
368,1344,0.0
368,1598,0.0
368,2004,0.0
368,327,0.0
368,966,0.0
369,215,4.0
369,1173,0.0
369,1364,0.0
369,1948,0.0
369,556,0.0
369,1197,0.0
369,166,0.0
369,708,0.0
369,717,0.0
369,1617,0.0
369,1603,0.0
369,96,0.0
369,678,0.0
369,403,0.0
369,1100,0.0
369,2019,0.0
369,1260,0.0
369,1731,0.0
369,290,0.0
369,135,0.0
369,1843,0.0
369,1831,0.0
369,888,0.0
369,880,0.0
369,366,0.0
369,547,0.0
369,901,0.0
369,247,0.0
369,765,0.0
369,1237,0.0
369,1787,0.0
369,69,0.0
369,745,0.0
369,995,0.0
369,328,0.0
369,1039,0.0
369,1510,0.0
369,1197,0.0
369,698,0.0
369,805,0.0
369,1760,0.0
369,273,0.0
369,523,0.0
369,1845,0.0
369,218,0.0
369,1023,0.0
369,1966,0.0
369,512,0.0
369,1422,0.0
369,1134,0.0
370,632,4.0
370,2036,0.0
370,1611,0.0
370,1784,0.0
370,1790,0.0
370,1073,0.0
370,867,0.0
370,969,0.0
370,721,0.0
370,157,0.0
370,327,0.0
370,1768,0.0
370,1906,0.0
370,1100,0.0
370,734,0.0
370,632,0.0
370,1477,0.0
370,1333,0.0
370,326,0.0
370,507,0.0
370,1876,0.0
370,869,0.0
370,1130,0.0
370,240,0.0
370,434,0.0
370,1051,0.0
370,703,0.0
370,1272,0.0
370,1387,0.0
370,1748,0.0
370,1556,0.0
370,1495,0.0
370,1690,0.0
370,1562,0.0
370,588,0.0
370,1841,0.0
370,412,0.0
370,1958,0.0
370,568,0.0
370,1654,0.0
370,2011,0.0
370,1188,0.0
370,988,0.0
370,1599,0.0
370,1071,0.0
370,1685,0.0
370,483,0.0
370,1181,0.0
370,667,0.0
370,150,0.0
371,245,4.0
371,1258,0.0
371,1476,0.0
371,1881,0.0
371,198,0.0
371,1500,0.0
371,1056,0.0
371,407,0.0
371,1112,0.0
371,1630,0.0
371,220,0.0
371,1092,0.0
371,1317,0.0
371,1260,0.0
371,1930,0.0
371,1183,0.0
371,1855,0.0
371,839,0.0
371,787,0.0
371,1313,0.0
371,1902,0.0
371,553,0.0
371,1927,0.0
371,577,0.0
371,532,0.0
371,334,0.0
371,1020,0.0
371,1605,0.0
371,1796,0.0
371,1525,0.0
371,245,0.0
371,1346,0.0
371,1770,0.0
371,1962,0.0
371,1807,0.0
371,610,0.0
371,328,0.0
371,546,0.0
371,338,0.0
371,1194,0.0
371,1133,0.0
371,993,0.0
371,806,0.0
371,1033,0.0
371,1225,0.0
371,1939,0.0
371,1280,0.0
371,1285,0.0
371,692,0.0
371,429,0.0
372,120,3.0
372,900,0.0
372,213,0.0
372,67,0.0
372,758,0.0
372,865,0.0
372,326,0.0
372,1073,0.0
372,1040,0.0
372,522,0.0
372,1844,0.0
372,1329,0.0
372,1415,0.0
372,987,0.0
372,1147,0.0
372,1003,0.0
372,503,0.0
372,1248,0.0
372,755,0.0
372,1341,0.0
372,472,0.0
372,2004,0.0
372,1867,0.0
372,1914,0.0
372,857,0.0
372,540,0.0
372,1381,0.0
372,1506,0.0
372,868,0.0
372,877,0.0
372,939,0.0
372,876,0.0
372,1452,0.0
372,796,0.0
372,1520,0.0
372,471,0.0
372,1594,0.0
372,1678,0.0
372,837,0.0
372,1887,0.0
372,1323,0.0
372,1761,0.0
372,1699,0.0
372,83,0.0
372,376,0.0
372,1336,0.0
372,1652,0.0
372,1343,0.0
372,203,0.0
372,1378,0.0
373,213,2.0
373,524,0.0
373,62,0.0
373,1036,0.0
373,760,0.0
373,204,0.0
373,896,0.0
373,1788,0.0
373,39,0.0
373,1188,0.0
373,1054,0.0
373,2035,0.0
373,1552,0.0
373,1672,0.0
373,876,0.0
373,1855,0.0
373,824,0.0
373,908,0.0
373,1700,0.0
373,397,0.0
373,1482,0.0
373,1816,0.0
373,1246,0.0
373,633,0.0
373,1101,0.0
373,1848,0.0
373,838,0.0
373,599,0.0
373,624,0.0
373,1635,0.0
373,1961,0.0
373,937,0.0
373,1838,0.0
373,883,0.0
373,1451,0.0
373,424,0.0
373,386,0.0
373,1262,0.0
373,1003,0.0
373,857,0.0
373,622,0.0
373,89,0.0
373,384,0.0
373,1998,0.0
373,1162,0.0
373,996,0.0
373,646,0.0
373,1547,0.0
373,1267,0.0
373,1528,0.0
374,2,2.5
374,98,0.0
374,1420,0.0
374,1903,0.0
374,170,0.0
374,147,0.0
374,122,0.0
374,111,0.0
374,1022,0.0
374,1011,0.0
374,1153,0.0
374,67,0.0
374,1882,0.0
374,827,0.0
374,1752,0.0
374,1923,0.0
374,891,0.0
374,1631,0.0
374,1680,0.0
374,1920,0.0
374,1568,0.0
374,1309,0.0
374,1028,0.0
374,1141,0.0
374,1675,0.0
374,229,0.0
374,159,0.0
374,1317,0.0
374,1784,0.0
374,1808,0.0
374,185,0.0
374,1013,0.0
374,876,0.0
374,551,0.0
374,1247,0.0
374,1175,0.0
374,1163,0.0
374,1390,0.0
374,1151,0.0
374,1374,0.0
374,146,0.0
374,1308,0.0
374,1492,0.0
374,1241,0.0
374,435,0.0
374,731,0.0
374,1168,0.0
374,1864,0.0
374,1300,0.0
374,1777,0.0
375,2,3.0
375,1179,0.0
375,386,0.0
375,534,0.0
375,199,0.0
375,274,0.0
375,500,0.0
375,458,0.0
375,49,0.0
375,969,0.0
375,1721,0.0
375,987,0.0
375,531,0.0
375,1003,0.0
375,627,0.0
375,1115,0.0
375,1884,0.0
375,1479,0.0
375,338,0.0
375,1076,0.0
375,1519,0.0
375,1658,0.0
375,1876,0.0
375,1873,0.0
375,1800,0.0
375,3,0.0
375,1704,0.0
375,280,0.0
375,1313,0.0
375,72,0.0
375,1160,0.0
375,1873,0.0
375,767,0.0
375,970,0.0
375,1676,0.0
375,997,0.0
375,1416,0.0
375,207,0.0
375,259,0.0
375,929,0.0
375,262,0.0
375,782,0.0
375,504,0.0
375,1573,0.0
375,202,0.0
375,1759,0.0
375,1370,0.0
375,2013,0.0
375,51,0.0
375,1616,0.0
376,208,2.5
376,1416,0.0
376,1654,0.0
376,528,0.0
376,1328,0.0
376,190,0.0
376,1747,0.0
376,77,0.0
376,1581,0.0
376,1628,0.0
376,888,0.0
376,1548,0.0
376,1763,0.0
376,1324,0.0
376,948,0.0
376,16,0.0
376,814,0.0
376,1597,0.0
376,433,0.0
376,1066,0.0
376,1091,0.0
376,1403,0.0
376,211,0.0
376,202,0.0
376,2025,0.0
376,725,0.0
376,108,0.0
376,2037,0.0
376,967,0.0
376,283,0.0
376,940,0.0
376,1960,0.0
376,1629,0.0
376,1248,0.0
376,736,0.0
376,1774,0.0
376,1141,0.0
376,931,0.0
376,602,0.0
376,1363,0.0
376,1824,0.0
376,1304,0.0
376,2027,0.0
376,490,0.0
376,18,0.0
376,1198,0.0
376,1492,0.0
376,1641,0.0
376,800,0.0
376,759,0.0
377,4,4.0
377,1837,0.0
377,661,0.0
377,66,0.0
377,704,0.0
377,1120,0.0
377,1554,0.0
377,2019,0.0
377,1341,0.0
377,97,0.0
377,1080,0.0
377,1886,0.0
377,1130,0.0
377,87,0.0
377,971,0.0
377,652,0.0
377,655,0.0
377,911,0.0
377,370,0.0
377,374,0.0
377,51,0.0
377,2036,0.0
377,1747,0.0
377,40,0.0
377,815,0.0
377,90,0.0
377,38,0.0
377,1036,0.0
377,899,0.0
377,1631,0.0
377,620,0.0
377,103,0.0
377,1889,0.0
377,742,0.0
377,42,0.0
377,208,0.0
377,599,0.0
377,604,0.0
377,1709,0.0
377,475,0.0
377,1661,0.0
377,108,0.0
377,1582,0.0
377,213,0.0
377,1627,0.0
377,1716,0.0
377,408,0.0
377,1576,0.0
377,770,0.0
377,632,0.0
378,204,3.0
378,1805,0.0
378,365,0.0
378,1795,0.0
378,1936,0.0
378,1262,0.0
378,623,0.0
378,1604,0.0
378,919,0.0
378,560,0.0
378,822,0.0
378,966,0.0
378,662,0.0
378,750,0.0
378,1872,0.0
378,1419,0.0
378,1418,0.0
378,1650,0.0
378,1098,0.0
378,1121,0.0
378,382,0.0
378,1646,0.0
378,1892,0.0
378,1393,0.0
378,1308,0.0
378,1279,0.0
378,1853,0.0
378,308,0.0
378,1652,0.0
378,175,0.0
378,227,0.0
378,346,0.0
378,2038,0.0
378,1641,0.0
378,1365,0.0
378,1919,0.0
378,1985,0.0
378,1262,0.0
378,1635,0.0
378,1020,0.0
378,1711,0.0
378,349,0.0
378,1978,0.0
378,454,0.0
378,440,0.0
378,760,0.0
378,1611,0.0
378,514,0.0
378,1104,0.0
378,1384,0.0
379,632,4.0
379,1612,0.0
379,476,0.0
379,1282,0.0
379,1116,0.0
379,1826,0.0
379,782,0.0
379,532,0.0
379,1597,0.0
379,1362,0.0
379,1947,0.0
379,1283,0.0
379,236,0.0
379,1164,0.0
379,974,0.0
379,1970,0.0
379,1967,0.0
379,678,0.0
379,1503,0.0
379,578,0.0
379,1373,0.0
379,1593,0.0
379,1747,0.0
379,129,0.0
379,2033,0.0
379,1560,0.0
379,10,0.0
379,256,0.0
379,815,0.0
379,368,0.0
379,943,0.0
379,1417,0.0
379,1616,0.0
379,1821,0.0
379,1442,0.0
379,881,0.0
379,18,0.0
379,109,0.0
379,1460,0.0
379,504,0.0
379,1057,0.0
379,1311,0.0
379,1867,0.0
379,1002,0.0
379,254,0.0
379,637,0.0
379,1744,0.0
379,133,0.0
379,498,0.0
379,396,0.0
380,210,3.5
380,1645,0.0
380,797,0.0
380,981,0.0
380,347,0.0
380,2036,0.0
380,1504,0.0
380,921,0.0
380,1698,0.0
380,1982,0.0
380,1610,0.0
380,1734,0.0
380,1947,0.0
380,920,0.0
380,956,0.0
380,360,0.0
380,1310,0.0
380,181,0.0
380,1474,0.0
380,96,0.0
380,562,0.0
380,313,0.0
380,1569,0.0
380,954,0.0
380,20,0.0
380,1719,0.0
380,804,0.0
380,575,0.0
380,1520,0.0
380,402,0.0
380,1147,0.0
380,612,0.0
380,1142,0.0
380,1876,0.0
380,1613,0.0
380,969,0.0
380,692,0.0
380,1734,0.0
380,1500,0.0
380,958,0.0
380,871,0.0
380,1725,0.0
380,839,0.0
380,102,0.0
380,332,0.0
380,1901,0.0
380,1810,0.0
380,1482,0.0
380,1153,0.0
380,752,0.0
381,209,2.0
381,1303,0.0
381,299,0.0
381,128,0.0
381,497,0.0
381,1906,0.0
381,437,0.0
381,1715,0.0
381,1315,0.0
381,206,0.0
381,2024,0.0
381,293,0.0
381,1963,0.0
381,1873,0.0
381,2006,0.0
381,1710,0.0
381,28,0.0
381,178,0.0
381,40,0.0
381,1493,0.0
381,1215,0.0
381,343,0.0
381,1772,0.0
381,815,0.0
381,1996,0.0
381,736,0.0
381,625,0.0
381,277,0.0
381,1378,0.0
381,528,0.0
381,85,0.0
381,1924,0.0
381,316,0.0
381,1880,0.0
381,1925,0.0
381,692,0.0
381,1360,0.0
381,862,0.0
381,1168,0.0
381,314,0.0
381,224,0.0
381,1446,0.0
381,1077,0.0
381,1917,0.0
381,1967,0.0
381,1956,0.0
381,1839,0.0
381,67,0.0
381,1642,0.0
381,1357,0.0
382,1,1.5
382,479,0.0
382,1001,0.0
382,711,0.0
382,1970,0.0
382,1673,0.0
382,714,0.0
382,1421,0.0
382,1817,0.0
382,814,0.0
382,1053,0.0
382,55,0.0
382,1654,0.0
382,1961,0.0
382,131,0.0
382,230,0.0
382,394,0.0
382,1175,0.0
382,1525,0.0
382,981,0.0
382,962,0.0
382,932,0.0
382,1529,0.0
382,1409,0.0
382,907,0.0
382,532,0.0
382,964,0.0
382,1990,0.0
382,447,0.0
382,1603,0.0
382,125,0.0
382,554,0.0
382,693,0.0
382,488,0.0
382,611,0.0
382,890,0.0
382,445,0.0
382,1493,0.0
382,1372,0.0
382,507,0.0
382,456,0.0
382,985,0.0
382,1931,0.0
382,1775,0.0
382,384,0.0
382,711,0.0
382,928,0.0
382,1471,0.0
382,1651,0.0
382,1138,0.0
383,250,4.0
383,1619,0.0
383,275,0.0
383,1054,0.0
383,7,0.0
383,1815,0.0
383,714,0.0
383,1958,0.0
383,32,0.0
383,809,0.0
383,1678,0.0
383,1475,0.0
383,1472,0.0
383,927,0.0
383,1930,0.0
383,861,0.0
383,36,0.0
383,1682,0.0
383,1970,0.0
383,1763,0.0
383,33,0.0
383,454,0.0
383,443,0.0
383,1260,0.0
383,211,0.0
383,1844,0.0
383,1163,0.0
383,701,0.0
383,607,0.0
383,1729,0.0
383,981,0.0
383,360,0.0
383,303,0.0
383,295,0.0
383,151,0.0
383,1969,0.0
383,1246,0.0
383,1219,0.0
383,599,0.0
383,1322,0.0
383,1552,0.0
383,1511,0.0
383,210,0.0
383,231,0.0
383,869,0.0
383,694,0.0
383,1697,0.0
383,366,0.0
383,480,0.0
383,1605,0.0
384,238,2.0
384,1467,0.0
384,1254,0.0
384,317,0.0
384,342,0.0
384,1453,0.0
384,1899,0.0
384,978,0.0
384,636,0.0
384,1489,0.0
384,78,0.0
384,892,0.0
384,572,0.0
384,448,0.0
384,1752,0.0
384,281,0.0
384,674,0.0
384,56,0.0
384,1998,0.0
384,190,0.0
384,643,0.0
384,1486,0.0
384,41,0.0
384,1509,0.0
384,1196,0.0
384,678,0.0
384,1273,0.0
384,1533,0.0
384,501,0.0
384,1216,0.0
384,789,0.0
384,1930,0.0
384,749,0.0
384,741,0.0
384,164,0.0
384,754,0.0
384,89,0.0
384,1714,0.0
384,986,0.0
384,1081,0.0
384,1996,0.0
384,1286,0.0
384,647,0.0
384,749,0.0
384,818,0.0
384,242,0.0
384,662,0.0
384,857,0.0
384,1899,0.0
384,1782,0.0
385,205,3.0
385,1638,0.0
385,291,0.0
385,1642,0.0
385,757,0.0
385,1405,0.0
385,1622,0.0
385,577,0.0
385,1161,0.0
385,1861,0.0
385,1223,0.0
385,1358,0.0
385,2028,0.0
385,604,0.0
385,446,0.0
385,1371,0.0
385,277,0.0
385,993,0.0
385,531,0.0
385,1824,0.0
385,1422,0.0
385,1414,0.0
385,983,0.0
385,601,0.0
385,561,0.0
385,1033,0.0
385,590,0.0
385,1572,0.0
385,58,0.0
385,1111,0.0
385,458,0.0
385,103,0.0
385,830,0.0
385,788,0.0
385,103,0.0
385,1277,0.0
385,741,0.0
385,1358,0.0
385,1486,0.0
385,1572,0.0
385,300,0.0
385,653,0.0
385,554,0.0
385,627,0.0
385,1364,0.0
385,1515,0.0
385,1107,0.0
385,928,0.0
385,1282,0.0
385,359,0.0
386,16,3.0
386,1317,0.0
386,476,0.0
386,382,0.0
386,555,0.0
386,1796,0.0
386,1715,0.0
386,1319,0.0
386,1674,0.0
386,333,0.0
386,1271,0.0
386,1264,0.0
386,1129,0.0
386,897,0.0
386,930,0.0
386,684,0.0
386,560,0.0
386,122,0.0
386,1058,0.0
386,617,0.0
386,987,0.0
386,839,0.0
386,415,0.0
386,707,0.0
386,1644,0.0
386,636,0.0
386,1350,0.0
386,1318,0.0
386,1455,0.0
386,346,0.0
386,36,0.0
386,1723,0.0
386,511,0.0
386,848,0.0
386,1993,0.0
386,1923,0.0
386,534,0.0
386,909,0.0
386,772,0.0
386,1729,0.0
386,1901,0.0
386,663,0.0
386,1041,0.0
386,26,0.0
386,535,0.0
386,1052,0.0
386,1674,0.0
386,1007,0.0
386,657,0.0
386,1658,0.0
387,217,3.0
387,335,0.0
387,1924,0.0
387,880,0.0
387,1453,0.0
387,971,0.0
387,684,0.0
387,1812,0.0
387,1357,0.0
387,740,0.0
387,1429,0.0
387,29,0.0
387,1558,0.0
387,1540,0.0
387,574,0.0
387,220,0.0
387,826,0.0
387,2013,0.0
387,593,0.0
387,1517,0.0
387,753,0.0
387,1276,0.0
387,1587,0.0
387,1344,0.0
387,1062,0.0
387,1020,0.0
387,1488,0.0
387,1794,0.0
387,1961,0.0
387,1862,0.0
387,1434,0.0
387,1435,0.0
387,491,0.0
387,437,0.0
387,478,0.0
387,782,0.0
387,2038,0.0
387,948,0.0
387,1007,0.0
387,71,0.0
387,581,0.0
387,219,0.0
387,1027,0.0
387,1885,0.0
387,1002,0.0
387,1936,0.0
387,289,0.0
387,379,0.0
387,1925,0.0
387,803,0.0
388,209,3.5
388,15,0.0
388,980,0.0
388,1164,0.0
388,1971,0.0
388,619,0.0
388,1443,0.0
388,1479,0.0
388,299,0.0
388,338,0.0
388,302,0.0
388,1915,0.0
388,591,0.0
388,75,0.0
388,1811,0.0
388,913,0.0
388,1973,0.0
388,779,0.0
388,1647,0.0
388,920,0.0
388,1339,0.0
388,1523,0.0
388,1098,0.0
388,1749,0.0
388,2035,0.0
388,365,0.0
388,1569,0.0
388,652,0.0
388,1005,0.0
388,1701,0.0
388,395,0.0
388,1254,0.0
388,803,0.0
388,1051,0.0
388,1498,0.0
388,1318,0.0
388,844,0.0
388,1450,0.0
388,871,0.0
388,1114,0.0
388,114,0.0
388,1182,0.0
388,1281,0.0
388,372,0.0
388,849,0.0
388,89,0.0
388,756,0.0
388,1321,0.0
388,30,0.0
388,1852,0.0
389,210,3.0
389,102,0.0
389,845,0.0
389,411,0.0
389,785,0.0
389,182,0.0
389,416,0.0
389,1139,0.0
389,1897,0.0
389,398,0.0
389,956,0.0
389,778,0.0
389,1699,0.0
389,654,0.0
389,436,0.0
389,317,0.0
389,1839,0.0
389,605,0.0
389,1273,0.0
389,910,0.0
389,1470,0.0
389,496,0.0
389,1366,0.0
389,426,0.0
389,817,0.0
389,1851,0.0
389,1022,0.0
389,239,0.0
389,1082,0.0
389,1550,0.0
389,796,0.0
389,202,0.0
389,1772,0.0
389,1489,0.0
389,1319,0.0
389,286,0.0
389,72,0.0
389,725,0.0
389,1546,0.0
389,336,0.0
389,1760,0.0
389,1341,0.0
389,202,0.0
389,230,0.0
389,903,0.0
389,1586,0.0
389,1080,0.0
389,643,0.0
389,1443,0.0
389,914,0.0
390,7,2.5
390,265,0.0
390,1310,0.0
390,140,0.0
390,894,0.0
390,405,0.0
390,292,0.0
390,1958,0.0
390,1929,0.0
390,1054,0.0
390,1194,0.0
390,354,0.0
390,204,0.0
390,1501,0.0
390,993,0.0
390,1955,0.0
390,290,0.0
390,110,0.0
390,1091,0.0
390,1718,0.0
390,372,0.0
390,195,0.0
390,125,0.0
390,1710,0.0
390,261,0.0
390,886,0.0
390,923,0.0
390,1821,0.0
390,154,0.0
390,1604,0.0
390,107,0.0
390,1446,0.0
390,34,0.0
390,1894,0.0
390,1067,0.0
390,654,0.0
390,722,0.0
390,2013,0.0
390,997,0.0
390,415,0.0
390,999,0.0
390,284,0.0
390,1470,0.0
390,517,0.0
390,1753,0.0
390,26,0.0
390,226,0.0
390,1819,0.0
390,1924,0.0
390,1448,0.0
391,206,3.5
391,1533,0.0
391,1367,0.0
391,569,0.0
391,1114,0.0
391,1670,0.0
391,861,0.0
391,168,0.0
391,1357,0.0
391,1657,0.0
391,1011,0.0
391,235,0.0
391,398,0.0
391,587,0.0
391,820,0.0
391,1012,0.0
391,476,0.0
391,1558,0.0
391,844,0.0
391,584,0.0
391,1111,0.0
391,614,0.0
391,605,0.0
391,960,0.0
391,1851,0.0
391,777,0.0
391,1276,0.0
391,357,0.0
391,1081,0.0
391,1966,0.0
391,1422,0.0
391,520,0.0
391,524,0.0
391,1942,0.0
391,1440,0.0
391,392,0.0
391,1666,0.0
391,1245,0.0
391,1352,0.0
391,1395,0.0
391,1534,0.0
391,152,0.0
391,892,0.0
391,1902,0.0
391,983,0.0
391,479,0.0
391,582,0.0
391,1955,0.0
391,856,0.0
391,19,0.0
392,1,4.0
392,348,0.0
392,1512,0.0
392,1967,0.0
392,669,0.0
392,257,0.0
392,654,0.0
392,1070,0.0
392,1050,0.0
392,1990,0.0
392,1050,0.0
392,2004,0.0
392,1420,0.0
392,1974,0.0
392,144,0.0
392,586,0.0
392,1722,0.0
392,521,0.0
392,1144,0.0
392,800,0.0
392,1485,0.0
392,1700,0.0
392,381,0.0
392,775,0.0
392,672,0.0
392,1926,0.0
392,1441,0.0
392,326,0.0
392,1414,0.0
392,1320,0.0
392,629,0.0
392,2019,0.0
392,1846,0.0
392,1798,0.0
392,83,0.0
392,145,0.0
392,2028,0.0
392,1194,0.0
392,2024,0.0
392,1357,0.0
392,423,0.0
392,1332,0.0
392,1549,0.0
392,660,0.0
392,1904,0.0
392,762,0.0
392,568,0.0
392,346,0.0
392,1325,0.0
392,1945,0.0
393,12,2.0
393,1488,0.0
393,1245,0.0
393,798,0.0
393,1698,0.0
393,364,0.0
393,71,0.0
393,1263,0.0
393,503,0.0
393,1437,0.0
393,126,0.0
393,1510,0.0
393,1620,0.0
393,1550,0.0
393,1271,0.0
393,481,0.0
393,1335,0.0
393,1467,0.0
393,282,0.0
393,1025,0.0
393,73,0.0
393,1087,0.0
393,772,0.0
393,346,0.0
393,323,0.0
393,238,0.0
393,1420,0.0
393,336,0.0
393,340,0.0
393,1302,0.0
393,1376,0.0
393,945,0.0
393,891,0.0
393,1486,0.0
393,461,0.0
393,1736,0.0
393,2027,0.0
393,1316,0.0
393,797,0.0
393,732,0.0
393,1430,0.0
393,161,0.0
393,1526,0.0
393,447,0.0
393,1718,0.0
393,1478,0.0
393,1908,0.0
393,264,0.0
393,1009,0.0
393,131,0.0
394,6,3.0
394,208,0.0
394,466,0.0
394,931,0.0
394,1327,0.0
394,1990,0.0
394,1608,0.0
394,1415,0.0
394,1176,0.0
394,646,0.0
394,361,0.0
394,1287,0.0
394,1239,0.0
394,720,0.0
394,715,0.0
394,1645,0.0
394,542,0.0
394,1547,0.0
394,1662,0.0
394,1848,0.0
394,193,0.0
394,651,0.0
394,1050,0.0
394,1069,0.0
394,646,0.0
394,1852,0.0
394,953,0.0
394,1081,0.0
394,1036,0.0
394,948,0.0
394,1635,0.0
394,960,0.0
394,48,0.0
394,802,0.0
394,1117,0.0
394,606,0.0
394,1680,0.0
394,1607,0.0
394,1474,0.0
394,1402,0.0
394,9,0.0
394,673,0.0
394,725,0.0
394,515,0.0
394,223,0.0
394,1404,0.0
394,1564,0.0
394,1325,0.0
394,202,0.0
394,941,0.0
395,239,4.0
395,388,0.0
395,473,0.0
395,1404,0.0
395,764,0.0
395,1654,0.0
395,591,0.0
395,1147,0.0
395,1848,0.0
395,1095,0.0
395,981,0.0
395,993,0.0
395,167,0.0
395,283,0.0
395,1517,0.0
395,1059,0.0
395,823,0.0
395,1198,0.0
395,1222,0.0
395,1139,0.0
395,1959,0.0
395,1338,0.0
395,1962,0.0
395,1243,0.0
395,890,0.0
395,1601,0.0
395,1800,0.0
395,133,0.0
395,1654,0.0
395,121,0.0
395,832,0.0
395,1922,0.0
395,1021,0.0
395,1993,0.0
395,1444,0.0
395,894,0.0
395,1515,0.0
395,1622,0.0
395,288,0.0
395,1672,0.0
395,1076,0.0
395,1228,0.0
395,1371,0.0
395,1074,0.0
395,838,0.0
395,1945,0.0
395,911,0.0
395,39,0.0
395,249,0.0
395,217,0.0
396,250,4.0
396,1220,0.0
396,108,0.0
396,1883,0.0
396,1243,0.0
396,1799,0.0
396,1946,0.0
396,719,0.0
396,1342,0.0
396,1105,0.0
396,1560,0.0
396,1721,0.0
396,431,0.0
396,1920,0.0
396,1031,0.0
396,635,0.0
396,1172,0.0
396,1121,0.0
396,1751,0.0
396,1124,0.0
396,1753,0.0
396,366,0.0
396,1485,0.0
396,2041,0.0
396,924,0.0
396,413,0.0
396,1282,0.0
396,1926,0.0
396,355,0.0
396,10,0.0
396,1439,0.0
396,1594,0.0
396,1273,0.0
396,1675,0.0
396,1870,0.0
396,1573,0.0
396,1145,0.0
396,1943,0.0
396,64,0.0
396,1681,0.0
396,1325,0.0
396,124,0.0
396,311,0.0
396,1214,0.0
396,774,0.0
396,1001,0.0
396,872,0.0
396,1473,0.0
396,1831,0.0
396,693,0.0
397,6,3.0
397,957,0.0
397,1274,0.0
397,1672,0.0
397,1853,0.0
397,294,0.0
397,178,0.0
397,228,0.0
397,882,0.0
397,393,0.0
397,691,0.0
397,1419,0.0
397,71,0.0
397,317,0.0
397,1922,0.0
397,594,0.0
397,378,0.0
397,906,0.0
397,135,0.0
397,729,0.0
397,1644,0.0
397,1401,0.0
397,1942,0.0
397,1142,0.0
397,905,0.0
397,529,0.0
397,1867,0.0
397,934,0.0
397,665,0.0
397,522,0.0
397,1673,0.0
397,386,0.0
397,573,0.0
397,582,0.0
397,572,0.0
397,643,0.0
397,572,0.0
397,2023,0.0
397,1927,0.0
397,869,0.0
397,1292,0.0
397,1547,0.0
397,546,0.0
397,1509,0.0
397,437,0.0
397,1586,0.0
397,554,0.0
397,1763,0.0
397,110,0.0
397,1345,0.0
398,1,2.5
398,1101,0.0
398,1514,0.0
398,1694,0.0
398,855,0.0
398,1295,0.0
398,659,0.0
398,1573,0.0
398,110,0.0
398,1038,0.0
398,77,0.0
398,500,0.0
398,587,0.0
398,417,0.0
398,1863,0.0
398,274,0.0
398,1517,0.0
398,1220,0.0
398,1399,0.0
398,1754,0.0
398,1086,0.0
398,1384,0.0
398,972,0.0
398,1567,0.0
398,990,0.0
398,1768,0.0
398,1133,0.0
398,1700,0.0
398,193,0.0
398,1542,0.0
398,1967,0.0
398,1674,0.0
398,1482,0.0
398,854,0.0
398,798,0.0
398,1963,0.0
398,300,0.0
398,967,0.0
398,567,0.0
398,671,0.0
398,1519,0.0
398,148,0.0
398,1822,0.0
398,768,0.0
398,1484,0.0
398,138,0.0
398,860,0.0
398,1859,0.0
398,291,0.0
398,334,0.0
399,248,1.5
399,1355,0.0
399,1140,0.0
399,88,0.0
399,618,0.0
399,1756,0.0
399,1758,0.0
399,121,0.0
399,1917,0.0
399,865,0.0
399,32,0.0
399,602,0.0
399,695,0.0
399,887,0.0
399,1793,0.0
399,1421,0.0
399,524,0.0
399,1047,0.0
399,1348,0.0
399,33,0.0
399,246,0.0
399,1878,0.0
399,1042,0.0
399,1053,0.0
399,48,0.0
399,1962,0.0
399,911,0.0
399,179,0.0
399,1393,0.0
399,1907,0.0
399,2023,0.0
399,737,0.0
399,1968,0.0
399,1418,0.0
399,589,0.0
399,495,0.0
399,430,0.0
399,1230,0.0
399,1058,0.0
399,1785,0.0
399,1606,0.0
399,1436,0.0
399,363,0.0
399,309,0.0
399,981,0.0
399,1302,0.0
399,1175,0.0
399,226,0.0
399,1266,0.0
399,9,0.0
400,213,3.0
400,15,0.0
400,656,0.0
400,111,0.0
400,1391,0.0
400,1125,0.0
400,593,0.0
400,1429,0.0
400,2005,0.0
400,506,0.0
400,1634,0.0
400,670,0.0
400,1063,0.0
400,1690,0.0
400,1571,0.0
400,1404,0.0
400,758,0.0
400,1539,0.0
400,496,0.0
400,1909,0.0
400,964,0.0
400,280,0.0
400,350,0.0
400,333,0.0
400,1949,0.0
400,1966,0.0
400,760,0.0
400,1547,0.0
400,1306,0.0
400,1964,0.0
400,727,0.0
400,1342,0.0
400,822,0.0
400,1437,0.0
400,1617,0.0
400,13,0.0
400,1079,0.0
400,1426,0.0
400,341,0.0
400,1817,0.0
400,198,0.0
400,1883,0.0
400,677,0.0
400,1988,0.0
400,1315,0.0
400,657,0.0
400,1464,0.0
400,77,0.0
400,111,0.0
400,534,0.0
401,342,3.5
401,575,0.0
401,968,0.0
401,1877,0.0
401,1910,0.0
401,1772,0.0
401,687,0.0
401,290,0.0
401,804,0.0
401,1334,0.0
401,1936,0.0
401,667,0.0
401,384,0.0
401,1076,0.0
401,1608,0.0
401,1206,0.0
401,1392,0.0
401,700,0.0
401,12,0.0
401,1582,0.0
401,959,0.0
401,159,0.0
401,1307,0.0
401,564,0.0
401,1310,0.0
401,7,0.0
401,71,0.0
401,891,0.0
401,97,0.0
401,86,0.0
401,1865,0.0
401,100,0.0
401,2031,0.0
401,280,0.0
401,882,0.0
401,1312,0.0
401,748,0.0
401,195,0.0
401,390,0.0
401,608,0.0
401,449,0.0
401,1391,0.0
401,1453,0.0
401,1119,0.0
401,1284,0.0
401,1535,0.0
401,120,0.0
401,1389,0.0
401,1808,0.0
401,331,0.0
402,3,2.0
402,1055,0.0
402,1693,0.0
402,14,0.0
402,1341,0.0
402,1869,0.0
402,1266,0.0
402,16,0.0
402,533,0.0
402,1779,0.0
402,1949,0.0
402,80,0.0
402,655,0.0
402,435,0.0
402,1031,0.0
402,1983,0.0
402,1018,0.0
402,678,0.0
402,1310,0.0
402,779,0.0
402,1824,0.0
402,185,0.0
402,1547,0.0
402,1816,0.0
402,421,0.0
402,1839,0.0
402,465,0.0
402,82,0.0
402,566,0.0
402,642,0.0
402,1660,0.0
402,1506,0.0
402,324,0.0
402,1442,0.0
402,50,0.0
402,1050,0.0
402,676,0.0
402,2029,0.0
402,980,0.0
402,1935,0.0
402,2011,0.0
402,792,0.0
402,1568,0.0
402,1085,0.0
402,656,0.0
402,1194,0.0
402,1309,0.0
402,1832,0.0
402,116,0.0
402,1027,0.0
403,248,4.0
403,1509,0.0
403,1858,0.0
403,1160,0.0
403,1997,0.0
403,1395,0.0
403,1982,0.0
403,1279,0.0
403,394,0.0
403,1060,0.0
403,1677,0.0
403,1170,0.0
403,1031,0.0
403,1274,0.0
403,646,0.0
403,1594,0.0
403,1658,0.0
403,1470,0.0
403,262,0.0
403,631,0.0
403,1462,0.0
403,1282,0.0
403,1346,0.0
403,529,0.0
403,300,0.0
403,1888,0.0
403,484,0.0
403,91,0.0
403,1187,0.0
403,1679,0.0
403,1358,0.0
403,1948,0.0
403,314,0.0
403,1937,0.0
403,944,0.0
403,237,0.0
403,1709,0.0
403,82,0.0
403,668,0.0
403,1989,0.0
403,1132,0.0
403,177,0.0
403,249,0.0
403,2030,0.0
403,764,0.0
403,1590,0.0
403,666,0.0
403,902,0.0
403,90,0.0
403,338,0.0
404,248,2.5
404,330,0.0
404,767,0.0
404,1000,0.0
404,1662,0.0
404,1154,0.0
404,2017,0.0
404,529,0.0
404,1742,0.0
404,1624,0.0
404,1461,0.0
404,2033,0.0
404,242,0.0
404,1486,0.0
404,349,0.0
404,1040,0.0
404,1489,0.0
404,734,0.0
404,881,0.0
404,362,0.0
404,1233,0.0
404,1014,0.0
404,1634,0.0
404,524,0.0
404,830,0.0
404,781,0.0
404,1722,0.0
404,419,0.0
404,785,0.0
404,132,0.0
404,13,0.0
404,1816,0.0
404,1067,0.0
404,1400,0.0
404,294,0.0
404,1419,0.0
404,1127,0.0
404,444,0.0
404,1085,0.0
404,1588,0.0
404,1844,0.0
404,411,0.0
404,1954,0.0
404,629,0.0
404,320,0.0
404,1154,0.0
404,1834,0.0
404,817,0.0
404,1222,0.0
404,904,0.0
405,775,3.5
405,1700,0.0
405,893,0.0
405,956,0.0
405,218,0.0
405,1540,0.0
405,1934,0.0
405,726,0.0
405,1008,0.0
405,1730,0.0
405,1489,0.0
405,2026,0.0
405,1817,0.0
405,517,0.0
405,1914,0.0
405,811,0.0
405,501,0.0
405,57,0.0
405,1360,0.0
405,1533,0.0
405,813,0.0
405,613,0.0
405,425,0.0
405,1583,0.0
405,1393,0.0
405,1434,0.0
405,1811,0.0
405,1989,0.0
405,882,0.0
405,1698,0.0
405,1867,0.0
405,431,0.0
405,1986,0.0
405,2031,0.0
405,1219,0.0
405,1400,0.0
405,947,0.0
405,1388,0.0
405,1859,0.0
405,1667,0.0
405,934,0.0
405,404,0.0
405,491,0.0
405,65,0.0
405,911,0.0
405,390,0.0
405,82,0.0
405,1002,0.0
405,480,0.0
405,776,0.0
406,233,3.5
406,1852,0.0
406,683,0.0
406,1411,0.0
406,587,0.0
406,1232,0.0
406,1337,0.0
406,616,0.0
406,2027,0.0
406,25,0.0
406,862,0.0
406,78,0.0
406,1011,0.0
406,2017,0.0
406,127,0.0
406,412,0.0
406,136,0.0
406,1357,0.0
406,547,0.0
406,387,0.0
406,570,0.0
406,1253,0.0
406,1015,0.0
406,420,0.0
406,1147,0.0
406,1111,0.0
406,1872,0.0
406,140,0.0
406,1939,0.0
406,1808,0.0
406,50,0.0
406,986,0.0
406,1590,0.0
406,928,0.0
406,1428,0.0
406,1360,0.0
406,661,0.0
406,1688,0.0
406,1986,0.0
406,1754,0.0
406,1754,0.0
406,365,0.0
406,907,0.0
406,1934,0.0
406,997,0.0
406,2003,0.0
406,853,0.0
406,257,0.0
406,1411,0.0
406,44,0.0
407,238,3.5
407,1256,0.0
407,391,0.0
407,1961,0.0
407,1192,0.0
407,1466,0.0
407,1786,0.0
407,167,0.0
407,1254,0.0
407,1173,0.0
407,663,0.0
407,1573,0.0
407,1409,0.0
407,380,0.0
407,1832,0.0
407,2024,0.0
407,1298,0.0
407,1640,0.0
407,897,0.0
407,1883,0.0
407,863,0.0
407,61,0.0
407,1490,0.0
407,527,0.0
407,861,0.0
407,149,0.0
407,1165,0.0
407,115,0.0
407,823,0.0
407,64,0.0
407,1452,0.0
407,309,0.0
407,705,0.0
407,853,0.0
407,1453,0.0
407,1023,0.0
407,1184,0.0
407,1998,0.0
407,305,0.0
407,1384,0.0
407,1301,0.0
407,1319,0.0
407,1574,0.0
407,872,0.0
407,168,0.0
407,1482,0.0
407,1603,0.0
407,1030,0.0
407,1620,0.0
407,1734,0.0
408,12,2.0
408,1369,0.0
408,2006,0.0
408,1117,0.0
408,327,0.0
408,99,0.0
408,1820,0.0
408,460,0.0
408,1338,0.0
408,24,0.0
408,1941,0.0
408,493,0.0
408,352,0.0
408,868,0.0
408,1140,0.0
408,198,0.0
408,1302,0.0
408,1605,0.0
408,846,0.0
408,1102,0.0
408,1447,0.0
408,1377,0.0
408,525,0.0
408,540,0.0
408,1679,0.0
408,476,0.0
408,1878,0.0
408,9,0.0
408,1582,0.0
408,1526,0.0
408,1283,0.0
408,523,0.0
408,809,0.0
408,1761,0.0
408,771,0.0
408,1619,0.0
408,1883,0.0
408,859,0.0
408,1029,0.0
408,1933,0.0
408,1782,0.0
408,1058,0.0
408,174,0.0
408,441,0.0
408,1600,0.0
408,1170,0.0
408,1592,0.0
408,1216,0.0
408,1036,0.0
408,1927,0.0
409,10,4.0
409,1699,0.0
409,1124,0.0
409,574,0.0
409,1628,0.0
409,1742,0.0
409,474,0.0
409,1968,0.0
409,310,0.0
409,1607,0.0
409,1083,0.0
409,1976,0.0
409,1052,0.0
409,530,0.0
409,990,0.0
409,72,0.0
409,1417,0.0
409,868,0.0
409,393,0.0
409,1781,0.0
409,480,0.0
409,472,0.0
409,312,0.0
409,1461,0.0
409,951,0.0
409,323,0.0
409,1012,0.0
409,964,0.0
409,86,0.0
409,358,0.0
409,694,0.0
409,196,0.0
409,755,0.0
409,1863,0.0
409,976,0.0
409,1408,0.0
409,1141,0.0
409,497,0.0
409,907,0.0
409,930,0.0
409,1907,0.0
409,461,0.0
409,1519,0.0
409,1617,0.0
409,969,0.0
409,1270,0.0
409,1998,0.0
409,233,0.0
409,416,0.0
409,1490,0.0
410,10,4.0
410,969,0.0
410,1297,0.0
410,1034,0.0
410,870,0.0
410,1070,0.0
410,1538,0.0
410,1665,0.0
410,437,0.0
410,1607,0.0
410,670,0.0
410,903,0.0
410,1450,0.0
410,1455,0.0
410,1153,0.0
410,1045,0.0
410,891,0.0
410,388,0.0
410,134,0.0
410,531,0.0
410,219,0.0
410,332,0.0
410,1153,0.0
410,1055,0.0
410,1625,0.0
410,1794,0.0
410,1448,0.0
410,1321,0.0
410,1527,0.0
410,1868,0.0
410,1784,0.0
410,2004,0.0
410,1708,0.0
410,356,0.0
410,2006,0.0
410,1478,0.0
410,400,0.0
410,2011,0.0
410,895,0.0
410,1582,0.0
410,989,0.0
410,708,0.0
410,1943,0.0
410,1478,0.0
410,1914,0.0
410,1057,0.0
410,1789,0.0
410,247,0.0
410,945,0.0
410,41,0.0
411,12,4.0
411,581,0.0
411,870,0.0
411,1383,0.0
411,547,0.0
411,1131,0.0
411,1047,0.0
411,1675,0.0
411,464,0.0
411,1045,0.0
411,501,0.0
411,850,0.0
411,1864,0.0
411,715,0.0
411,891,0.0
411,1759,0.0
411,500,0.0
411,734,0.0
411,592,0.0
411,406,0.0
411,1353,0.0
411,702,0.0
411,285,0.0
411,146,0.0
411,793,0.0
411,2009,0.0
411,383,0.0
411,10,0.0
411,275,0.0
411,885,0.0
411,1591,0.0
411,1708,0.0
411,963,0.0
411,302,0.0
411,203,0.0
411,344,0.0
411,1783,0.0
411,825,0.0
411,1289,0.0
411,21,0.0
411,838,0.0
411,535,0.0
411,1729,0.0
411,1119,0.0
411,980,0.0
411,1468,0.0
411,262,0.0
411,583,0.0
411,1012,0.0
411,1778,0.0
412,209,4.0
412,76,0.0
412,233,0.0
412,829,0.0
412,585,0.0
412,483,0.0
412,1487,0.0
412,270,0.0
412,1844,0.0
412,938,0.0
412,1490,0.0
412,468,0.0
412,631,0.0
412,546,0.0
412,718,0.0
412,1007,0.0
412,269,0.0
412,604,0.0
412,964,0.0
412,377,0.0
412,176,0.0
412,273,0.0
412,1714,0.0
412,1664,0.0
412,636,0.0
412,26,0.0
412,575,0.0
412,59,0.0
412,730,0.0
412,1240,0.0
412,1704,0.0
412,660,0.0
412,269,0.0
412,1139,0.0
412,244,0.0
412,659,0.0
412,1627,0.0
412,84,0.0
412,1622,0.0
412,906,0.0
412,1655,0.0
412,1473,0.0
412,1875,0.0
412,535,0.0
412,1910,0.0
412,88,0.0
412,548,0.0
412,853,0.0
412,894,0.0
412,506,0.0
413,253,2.5
413,1999,0.0
413,1853,0.0
413,569,0.0
413,741,0.0
413,107,0.0
413,1042,0.0
413,1388,0.0
413,1676,0.0
413,1402,0.0
413,159,0.0
413,99,0.0
413,264,0.0
413,1773,0.0
413,749,0.0
413,1072,0.0
413,676,0.0
413,798,0.0
413,1438,0.0
413,1082,0.0
413,182,0.0
413,658,0.0
413,1470,0.0
413,1921,0.0
413,1324,0.0
413,607,0.0
413,1578,0.0
413,1377,0.0
413,1792,0.0
413,1236,0.0
413,1212,0.0
413,642,0.0
413,346,0.0
413,811,0.0
413,1926,0.0
413,800,0.0
413,1160,0.0
413,1053,0.0
413,145,0.0
413,1847,0.0
413,2009,0.0
413,1491,0.0
413,2021,0.0
413,1640,0.0
413,502,0.0
413,798,0.0
413,967,0.0
413,1214,0.0
413,470,0.0
413,689,0.0
414,206,3.5
414,1154,0.0
414,1600,0.0
414,891,0.0
414,447,0.0
414,185,0.0
414,1652,0.0
414,1209,0.0
414,1297,0.0
414,1686,0.0
414,351,0.0
414,1436,0.0
414,1174,0.0
414,383,0.0
414,1059,0.0
414,325,0.0
414,464,0.0
414,465,0.0
414,1118,0.0
414,1157,0.0
414,161,0.0
414,555,0.0
414,299,0.0
414,1818,0.0
414,355,0.0
414,1263,0.0
414,563,0.0
414,1961,0.0
414,792,0.0
414,1022,0.0
414,585,0.0
414,1830,0.0
414,749,0.0
414,1190,0.0
414,139,0.0
414,1162,0.0
414,1904,0.0
414,234,0.0
414,2036,0.0
414,1026,0.0
414,255,0.0
414,370,0.0
414,277,0.0
414,515,0.0
414,903,0.0
414,1805,0.0
414,1235,0.0
414,1239,0.0
414,269,0.0
414,475,0.0
415,8,4.0
415,17,0.0
415,1675,0.0
415,397,0.0
415,1006,0.0
415,593,0.0
415,188,0.0
415,1643,0.0
415,1769,0.0
415,1803,0.0
415,103,0.0
415,1946,0.0
415,1669,0.0
415,1367,0.0
415,1394,0.0
415,32,0.0
415,748,0.0
415,373,0.0
415,1871,0.0
415,1201,0.0
415,1035,0.0
415,1886,0.0
415,1976,0.0
415,740,0.0
415,1844,0.0
415,1804,0.0
415,889,0.0
415,455,0.0
415,1893,0.0
415,1666,0.0
415,248,0.0
415,447,0.0
415,1017,0.0
415,979,0.0
415,1593,0.0
415,1027,0.0
415,1259,0.0
415,172,0.0
415,1345,0.0
415,370,0.0
415,1571,0.0
415,790,0.0
415,748,0.0
415,786,0.0
415,1319,0.0
415,839,0.0
415,399,0.0
415,1081,0.0
415,1898,0.0
415,1553,0.0
416,0,4.0
416,1712,0.0
416,1987,0.0
416,1696,0.0
416,1173,0.0
416,1605,0.0
416,1568,0.0
416,795,0.0
416,1879,0.0
416,1021,0.0
416,1283,0.0
416,1345,0.0
416,76,0.0
416,1133,0.0
416,816,0.0
416,895,0.0
416,650,0.0
416,546,0.0
416,1446,0.0
416,393,0.0
416,1258,0.0
416,1353,0.0
416,1735,0.0
416,324,0.0
416,150,0.0
416,1569,0.0
416,1659,0.0
416,878,0.0
416,1055,0.0
416,271,0.0
416,835,0.0
416,1845,0.0
416,1659,0.0
416,1947,0.0
416,367,0.0
416,1515,0.0
416,1339,0.0
416,589,0.0
416,587,0.0
416,571,0.0
416,1620,0.0
416,1391,0.0
416,79,0.0
416,1909,0.0
416,1195,0.0
416,257,0.0
416,278,0.0
416,503,0.0
416,1756,0.0
416,557,0.0
417,4,3.0
417,1138,0.0
417,298,0.0
417,914,0.0
417,1147,0.0
417,255,0.0
417,650,0.0
417,1741,0.0
417,46,0.0
417,1752,0.0
417,1854,0.0
417,902,0.0
417,462,0.0
417,1373,0.0
417,1146,0.0
417,30,0.0
417,2007,0.0
417,54,0.0
417,152,0.0
417,455,0.0
417,285,0.0
417,35,0.0
417,817,0.0
417,1933,0.0
417,1820,0.0
417,1946,0.0
417,1908,0.0
417,255,0.0
417,177,0.0
417,1571,0.0
417,1277,0.0
417,507,0.0
417,1697,0.0
417,20,0.0
417,1829,0.0
417,74,0.0
417,2016,0.0
417,718,0.0
417,459,0.0
417,2007,0.0
417,1201,0.0
417,1405,0.0
417,1060,0.0
417,1994,0.0
417,1143,0.0
417,2036,0.0
417,1938,0.0
417,629,0.0
417,0,0.0
417,1744,0.0
418,252,2.0
418,1466,0.0
418,735,0.0
418,339,0.0
418,1539,0.0
418,1376,0.0
418,623,0.0
418,704,0.0
418,1676,0.0
418,322,0.0
418,1163,0.0
418,860,0.0
418,1974,0.0
418,1468,0.0
418,94,0.0
418,552,0.0
418,1443,0.0
418,1537,0.0
418,789,0.0
418,1173,0.0
418,552,0.0
418,1374,0.0
418,115,0.0
418,631,0.0
418,1260,0.0
418,269,0.0
418,860,0.0
418,290,0.0
418,1457,0.0
418,8,0.0
418,1774,0.0
418,629,0.0
418,863,0.0
418,1850,0.0
418,1847,0.0
418,474,0.0
418,1545,0.0
418,536,0.0
418,2032,0.0
418,684,0.0
418,1760,0.0
418,1034,0.0
418,612,0.0
418,776,0.0
418,1926,0.0
418,1350,0.0
418,1953,0.0
418,594,0.0
418,275,0.0
418,369,0.0
419,249,4.0
419,1693,0.0
419,542,0.0
419,150,0.0
419,1342,0.0
419,1777,0.0
419,1691,0.0
419,1082,0.0
419,9,0.0
419,856,0.0
419,1147,0.0
419,355,0.0
419,1369,0.0
419,793,0.0
419,236,0.0
419,332,0.0
419,16,0.0
419,1447,0.0
419,323,0.0
419,22,0.0
419,930,0.0
419,458,0.0
419,1483,0.0
419,520,0.0
419,718,0.0
419,556,0.0
419,1444,0.0
419,1988,0.0
419,402,0.0
419,1354,0.0
419,456,0.0
419,1506,0.0
419,1521,0.0
419,1050,0.0
419,396,0.0
419,1976,0.0
419,1211,0.0
419,139,0.0
419,520,0.0
419,745,0.0
419,91,0.0
419,76,0.0
419,851,0.0
419,1267,0.0
419,844,0.0
419,666,0.0
419,1753,0.0
419,958,0.0
419,988,0.0
419,796,0.0
420,10,4.0
420,576,0.0
420,661,0.0
420,1343,0.0
420,756,0.0
420,451,0.0
420,569,0.0
420,1691,0.0
420,1135,0.0
420,634,0.0
420,1485,0.0
420,1888,0.0
420,1987,0.0
420,361,0.0
420,202,0.0
420,486,0.0
420,1503,0.0
420,3,0.0
420,1152,0.0
420,1049,0.0
420,800,0.0
420,976,0.0
420,26,0.0
420,1065,0.0
420,964,0.0
420,1606,0.0
420,63,0.0
420,1048,0.0
420,71,0.0
420,1505,0.0
420,1896,0.0
420,899,0.0
420,267,0.0
420,1849,0.0
420,94,0.0
420,394,0.0
420,868,0.0
420,363,0.0
420,1338,0.0
420,116,0.0
420,163,0.0
420,876,0.0
420,789,0.0
420,576,0.0
420,305,0.0
420,771,0.0
420,1763,0.0
420,199,0.0
420,2008,0.0
420,1755,0.0
421,763,3.5
421,1362,0.0
421,1382,0.0
421,1174,0.0
421,1123,0.0
421,233,0.0
421,1567,0.0
421,1085,0.0
421,1964,0.0
421,195,0.0
421,541,0.0
421,1778,0.0
421,1129,0.0
421,294,0.0
421,644,0.0
421,1474,0.0
421,1557,0.0
421,155,0.0
421,405,0.0
421,895,0.0
421,725,0.0
421,737,0.0
421,796,0.0
421,1706,0.0
421,553,0.0
421,1595,0.0
421,374,0.0
421,1612,0.0
421,454,0.0
421,201,0.0
421,1755,0.0
421,1475,0.0
421,1210,0.0
421,1631,0.0
421,853,0.0
421,723,0.0
421,1391,0.0
421,339,0.0
421,261,0.0
421,1864,0.0
421,1947,0.0
421,1612,0.0
421,542,0.0
421,550,0.0
421,1329,0.0
421,1869,0.0
421,1749,0.0
421,637,0.0
421,164,0.0
421,757,0.0
422,234,2.5
422,1719,0.0
422,1950,0.0
422,352,0.0
422,223,0.0
422,2026,0.0
422,1547,0.0
422,953,0.0
422,1730,0.0
422,1782,0.0
422,1532,0.0
422,367,0.0
422,1689,0.0
422,1613,0.0
422,1675,0.0
422,1523,0.0
422,1113,0.0
422,655,0.0
422,1972,0.0
422,1095,0.0
422,432,0.0
422,1712,0.0
422,1371,0.0
422,1286,0.0
422,1294,0.0
422,508,0.0
422,507,0.0
422,616,0.0
422,419,0.0
422,1095,0.0
422,73,0.0
422,1678,0.0
422,1526,0.0
422,573,0.0
422,145,0.0
422,45,0.0
422,1764,0.0
422,1128,0.0
422,1132,0.0
422,1340,0.0
422,120,0.0
422,1522,0.0
422,1066,0.0
422,1963,0.0
422,98,0.0
422,705,0.0
422,310,0.0
422,1237,0.0
422,1486,0.0
422,1764,0.0
423,2,3.5
423,2020,0.0
423,899,0.0
423,713,0.0
423,83,0.0
423,955,0.0
423,375,0.0
423,1076,0.0
423,1890,0.0
423,1519,0.0
423,1279,0.0
423,585,0.0
423,1243,0.0
423,1678,0.0
423,99,0.0
423,128,0.0
423,917,0.0
423,218,0.0
423,476,0.0
423,1806,0.0
423,1481,0.0
423,2003,0.0
423,21,0.0
423,1713,0.0
423,559,0.0
423,628,0.0
423,1018,0.0
423,1352,0.0
423,1911,0.0
423,1714,0.0
423,1503,0.0
423,1808,0.0
423,1897,0.0
423,338,0.0
423,1895,0.0
423,1882,0.0
423,178,0.0
423,420,0.0
423,1505,0.0
423,1006,0.0
423,48,0.0
423,1850,0.0
423,1929,0.0
423,766,0.0
423,29,0.0
423,84,0.0
423,788,0.0
423,1525,0.0
423,1569,0.0
423,328,0.0
424,1044,4.0
424,195,0.0
424,412,0.0
424,636,0.0
424,1102,0.0
424,1790,0.0
424,1680,0.0
424,1106,0.0
424,741,0.0
424,136,0.0
424,538,0.0
424,688,0.0
424,718,0.0
424,932,0.0
424,1947,0.0
424,305,0.0
424,1334,0.0
424,387,0.0
424,724,0.0
424,2039,0.0
424,1889,0.0
424,914,0.0
424,548,0.0
424,505,0.0
424,387,0.0
424,292,0.0
424,178,0.0
424,671,0.0
424,1452,0.0
424,1903,0.0
424,1547,0.0
424,1704,0.0
424,1335,0.0
424,79,0.0
424,1037,0.0
424,1077,0.0
424,446,0.0
424,765,0.0
424,1088,0.0
424,1395,0.0
424,502,0.0
424,569,0.0
424,95,0.0
424,1556,0.0
424,1283,0.0
424,584,0.0
424,247,0.0
424,126,0.0
424,498,0.0
424,45,0.0
425,8,3.5
425,496,0.0
425,847,0.0
425,1055,0.0
425,1287,0.0
425,112,0.0
425,972,0.0
425,1853,0.0
425,458,0.0
425,1299,0.0
425,1169,0.0
425,1380,0.0
425,5,0.0
425,1363,0.0
425,991,0.0
425,493,0.0
425,1131,0.0
425,1948,0.0
425,1795,0.0
425,70,0.0
425,938,0.0
425,1363,0.0
425,673,0.0
425,1123,0.0
425,1350,0.0
425,1056,0.0
425,142,0.0
425,1267,0.0
425,735,0.0
425,725,0.0
425,1655,0.0
425,1703,0.0
425,1884,0.0
425,216,0.0
425,1924,0.0
425,1997,0.0
425,433,0.0
425,1890,0.0
425,833,0.0
425,1752,0.0
425,1077,0.0
425,719,0.0
425,941,0.0
425,1615,0.0
425,906,0.0
425,1915,0.0
425,1968,0.0
425,994,0.0
425,1174,0.0
425,54,0.0
426,0,4.0
426,1664,0.0
426,1445,0.0
426,1677,0.0
426,1369,0.0
426,301,0.0
426,1321,0.0
426,1158,0.0
426,1078,0.0
426,55,0.0
426,1014,0.0
426,373,0.0
426,1611,0.0
426,830,0.0
426,919,0.0
426,1362,0.0
426,456,0.0
426,1378,0.0
426,131,0.0
426,492,0.0
426,1577,0.0
426,1887,0.0
426,109,0.0
426,581,0.0
426,795,0.0
426,1149,0.0
426,1883,0.0
426,1319,0.0
426,1202,0.0
426,1948,0.0
426,809,0.0
426,885,0.0
426,1220,0.0
426,772,0.0
426,1124,0.0
426,936,0.0
426,572,0.0
426,1206,0.0
426,1947,0.0
426,808,0.0
426,878,0.0
426,1032,0.0
426,412,0.0
426,1741,0.0
426,1957,0.0
426,829,0.0
426,565,0.0
426,1715,0.0
426,103,0.0
426,1149,0.0
427,709,2.5
427,1807,0.0
427,1549,0.0
427,1151,0.0
427,400,0.0
427,1595,0.0
427,1989,0.0
427,738,0.0
427,528,0.0
427,556,0.0
427,549,0.0
427,1147,0.0
427,359,0.0
427,63,0.0
427,1912,0.0
427,764,0.0
427,773,0.0
427,1979,0.0
427,623,0.0
427,101,0.0
427,560,0.0
427,1300,0.0
427,1250,0.0
427,1046,0.0
427,843,0.0
427,1720,0.0
427,1087,0.0
427,1180,0.0
427,1818,0.0
427,1413,0.0
427,1172,0.0
427,838,0.0
427,1386,0.0
427,680,0.0
427,1487,0.0
427,644,0.0
427,398,0.0
427,404,0.0
427,825,0.0
427,1155,0.0
427,1220,0.0
427,646,0.0
427,34,0.0
427,419,0.0
427,376,0.0
427,1422,0.0
427,219,0.0
427,1921,0.0
427,1911,0.0
427,696,0.0
428,250,3.0
428,1276,0.0
428,140,0.0
428,1475,0.0
428,1875,0.0
428,873,0.0
428,1855,0.0
428,1176,0.0
428,1916,0.0
428,1749,0.0
428,1331,0.0
428,1583,0.0
428,1340,0.0
428,1552,0.0
428,1319,0.0
428,842,0.0
428,1368,0.0
428,1604,0.0
428,596,0.0
428,1305,0.0
428,1231,0.0
428,951,0.0
428,551,0.0
428,2004,0.0
428,2031,0.0
428,1119,0.0
428,1475,0.0
428,2021,0.0
428,1785,0.0
428,372,0.0
428,647,0.0
428,1096,0.0
428,1836,0.0
428,1808,0.0
428,1704,0.0
428,332,0.0
428,392,0.0
428,1733,0.0
428,1882,0.0
428,1129,0.0
428,1124,0.0
428,1382,0.0
428,1770,0.0
428,1815,0.0
428,1352,0.0
428,1912,0.0
428,1641,0.0
428,394,0.0
428,34,0.0
428,156,0.0
429,248,3.0
429,621,0.0
429,1096,0.0
429,1951,0.0
429,1459,0.0
429,1881,0.0
429,292,0.0
429,654,0.0
429,936,0.0
429,1795,0.0
429,756,0.0
429,1460,0.0
429,995,0.0
429,1875,0.0
429,666,0.0
429,1684,0.0
429,59,0.0
429,1621,0.0
429,1727,0.0
429,326,0.0
429,1966,0.0
429,1205,0.0
429,798,0.0
429,784,0.0
429,766,0.0
429,1457,0.0
429,518,0.0
429,637,0.0
429,82,0.0
429,27,0.0
429,265,0.0
429,1306,0.0
429,396,0.0
429,961,0.0
429,2005,0.0
429,762,0.0
429,979,0.0
429,1723,0.0
429,1406,0.0
429,810,0.0
429,580,0.0
429,1342,0.0
429,1861,0.0
429,610,0.0
429,192,0.0
429,226,0.0
429,450,0.0
429,1205,0.0
429,931,0.0
429,1350,0.0
430,5,3.0
430,1641,0.0
430,2011,0.0
430,310,0.0
430,1806,0.0
430,382,0.0
430,980,0.0
430,1294,0.0
430,120,0.0
430,406,0.0
430,244,0.0
430,65,0.0
430,941,0.0
430,227,0.0
430,881,0.0
430,136,0.0
430,193,0.0
430,705,0.0
430,657,0.0
430,656,0.0
430,1512,0.0
430,1607,0.0
430,1377,0.0
430,929,0.0
430,1988,0.0
430,1727,0.0
430,555,0.0
430,1180,0.0
430,957,0.0
430,1499,0.0
430,1039,0.0
430,1101,0.0
430,51,0.0
430,513,0.0
430,1527,0.0
430,743,0.0
430,1084,0.0
430,1155,0.0
430,1405,0.0
430,1587,0.0
430,1832,0.0
430,691,0.0
430,542,0.0
430,409,0.0
430,154,0.0
430,632,0.0
430,50,0.0
430,1023,0.0
430,993,0.0
430,1118,0.0
431,233,1.5
431,1223,0.0
431,1206,0.0
431,409,0.0
431,1421,0.0
431,215,0.0
431,751,0.0
431,348,0.0
431,1603,0.0
431,830,0.0
431,1617,0.0
431,653,0.0
431,1021,0.0
431,1946,0.0
431,1064,0.0
431,1774,0.0
431,2,0.0
431,1117,0.0
431,1082,0.0
431,739,0.0
431,406,0.0
431,17,0.0
431,1517,0.0
431,750,0.0
431,1895,0.0
431,1531,0.0
431,585,0.0
431,887,0.0
431,331,0.0
431,1012,0.0
431,168,0.0
431,775,0.0
431,1695,0.0
431,848,0.0
431,1704,0.0
431,940,0.0
431,205,0.0
431,1892,0.0
431,520,0.0
431,1528,0.0
431,1017,0.0
431,1369,0.0
431,303,0.0
431,114,0.0
431,663,0.0
431,86,0.0
431,1118,0.0
431,742,0.0
431,427,0.0
431,1721,0.0
432,247,3.5
432,1411,0.0
432,763,0.0
432,1453,0.0
432,1499,0.0
432,1148,0.0
432,522,0.0
432,481,0.0
432,316,0.0
432,121,0.0
432,1570,0.0
432,580,0.0
432,1336,0.0
432,486,0.0
432,1674,0.0
432,1035,0.0
432,124,0.0
432,1834,0.0
432,658,0.0
432,1100,0.0
432,579,0.0
432,717,0.0
432,1259,0.0
432,1594,0.0
432,769,0.0
432,1277,0.0
432,903,0.0
432,405,0.0
432,1266,0.0
432,1484,0.0
432,276,0.0
432,1492,0.0
432,1243,0.0
432,1248,0.0
432,924,0.0
432,1124,0.0
432,853,0.0
432,1657,0.0
432,1753,0.0
432,506,0.0
432,1610,0.0
432,1354,0.0
432,236,0.0
432,993,0.0
432,1362,0.0
432,751,0.0
432,505,0.0
432,164,0.0
432,845,0.0
432,1692,0.0
433,9,1.5
433,621,0.0
433,900,0.0
433,1699,0.0
433,2016,0.0
433,1471,0.0
433,717,0.0
433,1055,0.0
433,326,0.0
433,73,0.0
433,250,0.0
433,449,0.0
433,905,0.0
433,354,0.0
433,532,0.0
433,295,0.0
433,297,0.0
433,1351,0.0
433,301,0.0
433,511,0.0
433,1361,0.0
433,584,0.0
433,373,0.0
433,1576,0.0
433,1117,0.0
433,131,0.0
433,1634,0.0
433,909,0.0
433,1933,0.0
433,52,0.0
433,1519,0.0
433,228,0.0
433,639,0.0
433,1235,0.0
433,796,0.0
433,790,0.0
433,1527,0.0
433,494,0.0
433,852,0.0
433,670,0.0
433,1887,0.0
433,1256,0.0
433,1094,0.0
433,1740,0.0
433,188,0.0
433,662,0.0
433,7,0.0
433,331,0.0
433,1635,0.0
433,1039,0.0
434,482,1.0
434,572,0.0
434,1657,0.0
434,601,0.0
434,1382,0.0
434,254,0.0
434,601,0.0
434,1538,0.0
434,279,0.0
434,116,0.0
434,609,0.0
434,1185,0.0
434,851,0.0
434,1910,0.0
434,2013,0.0
434,297,0.0
434,915,0.0
434,1320,0.0
434,1617,0.0
434,1381,0.0
434,1683,0.0
434,517,0.0
434,377,0.0
434,1720,0.0
434,425,0.0
434,1787,0.0
434,536,0.0
434,552,0.0
434,168,0.0
434,514,0.0
434,1387,0.0
434,1706,0.0
434,429,0.0
434,568,0.0
434,82,0.0
434,329,0.0
434,690,0.0
434,1156,0.0
434,1621,0.0
434,456,0.0
434,352,0.0
434,1806,0.0
434,343,0.0
434,1117,0.0
434,1405,0.0
434,1891,0.0
434,761,0.0
434,1318,0.0
434,197,0.0
434,78,0.0
435,12,4.0
435,1266,0.0
435,1953,0.0
435,1195,0.0
435,1526,0.0
435,1503,0.0
435,876,0.0
435,269,0.0
435,1444,0.0
435,162,0.0
435,954,0.0
435,23,0.0
435,496,0.0
435,192,0.0
435,877,0.0
435,389,0.0
435,496,0.0
435,963,0.0
435,805,0.0
435,128,0.0
435,1020,0.0
435,552,0.0
435,1566,0.0
435,1059,0.0
435,1480,0.0
435,360,0.0
435,764,0.0
435,1973,0.0
435,1900,0.0
435,1238,0.0
435,286,0.0
435,767,0.0
435,924,0.0
435,368,0.0
435,1492,0.0
435,898,0.0
435,1209,0.0
435,1497,0.0
435,1084,0.0
435,261,0.0
435,787,0.0
435,110,0.0
435,1852,0.0
435,941,0.0
435,140,0.0
435,744,0.0
435,534,0.0
435,78,0.0
435,1517,0.0
435,1054,0.0
436,16,3.0
436,52,0.0
436,717,0.0
436,1754,0.0
436,1218,0.0
436,1328,0.0
436,1730,0.0
436,1996,0.0
436,344,0.0
436,1105,0.0
436,0,0.0
436,166,0.0
436,316,0.0
436,1206,0.0
436,964,0.0
436,897,0.0
436,1885,0.0
436,272,0.0
436,1692,0.0
436,372,0.0
436,1385,0.0
436,899,0.0
436,200,0.0
436,1215,0.0
436,1364,0.0
436,1322,0.0
436,1529,0.0
436,1611,0.0
436,139,0.0
436,305,0.0
436,1219,0.0
436,1084,0.0
436,2011,0.0
436,1992,0.0
436,359,0.0
436,306,0.0
436,2039,0.0
436,1503,0.0
436,332,0.0
436,1889,0.0
436,1106,0.0
436,333,0.0
436,516,0.0
436,730,0.0
436,923,0.0
436,765,0.0
436,1497,0.0
436,1417,0.0
436,1623,0.0
436,1744,0.0
437,1389,3.0
437,1405,0.0
437,1559,0.0
437,1657,0.0
437,736,0.0
437,899,0.0
437,1928,0.0
437,1921,0.0
437,1442,0.0
437,122,0.0
437,1317,0.0
437,684,0.0
437,142,0.0
437,1002,0.0
437,937,0.0
437,1922,0.0
437,510,0.0
437,1950,0.0
437,1971,0.0
437,1704,0.0
437,56,0.0
437,41,0.0
437,820,0.0
437,1654,0.0
437,1144,0.0
437,1847,0.0
437,1786,0.0
437,342,0.0
437,331,0.0
437,1479,0.0
437,1460,0.0
437,340,0.0
437,340,0.0
437,1439,0.0
437,848,0.0
437,181,0.0
437,1700,0.0
437,983,0.0
437,1287,0.0
437,1233,0.0
437,522,0.0
437,181,0.0
437,1467,0.0
437,250,0.0
437,137,0.0
437,1241,0.0
437,750,0.0
437,453,0.0
437,882,0.0
437,1872,0.0
438,251,1.5
438,239,0.0
438,686,0.0
438,2017,0.0
438,1468,0.0
438,1875,0.0
438,739,0.0
438,996,0.0
438,486,0.0
438,764,0.0
438,1434,0.0
438,1915,0.0
438,622,0.0
438,1776,0.0
438,735,0.0
438,297,0.0
438,1075,0.0
438,732,0.0
438,1000,0.0
438,303,0.0
438,1311,0.0
438,663,0.0
438,898,0.0
438,1141,0.0
438,1946,0.0
438,1992,0.0
438,1447,0.0
438,790,0.0
438,646,0.0
438,208,0.0
438,1150,0.0
438,1316,0.0
438,518,0.0
438,1245,0.0
438,76,0.0
438,337,0.0
438,862,0.0
438,1813,0.0
438,1869,0.0
438,1873,0.0
438,1762,0.0
438,912,0.0
438,1298,0.0
438,1886,0.0
438,806,0.0
438,1140,0.0
438,1315,0.0
438,1294,0.0
438,1470,0.0
438,1180,0.0
439,2,3.0
439,1113,0.0
439,504,0.0
439,356,0.0
439,153,0.0
439,1923,0.0
439,1241,0.0
439,485,0.0
439,1563,0.0
439,1153,0.0
439,65,0.0
439,1167,0.0
439,379,0.0
439,1336,0.0
439,406,0.0
439,1430,0.0
439,1996,0.0
439,276,0.0
439,614,0.0
439,1432,0.0
439,313,0.0
439,548,0.0
439,1272,0.0
439,1968,0.0
439,460,0.0
439,398,0.0
439,1691,0.0
439,450,0.0
439,470,0.0
439,1667,0.0
439,1582,0.0
439,1457,0.0
439,955,0.0
439,1469,0.0
439,706,0.0
439,102,0.0
439,327,0.0
439,1706,0.0
439,600,0.0
439,245,0.0
439,1081,0.0
439,104,0.0
439,691,0.0
439,971,0.0
439,1092,0.0
439,992,0.0
439,1325,0.0
439,152,0.0
439,1560,0.0
439,1912,0.0
440,206,4.0
440,211,0.0
440,1259,0.0
440,1903,0.0
440,528,0.0
440,387,0.0
440,13,0.0
440,518,0.0
440,1870,0.0
440,1245,0.0
440,1935,0.0
440,615,0.0
440,961,0.0
440,402,0.0
440,1536,0.0
440,286,0.0
440,383,0.0
440,1270,0.0
440,1923,0.0
440,1114,0.0
440,825,0.0
440,311,0.0
440,1460,0.0
440,2008,0.0
440,725,0.0
440,42,0.0
440,1097,0.0
440,753,0.0
440,992,0.0
440,1584,0.0
440,1903,0.0
440,875,0.0
440,1339,0.0
440,733,0.0
440,1885,0.0
440,143,0.0
440,1352,0.0
440,208,0.0
440,1122,0.0
440,699,0.0
440,113,0.0
440,174,0.0
440,270,0.0
440,62,0.0
440,1007,0.0
440,795,0.0
440,1427,0.0
440,224,0.0
440,1982,0.0
440,160,0.0
441,247,2.5
441,1319,0.0
441,1406,0.0
441,1535,0.0
441,1418,0.0
441,1577,0.0
441,1628,0.0
441,1283,0.0
441,280,0.0
441,1379,0.0
441,419,0.0
441,1215,0.0
441,636,0.0
441,1451,0.0
441,807,0.0
441,347,0.0
441,428,0.0
441,1415,0.0
441,1364,0.0
441,546,0.0
441,939,0.0
441,401,0.0
441,1070,0.0
441,664,0.0
441,749,0.0
441,1448,0.0
441,1540,0.0
441,959,0.0
441,1981,0.0
441,636,0.0
441,878,0.0
441,1351,0.0
441,86,0.0
441,514,0.0
441,1003,0.0
441,1188,0.0
441,1246,0.0
441,860,0.0
441,1320,0.0
441,915,0.0
441,450,0.0
441,1366,0.0
441,1959,0.0
441,340,0.0
441,1484,0.0
441,1415,0.0
441,1924,0.0
441,1560,0.0
441,1574,0.0
441,420,0.0
442,218,4.0
442,1776,0.0
442,1727,0.0
442,936,0.0
442,1333,0.0
442,1832,0.0
442,1650,0.0
442,900,0.0
442,472,0.0
442,1125,0.0
442,337,0.0
442,318,0.0
442,1536,0.0
442,1048,0.0
442,720,0.0
442,1453,0.0
442,142,0.0
442,1732,0.0
442,656,0.0
442,1172,0.0
442,1716,0.0
442,1078,0.0
442,470,0.0
442,362,0.0
442,649,0.0
442,208,0.0
442,1208,0.0
442,1088,0.0
442,548,0.0
442,1135,0.0
442,262,0.0
442,1099,0.0
442,1319,0.0
442,1201,0.0
442,765,0.0
442,0,0.0
442,147,0.0
442,875,0.0
442,1694,0.0
442,1859,0.0
442,985,0.0
442,1803,0.0
442,1685,0.0
442,1152,0.0
442,1661,0.0
442,512,0.0
442,1922,0.0
442,628,0.0
442,971,0.0
442,1525,0.0
443,659,4.0
443,916,0.0
443,992,0.0
443,914,0.0
443,1242,0.0
443,420,0.0
443,318,0.0
443,1180,0.0
443,187,0.0
443,1499,0.0
443,161,0.0
443,128,0.0
443,303,0.0
443,1112,0.0
443,1918,0.0
443,916,0.0
443,1185,0.0
443,921,0.0
443,1059,0.0
443,1250,0.0
443,150,0.0
443,592,0.0
443,46,0.0
443,2025,0.0
443,1739,0.0
443,939,0.0
443,659,0.0
443,230,0.0
443,1562,0.0
443,1001,0.0
443,1724,0.0
443,164,0.0
443,723,0.0
443,819,0.0
443,1610,0.0
443,1627,0.0
443,1597,0.0
443,1089,0.0
443,1943,0.0
443,1103,0.0
443,139,0.0
443,399,0.0
443,1955,0.0
443,129,0.0
443,984,0.0
443,765,0.0
443,445,0.0
443,1855,0.0
443,28,0.0
443,2011,0.0
444,211,3.5
444,139,0.0
444,93,0.0
444,1204,0.0
444,575,0.0
444,1027,0.0
444,605,0.0
444,1412,0.0
444,1295,0.0
444,1818,0.0
444,1155,0.0
444,583,0.0
444,815,0.0
444,1927,0.0
444,592,0.0
444,1535,0.0
444,685,0.0
444,1835,0.0
444,962,0.0
444,986,0.0
444,1075,0.0
444,1313,0.0
444,445,0.0
444,236,0.0
444,1812,0.0
444,1514,0.0
444,1303,0.0
444,1067,0.0
444,881,0.0
444,765,0.0
444,936,0.0
444,1948,0.0
444,358,0.0
444,645,0.0
444,1591,0.0
444,1549,0.0
444,689,0.0
444,461,0.0
444,100,0.0
444,691,0.0
444,983,0.0
444,1484,0.0
444,768,0.0
444,267,0.0
444,882,0.0
444,1385,0.0
444,407,0.0
444,1060,0.0
444,467,0.0
444,1989,0.0
445,213,3.0
445,1169,0.0
445,443,0.0
445,726,0.0
445,2038,0.0
445,1640,0.0
445,860,0.0
445,1320,0.0
445,867,0.0
445,1604,0.0
445,1510,0.0
445,2009,0.0
445,766,0.0
445,1254,0.0
445,1226,0.0
445,361,0.0
445,394,0.0
445,247,0.0
445,1463,0.0
445,913,0.0
445,1419,0.0
445,760,0.0
445,655,0.0
445,1818,0.0
445,355,0.0
445,1424,0.0
445,240,0.0
445,1364,0.0
445,1910,0.0
445,228,0.0
445,1566,0.0
445,620,0.0
445,930,0.0
445,1562,0.0
445,854,0.0
445,1695,0.0
445,528,0.0
445,266,0.0
445,1152,0.0
445,219,0.0
445,1105,0.0
445,560,0.0
445,1576,0.0
445,1043,0.0
445,1350,0.0
445,1060,0.0
445,381,0.0
445,1935,0.0
445,38,0.0
445,1132,0.0
446,204,4.0
446,659,0.0
446,1741,0.0
446,625,0.0
446,1541,0.0
446,1813,0.0
446,231,0.0
446,1672,0.0
446,159,0.0
446,343,0.0
446,1312,0.0
446,204,0.0
446,994,0.0
446,837,0.0
446,304,0.0
446,1383,0.0
446,669,0.0
446,1893,0.0
446,399,0.0
446,1472,0.0
446,105,0.0
446,1105,0.0
446,341,0.0
446,985,0.0
446,1805,0.0
446,951,0.0
446,1444,0.0
446,48,0.0
446,205,0.0
446,1241,0.0
446,1841,0.0
446,1699,0.0
446,1459,0.0
446,790,0.0
446,1345,0.0
446,230,0.0
446,1734,0.0
446,1510,0.0
446,1452,0.0
446,882,0.0
446,725,0.0
446,283,0.0
446,1509,0.0
446,275,0.0
446,432,0.0
446,1208,0.0
446,1745,0.0
446,632,0.0
446,215,0.0
446,96,0.0
447,211,4.0
447,1621,0.0
447,619,0.0
447,1465,0.0
447,1973,0.0
447,1961,0.0
447,1652,0.0
447,875,0.0
447,1550,0.0
447,2021,0.0
447,1234,0.0
447,1853,0.0
447,542,0.0
447,1468,0.0
447,1817,0.0
447,452,0.0
447,696,0.0
447,403,0.0
447,1018,0.0
447,1089,0.0
447,1428,0.0
447,882,0.0
447,1851,0.0
447,574,0.0
447,1458,0.0
447,1251,0.0
447,1499,0.0
447,1491,0.0
447,1124,0.0
447,422,0.0
447,1379,0.0
447,1162,0.0
447,1654,0.0
447,1592,0.0
447,1154,0.0
447,548,0.0
447,467,0.0
447,1503,0.0
447,110,0.0
447,152,0.0
447,916,0.0
447,761,0.0
447,1265,0.0
447,719,0.0
447,879,0.0
447,681,0.0
447,768,0.0
447,278,0.0
447,362,0.0
447,1648,0.0
448,218,3.5
448,56,0.0
448,1067,0.0
448,523,0.0
448,1913,0.0
448,423,0.0
448,1771,0.0
448,1559,0.0
448,394,0.0
448,449,0.0
448,1280,0.0
448,2040,0.0
448,953,0.0
448,1819,0.0
448,1859,0.0
448,1384,0.0
448,762,0.0
448,1629,0.0
448,1403,0.0
448,442,0.0
448,966,0.0
448,891,0.0
448,533,0.0
448,1497,0.0
448,156,0.0
448,88,0.0
448,201,0.0
448,979,0.0
448,461,0.0
448,1504,0.0
448,708,0.0
448,1580,0.0
448,453,0.0
448,1493,0.0
448,379,0.0
448,400,0.0
448,1102,0.0
448,550,0.0
448,935,0.0
448,1819,0.0
448,1012,0.0
448,1409,0.0
448,977,0.0
448,1690,0.0
448,660,0.0
448,1366,0.0
448,902,0.0
448,444,0.0
448,51,0.0
448,1274,0.0
449,6,2.5
449,1605,0.0
449,1582,0.0
449,227,0.0
449,1006,0.0
449,521,0.0
449,1720,0.0
449,1615,0.0
449,12,0.0
449,1522,0.0
449,444,0.0
449,1849,0.0
449,339,0.0
449,1347,0.0
449,1619,0.0
449,597,0.0
449,156,0.0
449,655,0.0
449,1002,0.0
449,1598,0.0
449,1454,0.0
449,1578,0.0
449,1430,0.0
449,1181,0.0
449,1208,0.0
449,797,0.0
449,490,0.0
449,834,0.0
449,951,0.0
449,1559,0.0
449,2032,0.0
449,356,0.0
449,716,0.0
449,361,0.0
449,1247,0.0
449,1636,0.0
449,1227,0.0
449,7,0.0
449,471,0.0
449,171,0.0
449,1743,0.0
449,95,0.0
449,673,0.0
449,1826,0.0
449,607,0.0
449,1329,0.0
449,1680,0.0
449,1281,0.0
449,473,0.0
449,1973,0.0
450,218,3.5
450,154,0.0
450,1674,0.0
450,1190,0.0
450,1042,0.0
450,344,0.0
450,1926,0.0
450,734,0.0
450,568,0.0
450,1921,0.0
450,293,0.0
450,644,0.0
450,1485,0.0
450,337,0.0
450,1827,0.0
450,451,0.0
450,343,0.0
450,716,0.0
450,630,0.0
450,764,0.0
450,84,0.0
450,1720,0.0
450,736,0.0
450,659,0.0
450,1412,0.0
450,1815,0.0
450,226,0.0
450,1309,0.0
450,1307,0.0
450,1716,0.0
450,1970,0.0
450,108,0.0
450,134,0.0
450,937,0.0
450,290,0.0
450,1910,0.0
450,2013,0.0
450,1825,0.0
450,1638,0.0
450,1736,0.0
450,1531,0.0
450,1652,0.0
450,1867,0.0
450,821,0.0
450,1052,0.0
450,393,0.0
450,26,0.0
450,1490,0.0
450,12,0.0
450,553,0.0
451,0,3.5
451,151,0.0
451,12,0.0
451,714,0.0
451,1102,0.0
451,905,0.0
451,1577,0.0
451,1192,0.0
451,248,0.0
451,1144,0.0
451,386,0.0
451,438,0.0
451,1295,0.0
451,299,0.0
451,720,0.0
451,472,0.0
451,1181,0.0
451,1006,0.0
451,632,0.0
451,1250,0.0
451,420,0.0
451,955,0.0
451,972,0.0
451,23,0.0
451,1765,0.0
451,537,0.0
451,1593,0.0
451,776,0.0
451,637,0.0
451,1980,0.0
451,1810,0.0
451,539,0.0
451,902,0.0
451,1836,0.0
451,2005,0.0
451,1151,0.0
451,1117,0.0
451,1726,0.0
451,420,0.0
451,1295,0.0
451,483,0.0
451,1028,0.0
451,156,0.0
451,51,0.0
451,242,0.0
451,1686,0.0
451,773,0.0
451,419,0.0
451,1976,0.0
451,1952,0.0
452,248,3.5
452,1417,0.0
452,918,0.0
452,1809,0.0
452,1776,0.0
452,1081,0.0
452,1149,0.0
452,840,0.0
452,877,0.0
452,2036,0.0
452,2013,0.0
452,1484,0.0
452,51,0.0
452,1011,0.0
452,1758,0.0
452,813,0.0
452,1898,0.0
452,268,0.0
452,95,0.0
452,272,0.0
452,1346,0.0
452,1596,0.0
452,1856,0.0
452,1716,0.0
452,132,0.0
452,927,0.0
452,88,0.0
452,684,0.0
452,823,0.0
452,4,0.0
452,356,0.0
452,1366,0.0
452,203,0.0
452,1697,0.0
452,1596,0.0
452,470,0.0
452,463,0.0
452,496,0.0
452,701,0.0
452,836,0.0
452,62,0.0
452,1579,0.0
452,238,0.0
452,539,0.0
452,197,0.0
452,780,0.0
452,1706,0.0
452,29,0.0
452,665,0.0
452,1232,0.0
453,217,3.0
453,797,0.0
453,371,0.0
453,927,0.0
453,1059,0.0
453,1554,0.0
453,1813,0.0
453,1856,0.0
453,1848,0.0
453,1290,0.0
453,1817,0.0
453,1455,0.0
453,1042,0.0
453,1362,0.0
453,139,0.0
453,66,0.0
453,1014,0.0
453,1847,0.0
453,1553,0.0
453,1392,0.0
453,260,0.0
453,1647,0.0
453,1943,0.0
453,973,0.0
453,626,0.0
453,1701,0.0
453,578,0.0
453,1790,0.0
453,1605,0.0
453,1995,0.0
453,1843,0.0
453,1021,0.0
453,1226,0.0
453,638,0.0
453,1958,0.0
453,1978,0.0
453,409,0.0
453,832,0.0
453,1103,0.0
453,1711,0.0
453,112,0.0
453,622,0.0
453,820,0.0
453,1160,0.0
453,1668,0.0
453,1907,0.0
453,839,0.0
453,188,0.0
453,276,0.0
453,1760,0.0
454,11,3.0
454,663,0.0
454,1049,0.0
454,679,0.0
454,543,0.0
454,732,0.0
454,1741,0.0
454,1956,0.0
454,1877,0.0
454,1633,0.0
454,90,0.0
454,475,0.0
454,1912,0.0
454,725,0.0
454,1211,0.0
454,1592,0.0
454,1642,0.0
454,1977,0.0
454,1218,0.0
454,533,0.0
454,697,0.0
454,879,0.0
454,84,0.0
454,591,0.0
454,840,0.0
454,76,0.0
454,329,0.0
454,382,0.0
454,1456,0.0
454,376,0.0
454,340,0.0
454,1200,0.0
454,1449,0.0
454,423,0.0
454,1990,0.0
454,173,0.0
454,405,0.0
454,81,0.0
454,20,0.0
454,690,0.0
454,1009,0.0
454,397,0.0
454,329,0.0
454,224,0.0
454,1800,0.0
454,1425,0.0
454,780,0.0
454,1786,0.0
454,1808,0.0
454,893,0.0
455,244,2.0
455,1538,0.0
455,795,0.0
455,1280,0.0
455,1149,0.0
455,958,0.0
455,1136,0.0
455,814,0.0
455,1828,0.0
455,341,0.0
455,47,0.0
455,363,0.0
455,1810,0.0
455,1421,0.0
455,1218,0.0
455,1874,0.0
455,1760,0.0
455,724,0.0
455,1344,0.0
455,1817,0.0
455,137,0.0
455,354,0.0
455,1868,0.0
455,1093,0.0
455,810,0.0
455,1605,0.0
455,1506,0.0
455,1743,0.0
455,2024,0.0
455,711,0.0
455,58,0.0
455,770,0.0
455,388,0.0
455,1876,0.0
455,1374,0.0
455,845,0.0
455,868,0.0
455,338,0.0
455,1700,0.0
455,756,0.0
455,595,0.0
455,435,0.0
455,1473,0.0
455,376,0.0
455,1982,0.0
455,390,0.0
455,480,0.0
455,820,0.0
455,113,0.0
455,1769,0.0
456,11,1.5
456,1863,0.0
456,305,0.0
456,147,0.0
456,848,0.0
456,731,0.0
456,453,0.0
456,937,0.0
456,32,0.0
456,1755,0.0
456,1524,0.0
456,1342,0.0
456,1720,0.0
456,1216,0.0
456,1896,0.0
456,1203,0.0
456,1890,0.0
456,983,0.0
456,1541,0.0
456,390,0.0
456,1544,0.0
456,356,0.0
456,572,0.0
456,463,0.0
456,929,0.0
456,1698,0.0
456,98,0.0
456,147,0.0
456,569,0.0
456,726,0.0
456,1339,0.0
456,1001,0.0
456,1205,0.0
456,1570,0.0
456,302,0.0
456,1581,0.0
456,1622,0.0
456,3,0.0
456,777,0.0
456,106,0.0
456,74,0.0
456,1063,0.0
456,638,0.0
456,694,0.0
456,1142,0.0
456,72,0.0
456,551,0.0
456,1227,0.0
456,976,0.0
456,95,0.0
457,234,3.0
457,1467,0.0
457,1819,0.0
457,411,0.0
457,813,0.0
457,245,0.0
457,582,0.0
457,1730,0.0
457,499,0.0
457,981,0.0
457,1974,0.0
457,549,0.0
457,116,0.0
457,1773,0.0
457,1387,0.0
457,1937,0.0
457,203,0.0
457,350,0.0
457,318,0.0
457,1382,0.0
457,1540,0.0
457,939,0.0
457,488,0.0
457,1692,0.0
457,106,0.0
457,1763,0.0
457,653,0.0
457,1849,0.0
457,171,0.0
457,1681,0.0
457,518,0.0
457,1878,0.0
457,1888,0.0
457,957,0.0
457,812,0.0
457,527,0.0
457,319,0.0
457,1060,0.0
457,498,0.0
457,1688,0.0
457,264,0.0
457,1718,0.0
457,1691,0.0
457,1672,0.0
457,907,0.0
457,401,0.0
457,986,0.0
457,601,0.0
457,951,0.0
457,217,0.0
458,6,4.0
458,494,0.0
458,1879,0.0
458,387,0.0
458,872,0.0
458,834,0.0
458,1276,0.0
458,629,0.0
458,938,0.0
458,29,0.0
458,622,0.0
458,1935,0.0
458,1789,0.0
458,1734,0.0
458,806,0.0
458,341,0.0
458,1832,0.0
458,1310,0.0
458,1968,0.0
458,1420,0.0
458,1000,0.0
458,1532,0.0
458,1960,0.0
458,243,0.0
458,220,0.0
458,1179,0.0
458,1406,0.0
458,1771,0.0
458,1343,0.0
458,372,0.0
458,530,0.0
458,214,0.0
458,366,0.0
458,113,0.0
458,1223,0.0
458,24,0.0
458,933,0.0
458,1144,0.0
458,1765,0.0
458,610,0.0
458,857,0.0
458,1026,0.0
458,897,0.0
458,772,0.0
458,444,0.0
458,1277,0.0
458,19,0.0
458,1227,0.0
458,805,0.0
458,1999,0.0
459,212,3.0
459,1741,0.0
459,1143,0.0
459,1705,0.0
459,1570,0.0
459,893,0.0
459,330,0.0
459,1781,0.0
459,1875,0.0
459,1949,0.0
459,1332,0.0
459,1593,0.0
459,411,0.0
459,1422,0.0
459,933,0.0
459,1329,0.0
459,1676,0.0
459,1646,0.0
459,1186,0.0
459,1646,0.0
459,663,0.0
459,1911,0.0
459,1088,0.0
459,1641,0.0
459,1239,0.0
459,602,0.0
459,1937,0.0
459,1977,0.0
459,25,0.0
459,668,0.0
459,583,0.0
459,1067,0.0
459,1113,0.0
459,1156,0.0
459,1184,0.0
459,1767,0.0
459,379,0.0
459,1284,0.0
459,1406,0.0
459,368,0.0
459,1134,0.0
459,1699,0.0
459,1100,0.0
459,208,0.0
459,1036,0.0
459,1944,0.0
459,1593,0.0
459,1921,0.0
459,1879,0.0
459,1571,0.0
460,241,0.5
460,1247,0.0
460,10,0.0
460,326,0.0
460,1721,0.0
460,1373,0.0
460,378,0.0
460,1967,0.0
460,230,0.0
460,1164,0.0
460,617,0.0
460,764,0.0
460,1979,0.0
460,48,0.0
460,450,0.0
460,1798,0.0
460,490,0.0
460,1228,0.0
460,1892,0.0
460,1432,0.0
460,406,0.0
460,1074,0.0
460,174,0.0
460,1760,0.0
460,1284,0.0
460,479,0.0
460,1757,0.0
460,222,0.0
460,268,0.0
460,809,0.0
460,892,0.0
460,900,0.0
460,918,0.0
460,317,0.0
460,384,0.0
460,1609,0.0
460,625,0.0
460,1242,0.0
460,1077,0.0
460,1223,0.0
460,1907,0.0
460,642,0.0
460,1362,0.0
460,703,0.0
460,1714,0.0
460,1921,0.0
460,304,0.0
460,1822,0.0
460,1775,0.0
460,1268,0.0
461,300,4.0
461,118,0.0
461,855,0.0
461,760,0.0
461,678,0.0
461,894,0.0
461,1265,0.0
461,279,0.0
461,423,0.0
461,362,0.0
461,1020,0.0
461,1773,0.0
461,1329,0.0
461,1740,0.0
461,1509,0.0
461,2028,0.0
461,313,0.0
461,1536,0.0
461,1706,0.0
461,1190,0.0
461,1417,0.0
461,769,0.0
461,1086,0.0
461,271,0.0
461,1060,0.0
461,1039,0.0
461,1789,0.0
461,342,0.0
461,345,0.0
461,1871,0.0
461,1562,0.0
461,1982,0.0
461,1646,0.0
461,232,0.0
461,989,0.0
461,575,0.0
461,1632,0.0
461,415,0.0
461,904,0.0
461,266,0.0
461,996,0.0
461,1349,0.0
461,1949,0.0
461,743,0.0
461,910,0.0
461,442,0.0
461,559,0.0
461,1885,0.0
461,1745,0.0
461,75,0.0
462,8,3.0
462,1658,0.0
462,789,0.0
462,1366,0.0
462,1731,0.0
462,844,0.0
462,124,0.0
462,1631,0.0
462,889,0.0
462,668,0.0
462,1575,0.0
462,1383,0.0
462,502,0.0
462,172,0.0
462,886,0.0
462,1417,0.0
462,1484,0.0
462,1708,0.0
462,119,0.0
462,272,0.0
462,1381,0.0
462,1409,0.0
462,912,0.0
462,875,0.0
462,857,0.0
462,1910,0.0
462,1957,0.0
462,1956,0.0
462,1342,0.0
462,260,0.0
462,1304,0.0
462,1352,0.0
462,1147,0.0
462,1499,0.0
462,277,0.0
462,92,0.0
462,958,0.0
462,1570,0.0
462,822,0.0
462,127,0.0
462,531,0.0
462,772,0.0
462,166,0.0
462,830,0.0
462,235,0.0
462,1055,0.0
462,1254,0.0
462,190,0.0
462,1865,0.0
462,1959,0.0
463,1423,3.5
463,9,0.0
463,643,0.0
463,1525,0.0
463,61,0.0
463,1411,0.0
463,1918,0.0
463,773,0.0
463,1753,0.0
463,1255,0.0
463,1871,0.0
463,1607,0.0
463,2011,0.0
463,527,0.0
463,1573,0.0
463,1712,0.0
463,444,0.0
463,1344,0.0
463,1917,0.0
463,1106,0.0
463,1457,0.0
463,16,0.0
463,368,0.0
463,1691,0.0
463,683,0.0
463,907,0.0
463,1605,0.0
463,582,0.0
463,254,0.0
463,455,0.0
463,642,0.0
463,560,0.0
463,532,0.0
463,1415,0.0
463,319,0.0
463,219,0.0
463,698,0.0
463,1437,0.0
463,31,0.0
463,714,0.0
463,1811,0.0
463,753,0.0
463,1039,0.0
463,408,0.0
463,827,0.0
463,172,0.0
463,1672,0.0
463,1202,0.0
463,1894,0.0
463,1596,0.0
464,232,3.5
464,195,0.0
464,200,0.0
464,365,0.0
464,718,0.0
464,1551,0.0
464,399,0.0
464,1548,0.0
464,589,0.0
464,213,0.0
464,340,0.0
464,1352,0.0
464,958,0.0
464,118,0.0
464,1448,0.0
464,1716,0.0
464,835,0.0
464,841,0.0
464,866,0.0
464,1396,0.0
464,1672,0.0
464,1202,0.0
464,1455,0.0
464,1743,0.0
464,944,0.0
464,401,0.0
464,1417,0.0
464,2004,0.0
464,882,0.0
464,565,0.0
464,1102,0.0
464,1806,0.0
464,1930,0.0
464,423,0.0
464,117,0.0
464,367,0.0
464,1129,0.0
464,1128,0.0
464,1326,0.0
464,629,0.0
464,1917,0.0
464,1764,0.0
464,147,0.0
464,1889,0.0
464,149,0.0
464,815,0.0
464,255,0.0
464,81,0.0
464,15,0.0
464,900,0.0
465,242,3.5
465,877,0.0
465,1551,0.0
465,856,0.0
465,273,0.0
465,1505,0.0
465,1829,0.0
465,1474,0.0
465,1555,0.0
465,530,0.0
465,1548,0.0
465,16,0.0
465,717,0.0
465,1053,0.0
465,469,0.0
465,810,0.0
465,1327,0.0
465,554,0.0
465,92,0.0
465,881,0.0
465,577,0.0
465,630,0.0
465,820,0.0
465,583,0.0
465,845,0.0
465,1185,0.0
465,1996,0.0
465,841,0.0
465,327,0.0
465,1990,0.0
465,1804,0.0
465,729,0.0
465,253,0.0
465,1463,0.0
465,570,0.0
465,543,0.0
465,850,0.0
465,119,0.0
465,974,0.0
465,821,0.0
465,513,0.0
465,1653,0.0
465,1572,0.0
465,978,0.0
465,96,0.0
465,870,0.0
465,1393,0.0
465,1440,0.0
465,256,0.0
465,127,0.0
466,205,2.0
466,537,0.0
466,700,0.0
466,1529,0.0
466,393,0.0
466,651,0.0
466,1017,0.0
466,405,0.0
466,999,0.0
466,1204,0.0
466,20,0.0
466,1698,0.0
466,1606,0.0
466,1617,0.0
466,154,0.0
466,1851,0.0
466,866,0.0
466,558,0.0
466,193,0.0
466,1247,0.0
466,398,0.0
466,1772,0.0
466,279,0.0
466,979,0.0
466,1033,0.0
466,1399,0.0
466,471,0.0
466,151,0.0
466,1879,0.0
466,1639,0.0
466,2031,0.0
466,1147,0.0
466,1720,0.0
466,2031,0.0
466,801,0.0
466,552,0.0
466,1447,0.0
466,1546,0.0
466,729,0.0
466,512,0.0
466,1949,0.0
466,1012,0.0
466,170,0.0
466,849,0.0
466,793,0.0
466,1588,0.0
466,124,0.0
466,174,0.0
466,503,0.0
466,1800,0.0
467,2,3.5
467,1348,0.0
467,841,0.0
467,878,0.0
467,1479,0.0
467,1535,0.0
467,1366,0.0
467,515,0.0
467,441,0.0
467,1572,0.0
467,582,0.0
467,261,0.0
467,748,0.0
467,818,0.0
467,1001,0.0
467,1486,0.0
467,866,0.0
467,1713,0.0
467,607,0.0
467,909,0.0
467,1250,0.0
467,522,0.0
467,1801,0.0
467,1212,0.0
467,1232,0.0
467,1036,0.0
467,1912,0.0
467,161,0.0
467,1595,0.0
467,1516,0.0
467,1458,0.0
467,4,0.0
467,2031,0.0
467,201,0.0
467,415,0.0
467,1035,0.0
467,947,0.0
467,1420,0.0
467,1364,0.0
467,751,0.0
467,949,0.0
467,372,0.0
467,1401,0.0
467,1248,0.0
467,1205,0.0
467,1320,0.0
467,1839,0.0
467,1330,0.0
467,430,0.0
467,689,0.0
468,16,3.5
468,1904,0.0
468,679,0.0
468,1678,0.0
468,1512,0.0
468,996,0.0
468,259,0.0
468,1241,0.0
468,1843,0.0
468,1681,0.0
468,1512,0.0
468,1972,0.0
468,1466,0.0
468,98,0.0
468,181,0.0
468,168,0.0
468,232,0.0
468,955,0.0
468,1116,0.0
468,1652,0.0
468,471,0.0
468,1539,0.0
468,1108,0.0
468,678,0.0
468,1542,0.0
468,380,0.0
468,1430,0.0
468,1255,0.0
468,250,0.0
468,1108,0.0
468,318,0.0
468,192,0.0
468,1658,0.0
468,936,0.0
468,600,0.0
468,606,0.0
468,1910,0.0
468,1323,0.0
468,1381,0.0
468,1580,0.0
468,764,0.0
468,1476,0.0
468,884,0.0
468,990,0.0
468,1586,0.0
468,505,0.0
468,64,0.0
468,1589,0.0
468,1975,0.0
468,221,0.0
469,215,4.0
469,1184,0.0
469,1620,0.0
469,877,0.0
469,1271,0.0
469,165,0.0
469,427,0.0
469,144,0.0
469,1534,0.0
469,1566,0.0
469,932,0.0
469,508,0.0
469,906,0.0
469,1243,0.0
469,644,0.0
469,1599,0.0
469,75,0.0
469,1666,0.0
469,823,0.0
469,1342,0.0
469,1896,0.0
469,1061,0.0
469,565,0.0
469,1665,0.0
469,1753,0.0
469,1537,0.0
469,1269,0.0
469,1163,0.0
469,1831,0.0
469,1281,0.0
469,616,0.0
469,380,0.0
469,847,0.0
469,1501,0.0
469,1208,0.0
469,302,0.0
469,1517,0.0
469,755,0.0
469,163,0.0
469,1667,0.0
469,1226,0.0
469,2036,0.0
469,1431,0.0
469,1233,0.0
469,1882,0.0
469,100,0.0
469,1469,0.0
469,897,0.0
469,782,0.0
469,1994,0.0
470,6,3.5
470,431,0.0
470,738,0.0
470,471,0.0
470,1779,0.0
470,1331,0.0
470,507,0.0
470,54,0.0
470,36,0.0
470,899,0.0
470,54,0.0
470,523,0.0
470,914,0.0
470,462,0.0
470,696,0.0
470,1501,0.0
470,1772,0.0
470,1828,0.0
470,715,0.0
470,1234,0.0
470,1249,0.0
470,1030,0.0
470,731,0.0
470,1846,0.0
470,1563,0.0
470,988,0.0
470,1828,0.0
470,211,0.0
470,1212,0.0
470,1098,0.0
470,753,0.0
470,1137,0.0
470,1702,0.0
470,1641,0.0
470,1174,0.0
470,435,0.0
470,1901,0.0
470,83,0.0
470,1235,0.0
470,778,0.0
470,833,0.0
470,1804,0.0
470,460,0.0
470,1960,0.0
470,176,0.0
470,1806,0.0
470,311,0.0
470,1717,0.0
470,1182,0.0
470,1724,0.0
471,238,1.5
471,964,0.0
471,1214,0.0
471,46,0.0
471,878,0.0
471,1274,0.0
471,1017,0.0
471,774,0.0
471,884,0.0
471,63,0.0
471,1873,0.0
471,319,0.0
471,859,0.0
471,779,0.0
471,1547,0.0
471,1315,0.0
471,28,0.0
471,1674,0.0
471,436,0.0
471,1989,0.0
471,1620,0.0
471,1609,0.0
471,762,0.0
471,735,0.0
471,1070,0.0
471,1440,0.0
471,1616,0.0
471,450,0.0
471,632,0.0
471,1578,0.0
471,1681,0.0
471,1097,0.0
471,1076,0.0
471,232,0.0
471,1830,0.0
471,1898,0.0
471,199,0.0
471,673,0.0
471,548,0.0
471,936,0.0
471,96,0.0
471,48,0.0
471,895,0.0
471,521,0.0
471,39,0.0
471,913,0.0
471,1176,0.0
471,1129,0.0
471,552,0.0
471,675,0.0
472,236,2.5
472,1362,0.0
472,1044,0.0
472,1743,0.0
472,32,0.0
472,132,0.0
472,919,0.0
472,1726,0.0
472,974,0.0
472,25,0.0
472,1387,0.0
472,600,0.0
472,1115,0.0
472,544,0.0
472,1261,0.0
472,17,0.0
472,1297,0.0
472,933,0.0
472,288,0.0
472,1050,0.0
472,816,0.0
472,1457,0.0
472,1934,0.0
472,107,0.0
472,972,0.0
472,947,0.0
472,737,0.0
472,323,0.0
472,866,0.0
472,1554,0.0
472,734,0.0
472,792,0.0
472,1127,0.0
472,1867,0.0
472,1355,0.0
472,1385,0.0
472,1944,0.0
472,288,0.0
472,1467,0.0
472,1060,0.0
472,1371,0.0
472,891,0.0
472,1779,0.0
472,42,0.0
472,1149,0.0
472,8,0.0
472,1549,0.0
472,1154,0.0
472,1348,0.0
472,183,0.0
473,217,3.5
473,997,0.0
473,1545,0.0
473,1659,0.0
473,1296,0.0
473,240,0.0
473,935,0.0
473,963,0.0
473,958,0.0
473,1678,0.0
473,864,0.0
473,1190,0.0
473,1592,0.0
473,649,0.0
473,326,0.0
473,864,0.0
473,528,0.0
473,1867,0.0
473,1296,0.0
473,878,0.0
473,1399,0.0
473,1935,0.0
473,1398,0.0
473,333,0.0
473,1026,0.0
473,1266,0.0
473,1643,0.0
473,1074,0.0
473,881,0.0
473,349,0.0
473,173,0.0
473,115,0.0
473,1718,0.0
473,360,0.0
473,1378,0.0
473,1689,0.0
473,1782,0.0
473,75,0.0
473,1950,0.0
473,755,0.0
473,1104,0.0
473,1252,0.0
473,71,0.0
473,1426,0.0
473,1241,0.0
473,451,0.0
473,910,0.0
473,1778,0.0
473,366,0.0
473,825,0.0
474,243,0.5
474,2025,0.0
474,1572,0.0
474,105,0.0
474,698,0.0
474,363,0.0
474,1044,0.0
474,659,0.0
474,2021,0.0
474,1152,0.0
474,1506,0.0
474,698,0.0
474,1819,0.0
474,1222,0.0
474,746,0.0
474,1975,0.0
474,1643,0.0
474,1544,0.0
474,960,0.0
474,1443,0.0
474,1249,0.0
474,929,0.0
474,208,0.0
474,1268,0.0
474,1311,0.0
474,1089,0.0
474,1891,0.0
474,1176,0.0
474,490,0.0
474,1458,0.0
474,702,0.0
474,2039,0.0
474,1241,0.0
474,1452,0.0
474,501,0.0
474,665,0.0
474,1812,0.0
474,1617,0.0
474,220,0.0
474,434,0.0
474,279,0.0
474,1646,0.0
474,1115,0.0
474,523,0.0
474,2040,0.0
474,1162,0.0
474,666,0.0
474,1046,0.0
474,1440,0.0
474,1999,0.0
475,242,3.5
475,896,0.0
475,198,0.0
475,1569,0.0
475,1591,0.0
475,767,0.0
475,1234,0.0
475,1632,0.0
475,1817,0.0
475,2024,0.0
475,1524,0.0
475,240,0.0
475,1193,0.0
475,1882,0.0
475,293,0.0
475,921,0.0
475,1762,0.0
475,1338,0.0
475,1150,0.0
475,467,0.0
475,1815,0.0
475,366,0.0
475,1044,0.0
475,315,0.0
475,757,0.0
475,1113,0.0
475,1427,0.0
475,1541,0.0
475,450,0.0
475,777,0.0
475,907,0.0
475,1632,0.0
475,1173,0.0
475,445,0.0
475,956,0.0
475,79,0.0
475,1040,0.0
475,137,0.0
475,651,0.0
475,850,0.0
475,1531,0.0
475,551,0.0
475,1942,0.0
475,1703,0.0
475,73,0.0
475,1097,0.0
475,49,0.0
475,1033,0.0
475,1126,0.0
475,1885,0.0
476,213,3.0
476,1097,0.0
476,1262,0.0
476,128,0.0
476,411,0.0
476,314,0.0
476,1397,0.0
476,1460,0.0
476,1161,0.0
476,454,0.0
476,614,0.0
476,898,0.0
476,902,0.0
476,1032,0.0
476,231,0.0
476,610,0.0
476,729,0.0
476,964,0.0
476,1420,0.0
476,1772,0.0
476,1757,0.0
476,1703,0.0
476,881,0.0
476,1597,0.0
476,317,0.0
476,2022,0.0
476,1530,0.0
476,521,0.0
476,1769,0.0
476,1110,0.0
476,1802,0.0
476,715,0.0
476,1341,0.0
476,1356,0.0
476,1383,0.0
476,1264,0.0
476,1079,0.0
476,1133,0.0
476,1072,0.0
476,1778,0.0
476,1039,0.0
476,1096,0.0
476,883,0.0
476,201,0.0
476,92,0.0
476,1672,0.0
476,1056,0.0
476,1623,0.0
476,418,0.0
476,1226,0.0
477,8,3.0
477,263,0.0
477,1229,0.0
477,1530,0.0
477,529,0.0
477,1387,0.0
477,1786,0.0
477,749,0.0
477,1363,0.0
477,406,0.0
477,452,0.0
477,1856,0.0
477,1900,0.0
477,813,0.0
477,577,0.0
477,1871,0.0
477,964,0.0
477,1173,0.0
477,1216,0.0
477,1931,0.0
477,146,0.0
477,2037,0.0
477,405,0.0
477,182,0.0
477,1129,0.0
477,235,0.0
477,637,0.0
477,957,0.0
477,178,0.0
477,431,0.0
477,1424,0.0
477,524,0.0
477,742,0.0
477,1563,0.0
477,1914,0.0
477,322,0.0
477,1284,0.0
477,1635,0.0
477,1723,0.0
477,398,0.0
477,336,0.0
477,1323,0.0
477,118,0.0
477,1581,0.0
477,412,0.0
477,579,0.0
477,1407,0.0
477,1503,0.0
477,304,0.0
477,1706,0.0
478,249,4.0
478,17,0.0
478,106,0.0
478,1552,0.0
478,124,0.0
478,482,0.0
478,1617,0.0
478,1027,0.0
478,626,0.0
478,350,0.0
478,350,0.0
478,648,0.0
478,1822,0.0
478,900,0.0
478,227,0.0
478,15,0.0
478,1833,0.0
478,424,0.0
478,463,0.0
478,723,0.0
478,1269,0.0
478,1821,0.0
478,793,0.0
478,176,0.0
478,542,0.0
478,508,0.0
478,1585,0.0
478,1678,0.0
478,563,0.0
478,232,0.0
478,1701,0.0
478,1061,0.0
478,490,0.0
478,1016,0.0
478,443,0.0
478,19,0.0
478,1634,0.0
478,1750,0.0
478,1579,0.0
478,110,0.0
478,486,0.0
478,88,0.0
478,1342,0.0
478,1141,0.0
478,433,0.0
478,1941,0.0
478,1262,0.0
478,71,0.0
478,821,0.0
478,1928,0.0
479,6,2.5
479,117,0.0
479,226,0.0
479,890,0.0
479,443,0.0
479,548,0.0
479,828,0.0
479,1631,0.0
479,1655,0.0
479,2026,0.0
479,1460,0.0
479,11,0.0
479,1145,0.0
479,1570,0.0
479,488,0.0
479,1274,0.0
479,578,0.0
479,1505,0.0
479,1573,0.0
479,1303,0.0
479,741,0.0
479,1360,0.0
479,167,0.0
479,960,0.0
479,1976,0.0
479,1351,0.0
479,1269,0.0
479,1614,0.0
479,1649,0.0
479,1324,0.0
479,1752,0.0
479,199,0.0
479,1916,0.0
479,1523,0.0
479,863,0.0
479,753,0.0
479,1036,0.0
479,1389,0.0
479,1742,0.0
479,773,0.0
479,96,0.0
479,70,0.0
479,992,0.0
479,1838,0.0
479,1884,0.0
479,1765,0.0
479,356,0.0
479,811,0.0
479,543,0.0
479,1273,0.0
480,1486,3.5
480,1042,0.0
480,356,0.0
480,1442,0.0
480,958,0.0
480,1629,0.0
480,80,0.0
480,1638,0.0
480,1904,0.0
480,665,0.0
480,780,0.0
480,1141,0.0
480,1877,0.0
480,1517,0.0
480,790,0.0
480,491,0.0
480,1898,0.0
480,224,0.0
480,986,0.0
480,418,0.0
480,779,0.0
480,136,0.0
480,225,0.0
480,1357,0.0
480,1252,0.0
480,322,0.0
480,1131,0.0
480,811,0.0
480,444,0.0
480,1940,0.0
480,6,0.0
480,127,0.0
480,1376,0.0
480,2018,0.0
480,266,0.0
480,684,0.0
480,927,0.0
480,213,0.0
480,246,0.0
480,1641,0.0
480,1618,0.0
480,1827,0.0
480,1397,0.0
480,420,0.0
480,1738,0.0
480,1064,0.0
480,716,0.0
480,1371,0.0
480,1584,0.0
480,142,0.0
481,232,4.0
481,682,0.0
481,2030,0.0
481,1756,0.0
481,399,0.0
481,1765,0.0
481,602,0.0
481,921,0.0
481,970,0.0
481,430,0.0
481,420,0.0
481,130,0.0
481,1433,0.0
481,1761,0.0
481,1248,0.0
481,1166,0.0
481,577,0.0
481,539,0.0
481,124,0.0
481,1235,0.0
481,933,0.0
481,1451,0.0
481,1460,0.0
481,591,0.0
481,1261,0.0
481,643,0.0
481,327,0.0
481,811,0.0
481,1142,0.0
481,45,0.0
481,83,0.0
481,793,0.0
481,351,0.0
481,1036,0.0
481,636,0.0
481,1860,0.0
481,1195,0.0
481,233,0.0
481,1204,0.0
481,1074,0.0
481,780,0.0
481,680,0.0
481,1418,0.0
481,932,0.0
481,1851,0.0
481,1823,0.0
481,1452,0.0
481,2025,0.0
481,1297,0.0
481,860,0.0
482,209,2.5
482,909,0.0
482,1574,0.0
482,450,0.0
482,1974,0.0
482,1011,0.0
482,41,0.0
482,1738,0.0
482,93,0.0
482,485,0.0
482,516,0.0
482,1587,0.0
482,1173,0.0
482,716,0.0
482,1835,0.0
482,498,0.0
482,370,0.0
482,980,0.0
482,698,0.0
482,484,0.0
482,664,0.0
482,1406,0.0
482,627,0.0
482,1684,0.0
482,731,0.0
482,191,0.0
482,1768,0.0
482,835,0.0
482,1244,0.0
482,1070,0.0
482,126,0.0
482,1826,0.0
482,726,0.0
482,1030,0.0
482,695,0.0
482,1139,0.0
482,563,0.0
482,365,0.0
482,1069,0.0
482,392,0.0
482,953,0.0
482,22,0.0
482,1154,0.0
482,1150,0.0
482,444,0.0
482,776,0.0
482,1332,0.0
482,707,0.0
482,432,0.0
482,472,0.0
483,250,3.5
483,701,0.0
483,837,0.0
483,1750,0.0
483,1793,0.0
483,537,0.0
483,781,0.0
483,81,0.0
483,1381,0.0
483,184,0.0
483,287,0.0
483,1085,0.0
483,882,0.0
483,506,0.0
483,2041,0.0
483,1485,0.0
483,29,0.0
483,1932,0.0
483,935,0.0
483,30,0.0
483,1316,0.0
483,1196,0.0
483,1637,0.0
483,1151,0.0
483,85,0.0
483,1338,0.0
483,27,0.0
483,121,0.0
483,1274,0.0
483,572,0.0
483,402,0.0
483,682,0.0
483,1466,0.0
483,271,0.0
483,836,0.0
483,1835,0.0
483,112,0.0
483,1729,0.0
483,1417,0.0
483,1966,0.0
483,18,0.0
483,1875,0.0
483,604,0.0
483,1752,0.0
483,464,0.0
483,690,0.0
483,1010,0.0
483,1932,0.0
483,1214,0.0
483,1516,0.0
484,215,3.0
484,1726,0.0
484,651,0.0
484,296,0.0
484,1142,0.0
484,786,0.0
484,1099,0.0
484,620,0.0
484,1654,0.0
484,972,0.0
484,880,0.0
484,1281,0.0
484,1555,0.0
484,1654,0.0
484,350,0.0
484,1672,0.0
484,1300,0.0
484,254,0.0
484,1287,0.0
484,678,0.0
484,1700,0.0
484,28,0.0
484,466,0.0
484,1058,0.0
484,748,0.0
484,1317,0.0
484,601,0.0
484,1226,0.0
484,739,0.0
484,930,0.0
484,1091,0.0
484,130,0.0
484,1900,0.0
484,110,0.0
484,523,0.0
484,1311,0.0
484,686,0.0
484,830,0.0
484,665,0.0
484,1066,0.0
484,874,0.0
484,1740,0.0
484,1707,0.0
484,1317,0.0
484,284,0.0
484,822,0.0
484,563,0.0
484,1650,0.0
484,18,0.0
484,1530,0.0
485,218,3.5
485,586,0.0
485,1501,0.0
485,497,0.0
485,906,0.0
485,955,0.0
485,742,0.0
485,448,0.0
485,587,0.0
485,259,0.0
485,1560,0.0
485,1223,0.0
485,462,0.0
485,1962,0.0
485,93,0.0
485,1020,0.0
485,1959,0.0
485,1375,0.0
485,1131,0.0
485,354,0.0
485,468,0.0
485,94,0.0
485,867,0.0
485,90,0.0
485,1067,0.0
485,1479,0.0
485,954,0.0
485,383,0.0
485,22,0.0
485,1725,0.0
485,22,0.0
485,1257,0.0
485,1721,0.0
485,310,0.0
485,1440,0.0
485,1356,0.0
485,574,0.0
485,102,0.0
485,499,0.0
485,827,0.0
485,1506,0.0
485,188,0.0
485,1871,0.0
485,459,0.0
485,188,0.0
485,350,0.0
485,580,0.0
485,113,0.0
485,103,0.0
485,619,0.0
486,16,3.0
486,1003,0.0
486,1369,0.0
486,55,0.0
486,1589,0.0
486,340,0.0
486,1800,0.0
486,1909,0.0
486,1774,0.0
486,1856,0.0
486,1131,0.0
486,1733,0.0
486,1920,0.0
486,213,0.0
486,1522,0.0
486,757,0.0
486,1420,0.0
486,549,0.0
486,496,0.0
486,172,0.0
486,104,0.0
486,1575,0.0
486,478,0.0
486,1422,0.0
486,433,0.0
486,641,0.0
486,692,0.0
486,990,0.0
486,921,0.0
486,193,0.0
486,842,0.0
486,800,0.0
486,1489,0.0
486,1364,0.0
486,58,0.0
486,1886,0.0
486,1561,0.0
486,477,0.0
486,1126,0.0
486,532,0.0
486,1968,0.0
486,591,0.0
486,838,0.0
486,2005,0.0
486,1734,0.0
486,1345,0.0
486,548,0.0
486,1037,0.0
486,1479,0.0
486,220,0.0
487,245,2.5
487,2041,0.0
487,228,0.0
487,778,0.0
487,1854,0.0
487,1557,0.0
487,1973,0.0
487,1782,0.0
487,984,0.0
487,372,0.0
487,468,0.0
487,419,0.0
487,1849,0.0
487,531,0.0
487,1423,0.0
487,987,0.0
487,1207,0.0
487,1884,0.0
487,561,0.0
487,89,0.0
487,1639,0.0
487,1729,0.0
487,1406,0.0
487,368,0.0
487,1097,0.0
487,1292,0.0
487,14,0.0
487,1352,0.0
487,1818,0.0
487,1415,0.0
487,1733,0.0
487,2019,0.0
487,1457,0.0
487,343,0.0
487,1218,0.0
487,1945,0.0
487,1059,0.0
487,916,0.0
487,204,0.0
487,1843,0.0
487,1674,0.0
487,775,0.0
487,1080,0.0
487,1133,0.0
487,685,0.0
487,1519,0.0
487,717,0.0
487,224,0.0
487,1409,0.0
487,63,0.0
488,217,3.5
488,943,0.0
488,1663,0.0
488,349,0.0
488,1155,0.0
488,545,0.0
488,598,0.0
488,31,0.0
488,258,0.0
488,475,0.0
488,1859,0.0
488,824,0.0
488,1905,0.0
488,971,0.0
488,919,0.0
488,32,0.0
488,898,0.0
488,387,0.0
488,1821,0.0
488,1861,0.0
488,1584,0.0
488,797,0.0
488,455,0.0
488,1617,0.0
488,1167,0.0
488,1972,0.0
488,1925,0.0
488,1815,0.0
488,1906,0.0
488,1627,0.0
488,223,0.0
488,216,0.0
488,155,0.0
488,788,0.0
488,1543,0.0
488,35,0.0
488,635,0.0
488,8,0.0
488,1063,0.0
488,1492,0.0
488,178,0.0
488,1664,0.0
488,958,0.0
488,500,0.0
488,372,0.0
488,1091,0.0
488,969,0.0
488,1689,0.0
488,1447,0.0
488,514,0.0
489,12,4.0
489,1176,0.0
489,1648,0.0
489,1683,0.0
489,1573,0.0
489,1158,0.0
489,1396,0.0
489,460,0.0
489,1958,0.0
489,1258,0.0
489,254,0.0
489,585,0.0
489,1351,0.0
489,361,0.0
489,1397,0.0
489,1002,0.0
489,787,0.0
489,208,0.0
489,266,0.0
489,655,0.0
489,996,0.0
489,553,0.0
489,735,0.0
489,1881,0.0
489,1529,0.0
489,1587,0.0
489,420,0.0
489,307,0.0
489,136,0.0
489,1442,0.0
489,194,0.0
489,1118,0.0
489,1513,0.0
489,1926,0.0
489,1281,0.0
489,1048,0.0
489,1255,0.0
489,1355,0.0
489,605,0.0
489,1013,0.0
489,861,0.0
489,220,0.0
489,296,0.0
489,1226,0.0
489,1010,0.0
489,1971,0.0
489,342,0.0
489,592,0.0
489,1228,0.0
489,2016,0.0
490,16,3.5
490,1701,0.0
490,685,0.0
490,1762,0.0
490,265,0.0
490,1544,0.0
490,1110,0.0
490,605,0.0
490,1075,0.0
490,1202,0.0
490,1301,0.0
490,1262,0.0
490,584,0.0
490,338,0.0
490,1095,0.0
490,373,0.0
490,579,0.0
490,516,0.0
490,1874,0.0
490,1261,0.0
490,1489,0.0
490,120,0.0
490,1436,0.0
490,1746,0.0
490,1797,0.0
490,836,0.0
490,569,0.0
490,42,0.0
490,1527,0.0
490,1220,0.0
490,71,0.0
490,90,0.0
490,1572,0.0
490,490,0.0
490,1849,0.0
490,748,0.0
490,997,0.0
490,382,0.0
490,804,0.0
490,1489,0.0
490,1177,0.0
490,169,0.0
490,1295,0.0
490,917,0.0
490,1133,0.0
490,150,0.0
490,430,0.0
490,450,0.0
490,642,0.0
490,779,0.0
491,236,3.5
491,1033,0.0
491,1118,0.0
491,120,0.0
491,125,0.0
491,548,0.0
491,1092,0.0
491,296,0.0
491,685,0.0
491,1524,0.0
491,972,0.0
491,1068,0.0
491,634,0.0
491,381,0.0
491,2007,0.0
491,1050,0.0
491,704,0.0
491,496,0.0
491,851,0.0
491,1159,0.0
491,706,0.0
491,1072,0.0
491,1631,0.0
491,1530,0.0
491,2027,0.0
491,120,0.0
491,1784,0.0
491,2008,0.0
491,1240,0.0
491,625,0.0
491,525,0.0
491,1597,0.0
491,1066,0.0
491,1946,0.0
491,751,0.0
491,95,0.0
491,26,0.0
491,835,0.0
491,1918,0.0
491,1265,0.0
491,486,0.0
491,1994,0.0
491,239,0.0
491,1327,0.0
491,66,0.0
491,1304,0.0
491,1215,0.0
491,1142,0.0
491,1175,0.0
491,1800,0.0
492,12,4.0
492,958,0.0
492,1591,0.0
492,591,0.0
492,23,0.0
492,1762,0.0
492,27,0.0
492,120,0.0
492,1513,0.0
492,1628,0.0
492,852,0.0
492,623,0.0
492,889,0.0
492,1368,0.0
492,2022,0.0
492,30,0.0
492,1678,0.0
492,1902,0.0
492,1833,0.0
492,1250,0.0
492,869,0.0
492,1273,0.0
492,49,0.0
492,725,0.0
492,1915,0.0
492,388,0.0
492,943,0.0
492,1804,0.0
492,1311,0.0
492,1730,0.0
492,1789,0.0
492,1614,0.0
492,1014,0.0
492,474,0.0
492,755,0.0
492,602,0.0
492,925,0.0
492,1029,0.0
492,792,0.0
492,411,0.0
492,1981,0.0
492,661,0.0
492,1347,0.0
492,1422,0.0
492,1305,0.0
492,190,0.0
492,785,0.0
492,584,0.0
492,958,0.0
492,1853,0.0
493,1497,3.5
493,1579,0.0
493,34,0.0
493,875,0.0
493,1370,0.0
493,383,0.0
493,1536,0.0
493,1761,0.0
493,810,0.0
493,1311,0.0
493,747,0.0
493,1894,0.0
493,958,0.0
493,1056,0.0
493,94,0.0
493,1019,0.0
493,204,0.0
493,1644,0.0
493,833,0.0
493,29,0.0
493,265,0.0
493,22,0.0
493,608,0.0
493,38,0.0
493,172,0.0
493,759,0.0
493,1914,0.0
493,1436,0.0
493,413,0.0
493,1697,0.0
493,691,0.0
493,614,0.0
493,208,0.0
493,21,0.0
493,4,0.0
493,650,0.0
493,213,0.0
493,1695,0.0
493,919,0.0
493,906,0.0
493,1162,0.0
493,1680,0.0
493,671,0.0
493,1618,0.0
493,666,0.0
493,799,0.0
493,316,0.0
493,792,0.0
493,575,0.0
493,1727,0.0
494,234,3.0
494,1072,0.0
494,160,0.0
494,1539,0.0
494,1425,0.0
494,1733,0.0
494,319,0.0
494,923,0.0
494,363,0.0
494,1912,0.0
494,1465,0.0
494,474,0.0
494,1022,0.0
494,765,0.0
494,601,0.0
494,311,0.0
494,1555,0.0
494,588,0.0
494,1243,0.0
494,1697,0.0
494,1520,0.0
494,342,0.0
494,905,0.0
494,1650,0.0
494,1117,0.0
494,1941,0.0
494,1156,0.0
494,1524,0.0
494,171,0.0
494,625,0.0
494,1032,0.0
494,1834,0.0
494,1795,0.0
494,681,0.0
494,1344,0.0
494,1121,0.0
494,1192,0.0
494,1983,0.0
494,310,0.0
494,1753,0.0
494,913,0.0
494,1935,0.0
494,1366,0.0
494,429,0.0
494,1955,0.0
494,857,0.0
494,1985,0.0
494,1579,0.0
494,1523,0.0
494,1796,0.0
495,250,3.5
495,47,0.0
495,1944,0.0
495,1986,0.0
495,1817,0.0
495,1609,0.0
495,727,0.0
495,1469,0.0
495,220,0.0
495,1644,0.0
495,1670,0.0
495,939,0.0
495,342,0.0
495,1261,0.0
495,154,0.0
495,937,0.0
495,840,0.0
495,2027,0.0
495,1079,0.0
495,386,0.0
495,893,0.0
495,1932,0.0
495,1733,0.0
495,1338,0.0
495,37,0.0
495,1364,0.0
495,850,0.0
495,728,0.0
495,230,0.0
495,451,0.0
495,1365,0.0
495,1476,0.0
495,256,0.0
495,433,0.0
495,208,0.0
495,1224,0.0
495,136,0.0
495,1663,0.0
495,564,0.0
495,855,0.0
495,1417,0.0
495,1619,0.0
495,720,0.0
495,844,0.0
495,1820,0.0
495,35,0.0
495,1238,0.0
495,26,0.0
495,1681,0.0
495,17,0.0
496,214,3.0
496,1049,0.0
496,1030,0.0
496,590,0.0
496,1038,0.0
496,1455,0.0
496,898,0.0
496,1423,0.0
496,206,0.0
496,1624,0.0
496,1632,0.0
496,909,0.0
496,1239,0.0
496,1525,0.0
496,1482,0.0
496,258,0.0
496,1352,0.0
496,453,0.0
496,798,0.0
496,374,0.0
496,463,0.0
496,74,0.0
496,241,0.0
496,1040,0.0
496,1712,0.0
496,1282,0.0
496,122,0.0
496,2002,0.0
496,2007,0.0
496,1334,0.0
496,110,0.0
496,1279,0.0
496,233,0.0
496,967,0.0
496,496,0.0
496,1891,0.0
496,1063,0.0
496,1145,0.0
496,1473,0.0
496,726,0.0
496,1831,0.0
496,1821,0.0
496,1816,0.0
496,1542,0.0
496,91,0.0
496,1384,0.0
496,1969,0.0
496,1146,0.0
496,336,0.0
496,1631,0.0
497,244,3.0
497,1516,0.0
497,1312,0.0
497,1072,0.0
497,1475,0.0
497,515,0.0
497,1914,0.0
497,687,0.0
497,1019,0.0
497,1295,0.0
497,1454,0.0
497,1049,0.0
497,1093,0.0
497,292,0.0
497,1429,0.0
497,1257,0.0
497,230,0.0
497,1286,0.0
497,937,0.0
497,1821,0.0
497,1609,0.0
497,1144,0.0
497,1486,0.0
497,517,0.0
497,1047,0.0
497,705,0.0
497,1703,0.0
497,376,0.0
497,1523,0.0
497,1934,0.0
497,436,0.0
497,852,0.0
497,1745,0.0
497,1668,0.0
497,1880,0.0
497,1827,0.0
497,969,0.0
497,498,0.0
497,1197,0.0
497,1686,0.0
497,599,0.0
497,1836,0.0
497,1532,0.0
497,777,0.0
497,1333,0.0
497,69,0.0
497,204,0.0
497,340,0.0
497,1055,0.0
497,1066,0.0
498,241,4.0
498,394,0.0
498,483,0.0
498,665,0.0
498,455,0.0
498,1499,0.0
498,209,0.0
498,524,0.0
498,675,0.0
498,1001,0.0
498,2023,0.0
498,1790,0.0
498,895,0.0
498,1003,0.0
498,1599,0.0
498,306,0.0
498,1099,0.0
498,1045,0.0
498,59,0.0
498,385,0.0
498,55,0.0
498,167,0.0
498,1435,0.0
498,716,0.0
498,864,0.0
498,1794,0.0
498,1214,0.0
498,481,0.0
498,1942,0.0
498,1590,0.0
498,1439,0.0
498,339,0.0
498,795,0.0
498,891,0.0
498,775,0.0
498,1282,0.0
498,1373,0.0
498,600,0.0
498,436,0.0
498,1245,0.0
498,1436,0.0
498,2030,0.0
498,1373,0.0
498,1505,0.0
498,1624,0.0
498,2000,0.0
498,1082,0.0
498,151,0.0
498,933,0.0
498,539,0.0
499,236,3.0
499,10,0.0
499,1431,0.0
499,74,0.0
499,1323,0.0
499,946,0.0
499,912,0.0
499,1404,0.0
499,709,0.0
499,852,0.0
499,775,0.0
499,1870,0.0
499,885,0.0
499,2035,0.0
499,735,0.0
499,633,0.0
499,1609,0.0
499,1051,0.0
499,1486,0.0
499,395,0.0
499,682,0.0
499,2001,0.0
499,1399,0.0
499,420,0.0
499,363,0.0
499,1918,0.0
499,1239,0.0
499,1854,0.0
499,1124,0.0
499,1781,0.0
499,92,0.0
499,1598,0.0
499,265,0.0
499,205,0.0
499,1103,0.0
499,36,0.0
499,1034,0.0
499,1650,0.0
499,1113,0.0
499,743,0.0
499,18,0.0
499,1587,0.0
499,373,0.0
499,1809,0.0
499,93,0.0
499,31,0.0
499,1686,0.0
499,2036,0.0
499,139,0.0
499,1593,0.0
500,11,2.5
500,1242,0.0
500,871,0.0
500,80,0.0
500,1572,0.0
500,613,0.0
500,702,0.0
500,540,0.0
500,1849,0.0
500,764,0.0
500,1274,0.0
500,737,0.0
500,605,0.0
500,1438,0.0
500,1109,0.0
500,621,0.0
500,1240,0.0
500,1021,0.0
500,195,0.0
500,994,0.0
500,1320,0.0
500,945,0.0
500,43,0.0
500,392,0.0
500,1466,0.0
500,1113,0.0
500,2010,0.0
500,154,0.0
500,977,0.0
500,1501,0.0
500,1644,0.0
500,58,0.0
500,109,0.0
500,478,0.0
500,617,0.0
500,1922,0.0
500,1756,0.0
500,1798,0.0
500,1617,0.0
500,783,0.0
500,1072,0.0
500,1400,0.0
500,1055,0.0
500,1509,0.0
500,600,0.0
500,939,0.0
500,991,0.0
500,530,0.0
500,1026,0.0
500,377,0.0
501,233,3.0
501,1560,0.0
501,976,0.0
501,444,0.0
501,341,0.0
501,220,0.0
501,109,0.0
501,409,0.0
501,1441,0.0
501,1625,0.0
501,504,0.0
501,1800,0.0
501,39,0.0
501,1532,0.0
501,1482,0.0
501,262,0.0
501,1693,0.0
501,1141,0.0
501,1473,0.0
501,1791,0.0
501,1437,0.0
501,707,0.0
501,1849,0.0
501,822,0.0
501,1549,0.0
501,460,0.0
501,1141,0.0
501,216,0.0
501,1740,0.0
501,76,0.0
501,1444,0.0
501,891,0.0
501,1195,0.0
501,389,0.0
501,1049,0.0
501,1151,0.0
501,373,0.0
501,653,0.0
501,903,0.0
501,1047,0.0
501,1493,0.0
501,743,0.0
501,422,0.0
501,1200,0.0
501,852,0.0
501,1770,0.0
501,830,0.0
501,1561,0.0
501,1289,0.0
501,972,0.0
502,209,4.0
502,1957,0.0
502,1766,0.0
502,1538,0.0
502,685,0.0
502,751,0.0
502,997,0.0
502,405,0.0
502,1639,0.0
502,800,0.0
502,243,0.0
502,1823,0.0
502,366,0.0
502,1808,0.0
502,119,0.0
502,849,0.0
502,1463,0.0
502,1794,0.0
502,1527,0.0
502,1605,0.0
502,432,0.0
502,182,0.0
502,1484,0.0
502,758,0.0
502,1141,0.0
502,30,0.0
502,976,0.0
502,1172,0.0
502,527,0.0
502,1296,0.0
502,863,0.0
502,1408,0.0
502,1903,0.0
502,101,0.0
502,1095,0.0
502,1728,0.0
502,1857,0.0
502,622,0.0
502,804,0.0
502,407,0.0
502,1370,0.0
502,1875,0.0
502,1390,0.0
502,829,0.0
502,788,0.0
502,617,0.0
502,548,0.0
502,290,0.0
502,421,0.0
502,180,0.0
503,231,2.0
503,939,0.0
503,619,0.0
503,230,0.0
503,581,0.0
503,732,0.0
503,1609,0.0
503,1202,0.0
503,1103,0.0
503,1377,0.0
503,670,0.0
503,1891,0.0
503,1704,0.0
503,1849,0.0
503,1924,0.0
503,1184,0.0
503,1450,0.0
503,402,0.0
503,1055,0.0
503,120,0.0
503,726,0.0
503,1538,0.0
503,384,0.0
503,1763,0.0
503,1448,0.0
503,475,0.0
503,559,0.0
503,1190,0.0
503,388,0.0
503,1356,0.0
503,1546,0.0
503,1773,0.0
503,789,0.0
503,752,0.0
503,1494,0.0
503,703,0.0
503,1547,0.0
503,52,0.0
503,566,0.0
503,820,0.0
503,1044,0.0
503,1042,0.0
503,1988,0.0
503,1879,0.0
503,861,0.0
503,1479,0.0
503,321,0.0
503,826,0.0
503,432,0.0
503,2017,0.0
504,238,2.0
504,1148,0.0
504,5,0.0
504,457,0.0
504,1914,0.0
504,553,0.0
504,1593,0.0
504,1962,0.0
504,2037,0.0
504,521,0.0
504,1112,0.0
504,845,0.0
504,1134,0.0
504,550,0.0
504,1420,0.0
504,1994,0.0
504,1702,0.0
504,10,0.0
504,1645,0.0
504,496,0.0
504,1039,0.0
504,1056,0.0
504,744,0.0
504,488,0.0
504,1211,0.0
504,735,0.0
504,1594,0.0
504,457,0.0
504,1074,0.0
504,1294,0.0
504,463,0.0
504,42,0.0
504,538,0.0
504,567,0.0
504,120,0.0
504,624,0.0
504,315,0.0
504,1021,0.0
504,1138,0.0
504,620,0.0
504,2015,0.0
504,453,0.0
504,686,0.0
504,623,0.0
504,611,0.0
504,1543,0.0
504,958,0.0
504,2008,0.0
504,646,0.0
504,762,0.0
505,58,3.5
505,324,0.0
505,387,0.0
505,827,0.0
505,239,0.0
505,975,0.0
505,1097,0.0
505,30,0.0
505,478,0.0
505,1037,0.0
505,716,0.0
505,1339,0.0
505,67,0.0
505,1663,0.0
505,1005,0.0
505,537,0.0
505,1943,0.0
505,1719,0.0
505,1672,0.0
505,290,0.0
505,1641,0.0
505,974,0.0
505,23,0.0
505,414,0.0
505,850,0.0
505,961,0.0
505,1729,0.0
505,680,0.0
505,1059,0.0
505,100,0.0
505,545,0.0
505,1912,0.0
505,38,0.0
505,210,0.0
505,741,0.0
505,1814,0.0
505,591,0.0
505,749,0.0
505,171,0.0
505,837,0.0
505,441,0.0
505,1082,0.0
505,1433,0.0
505,533,0.0
505,364,0.0
505,366,0.0
505,1367,0.0
505,1773,0.0
505,295,0.0
505,1364,0.0
506,218,3.0
506,378,0.0
506,1349,0.0
506,1321,0.0
506,1720,0.0
506,137,0.0
506,124,0.0
506,933,0.0
506,1415,0.0
506,1425,0.0
506,479,0.0
506,1424,0.0
506,569,0.0
506,1385,0.0
506,65,0.0
506,1451,0.0
506,851,0.0
506,1737,0.0
506,1544,0.0
506,431,0.0
506,1958,0.0
506,1128,0.0
506,1112,0.0
506,600,0.0
506,855,0.0
506,5,0.0
506,157,0.0
506,1402,0.0
506,329,0.0
506,1126,0.0
506,222,0.0
506,401,0.0
506,1706,0.0
506,544,0.0
506,508,0.0
506,1716,0.0
506,183,0.0
506,914,0.0
506,1110,0.0
506,580,0.0
506,1403,0.0
506,537,0.0
506,1436,0.0
506,1943,0.0
506,517,0.0
506,767,0.0
506,1717,0.0
506,294,0.0
506,1014,0.0
506,259,0.0
507,3,4.0
507,1118,0.0
507,1929,0.0
507,1778,0.0
507,1908,0.0
507,1828,0.0
507,774,0.0
507,1147,0.0
507,799,0.0
507,1523,0.0
507,1802,0.0
507,943,0.0
507,1022,0.0
507,620,0.0
507,859,0.0
507,963,0.0
507,1071,0.0
507,812,0.0
507,94,0.0
507,1500,0.0
507,32,0.0
507,1141,0.0
507,1667,0.0
507,1274,0.0
507,1326,0.0
507,121,0.0
507,217,0.0
507,1076,0.0
507,1149,0.0
507,1182,0.0
507,1694,0.0
507,794,0.0
507,1624,0.0
507,175,0.0
507,291,0.0
507,1968,0.0
507,1182,0.0
507,490,0.0
507,760,0.0
507,1380,0.0
507,633,0.0
507,1260,0.0
507,1451,0.0
507,124,0.0
507,1338,0.0
507,1302,0.0
507,1890,0.0
507,1859,0.0
507,603,0.0
507,937,0.0
508,9,2.5
508,1775,0.0
508,1399,0.0
508,78,0.0
508,1867,0.0
508,1892,0.0
508,1866,0.0
508,196,0.0
508,1143,0.0
508,1783,0.0
508,1674,0.0
508,225,0.0
508,594,0.0
508,1433,0.0
508,1561,0.0
508,1663,0.0
508,912,0.0
508,734,0.0
508,1362,0.0
508,1579,0.0
508,1619,0.0
508,918,0.0
508,536,0.0
508,219,0.0
508,292,0.0
508,1227,0.0
508,1903,0.0
508,1728,0.0
508,1537,0.0
508,201,0.0
508,1889,0.0
508,31,0.0
508,1112,0.0
508,1225,0.0
508,1974,0.0
508,1713,0.0
508,1728,0.0
508,1695,0.0
508,1316,0.0
508,715,0.0
508,752,0.0
508,1016,0.0
508,114,0.0
508,721,0.0
508,1245,0.0
508,1932,0.0
508,181,0.0
508,770,0.0
508,468,0.0
508,425,0.0
509,6,3.5
509,1977,0.0
509,1463,0.0
509,1830,0.0
509,1877,0.0
509,515,0.0
509,1839,0.0
509,1414,0.0
509,315,0.0
509,1703,0.0
509,1031,0.0
509,1531,0.0
509,1147,0.0
509,1395,0.0
509,313,0.0
509,1208,0.0
509,546,0.0
509,1608,0.0
509,1906,0.0
509,1548,0.0
509,38,0.0
509,1107,0.0
509,1044,0.0
509,252,0.0
509,302,0.0
509,978,0.0
509,257,0.0
509,1835,0.0
509,999,0.0
509,541,0.0
509,2006,0.0
509,639,0.0
509,1846,0.0
509,551,0.0
509,460,0.0
509,1632,0.0
509,223,0.0
509,91,0.0
509,279,0.0
509,1193,0.0
509,1819,0.0
509,1757,0.0
509,1652,0.0
509,247,0.0
509,1384,0.0
509,1372,0.0
509,865,0.0
509,1458,0.0
509,1429,0.0
509,1624,0.0
510,3,4.0
510,1090,0.0
510,659,0.0
510,1517,0.0
510,684,0.0
510,546,0.0
510,1100,0.0
510,915,0.0
510,1815,0.0
510,1720,0.0
510,54,0.0
510,1928,0.0
510,1629,0.0
510,1496,0.0
510,1679,0.0
510,1270,0.0
510,1462,0.0
510,1735,0.0
510,1771,0.0
510,313,0.0
510,1343,0.0
510,219,0.0
510,1867,0.0
510,1394,0.0
510,1239,0.0
510,48,0.0
510,1820,0.0
510,462,0.0
510,117,0.0
510,81,0.0
510,1286,0.0
510,1612,0.0
510,1746,0.0
510,495,0.0
510,2026,0.0
510,633,0.0
510,836,0.0
510,601,0.0
510,769,0.0
510,672,0.0
510,175,0.0
510,804,0.0
510,1112,0.0
510,638,0.0
510,2008,0.0
510,1382,0.0
510,1309,0.0
510,296,0.0
510,1283,0.0
510,1874,0.0
511,215,3.5
511,1447,0.0
511,1821,0.0
511,101,0.0
511,2006,0.0
511,1290,0.0
511,1659,0.0
511,1176,0.0
511,1452,0.0
511,690,0.0
511,1450,0.0
511,577,0.0
511,610,0.0
511,1966,0.0
511,535,0.0
511,1356,0.0
511,760,0.0
511,2025,0.0
511,1700,0.0
511,895,0.0
511,1463,0.0
511,1629,0.0
511,970,0.0
511,1878,0.0
511,123,0.0
511,1325,0.0
511,667,0.0
511,348,0.0
511,248,0.0
511,1971,0.0
511,1294,0.0
511,1452,0.0
511,1593,0.0
511,706,0.0
511,712,0.0
511,1607,0.0
511,1006,0.0
511,246,0.0
511,480,0.0
511,97,0.0
511,328,0.0
511,2036,0.0
511,1616,0.0
511,1448,0.0
511,1600,0.0
511,1447,0.0
511,1028,0.0
511,2013,0.0
511,458,0.0
511,795,0.0
512,6,0.5
512,1150,0.0
512,736,0.0
512,1630,0.0
512,1334,0.0
512,517,0.0
512,934,0.0
512,1288,0.0
512,745,0.0
512,287,0.0
512,419,0.0
512,1919,0.0
512,1551,0.0
512,139,0.0
512,1832,0.0
512,706,0.0
512,697,0.0
512,986,0.0
512,474,0.0
512,1928,0.0
512,1660,0.0
512,1552,0.0
512,1901,0.0
512,388,0.0
512,510,0.0
512,537,0.0
512,212,0.0
512,896,0.0
512,1536,0.0
512,1826,0.0
512,1288,0.0
512,1366,0.0
512,1061,0.0
512,232,0.0
512,259,0.0
512,307,0.0
512,402,0.0
512,996,0.0
512,1284,0.0
512,1499,0.0
512,749,0.0
512,1129,0.0
512,1270,0.0
512,303,0.0
512,342,0.0
512,1470,0.0
512,1061,0.0
512,1843,0.0
512,854,0.0
512,1069,0.0
513,2,0.5
513,977,0.0
513,1613,0.0
513,1994,0.0
513,379,0.0
513,1513,0.0
513,1148,0.0
513,37,0.0
513,780,0.0
513,309,0.0
513,105,0.0
513,555,0.0
513,1248,0.0
513,1265,0.0
513,396,0.0
513,152,0.0
513,535,0.0
513,1659,0.0
513,1820,0.0
513,995,0.0
513,965,0.0
513,1425,0.0
513,1883,0.0
513,1796,0.0
513,1169,0.0
513,1214,0.0
513,892,0.0
513,1700,0.0
513,582,0.0
513,1974,0.0
513,200,0.0
513,1890,0.0
513,11,0.0
513,1075,0.0
513,1976,0.0
513,767,0.0
513,1325,0.0
513,1895,0.0
513,1323,0.0
513,2022,0.0
513,919,0.0
513,520,0.0
513,1163,0.0
513,99,0.0
513,1508,0.0
513,1160,0.0
513,870,0.0
513,365,0.0
513,1907,0.0
513,1557,0.0
514,16,4.0
514,387,0.0
514,82,0.0
514,975,0.0
514,1785,0.0
514,1919,0.0
514,395,0.0
514,544,0.0
514,2038,0.0
514,660,0.0
514,639,0.0
514,99,0.0
514,456,0.0
514,2022,0.0
514,873,0.0
514,2028,0.0
514,327,0.0
514,723,0.0
514,73,0.0
514,1119,0.0
514,91,0.0
514,329,0.0
514,1863,0.0
514,1971,0.0
514,174,0.0
514,1760,0.0
514,314,0.0
514,1710,0.0
514,1591,0.0
514,496,0.0
514,1292,0.0
514,427,0.0
514,34,0.0
514,118,0.0
514,1394,0.0
514,924,0.0
514,1591,0.0
514,1924,0.0
514,1474,0.0
514,1332,0.0
514,1380,0.0
514,1399,0.0
514,827,0.0
514,1128,0.0
514,389,0.0
514,175,0.0
514,105,0.0
514,591,0.0
514,1186,0.0
514,913,0.0
515,231,3.5
515,740,0.0
515,763,0.0
515,1610,0.0
515,1214,0.0
515,1734,0.0
515,674,0.0
515,1674,0.0
515,48,0.0
515,1386,0.0
515,1902,0.0
515,626,0.0
515,679,0.0
515,1519,0.0
515,276,0.0
515,46,0.0
515,1794,0.0
515,925,0.0
515,215,0.0
515,229,0.0
515,1662,0.0
515,322,0.0
515,1853,0.0
515,1444,0.0
515,224,0.0
515,1685,0.0
515,1310,0.0
515,45,0.0
515,1995,0.0
515,1836,0.0
515,1037,0.0
515,632,0.0
515,1931,0.0
515,374,0.0
515,702,0.0
515,986,0.0
515,332,0.0
515,1879,0.0
515,165,0.0
515,506,0.0
515,116,0.0
515,942,0.0
515,635,0.0
515,1589,0.0
515,1462,0.0
515,1327,0.0
515,456,0.0
515,1991,0.0
515,868,0.0
515,1294,0.0
516,1,3.0
516,1939,0.0
516,418,0.0
516,1762,0.0
516,1491,0.0
516,641,0.0
516,1907,0.0
516,1593,0.0
516,506,0.0
516,1681,0.0
516,1501,0.0
516,1385,0.0
516,311,0.0
516,1657,0.0
516,703,0.0
516,244,0.0
516,476,0.0
516,614,0.0
516,1914,0.0
516,435,0.0
516,249,0.0
516,1045,0.0
516,476,0.0
516,1595,0.0
516,1773,0.0
516,1929,0.0
516,1875,0.0
516,510,0.0
516,1919,0.0
516,1359,0.0
516,1669,0.0
516,1872,0.0
516,773,0.0
516,1365,0.0
516,1361,0.0
516,1503,0.0
516,923,0.0
516,1065,0.0
516,73,0.0
516,808,0.0
516,830,0.0
516,1045,0.0
516,219,0.0
516,78,0.0
516,234,0.0
516,156,0.0
516,326,0.0
516,1137,0.0
516,1825,0.0
516,1631,0.0
517,240,3.0
517,1914,0.0
517,324,0.0
517,1830,0.0
517,1926,0.0
517,1183,0.0
517,515,0.0
517,1684,0.0
517,745,0.0
517,1277,0.0
517,1951,0.0
517,247,0.0
517,1873,0.0
517,1376,0.0
517,397,0.0
517,581,0.0
517,202,0.0
517,1325,0.0
517,1171,0.0
517,220,0.0
517,1721,0.0
517,866,0.0
517,1871,0.0
517,1583,0.0
517,262,0.0
517,295,0.0
517,1338,0.0
517,1019,0.0
517,291,0.0
517,683,0.0
517,875,0.0
517,1054,0.0
517,1705,0.0
517,1067,0.0
517,1962,0.0
517,554,0.0
517,1966,0.0
517,1157,0.0
517,348,0.0
517,218,0.0
517,2026,0.0
517,1022,0.0
517,449,0.0
517,503,0.0
517,85,0.0
517,1274,0.0
517,1288,0.0
517,522,0.0
517,1103,0.0
517,1644,0.0
518,211,3.5
518,1690,0.0
518,1437,0.0
518,1463,0.0
518,1256,0.0
518,2003,0.0
518,192,0.0
518,1122,0.0
518,1974,0.0
518,1136,0.0
518,1642,0.0
518,1559,0.0
518,1304,0.0
518,999,0.0
518,1972,0.0
518,1739,0.0
518,522,0.0
518,349,0.0
518,315,0.0
518,1740,0.0
518,942,0.0
518,1944,0.0
518,1523,0.0
518,1560,0.0
518,912,0.0
518,651,0.0
518,634,0.0
518,1010,0.0
518,1459,0.0
518,1546,0.0
518,1801,0.0
518,592,0.0
518,443,0.0
518,1845,0.0
518,620,0.0
518,1231,0.0
518,1854,0.0
518,755,0.0
518,1299,0.0
518,496,0.0
518,772,0.0
518,1320,0.0
518,373,0.0
518,1598,0.0
518,183,0.0
518,31,0.0
518,282,0.0
518,835,0.0
518,872,0.0
518,1455,0.0
519,120,1.5
519,1539,0.0
519,1799,0.0
519,937,0.0
519,764,0.0
519,162,0.0
519,652,0.0
519,2032,0.0
519,900,0.0
519,807,0.0
519,1554,0.0
519,81,0.0
519,480,0.0
519,1916,0.0
519,515,0.0
519,1663,0.0
519,186,0.0
519,145,0.0
519,1005,0.0
519,151,0.0
519,1386,0.0
519,92,0.0
519,1054,0.0
519,1849,0.0
519,539,0.0
519,648,0.0
519,1964,0.0
519,601,0.0
519,48,0.0
519,1902,0.0
519,1281,0.0
519,1541,0.0
519,540,0.0
519,1433,0.0
519,155,0.0
519,774,0.0
519,545,0.0
519,1463,0.0
519,1260,0.0
519,649,0.0
519,1391,0.0
519,1000,0.0
519,2023,0.0
519,1080,0.0
519,174,0.0
519,1237,0.0
519,26,0.0
519,1830,0.0
519,1941,0.0
519,1142,0.0
520,241,0.5
520,1057,0.0
520,1707,0.0
520,517,0.0
520,439,0.0
520,1308,0.0
520,224,0.0
520,564,0.0
520,1280,0.0
520,2030,0.0
520,1082,0.0
520,1967,0.0
520,245,0.0
520,1542,0.0
520,1237,0.0
520,927,0.0
520,1613,0.0
520,1724,0.0
520,952,0.0
520,818,0.0
520,215,0.0
520,1426,0.0
520,282,0.0
520,1854,0.0
520,1979,0.0
520,1596,0.0
520,572,0.0
520,1238,0.0
520,381,0.0
520,1068,0.0
520,1940,0.0
520,171,0.0
520,1244,0.0
520,1408,0.0
520,1118,0.0
520,1882,0.0
520,43,0.0
520,227,0.0
520,573,0.0
520,316,0.0
520,730,0.0
520,1358,0.0
520,600,0.0
520,623,0.0
520,1742,0.0
520,2023,0.0
520,466,0.0
520,1902,0.0
520,1841,0.0
520,1738,0.0
521,251,4.0
521,756,0.0
521,30,0.0
521,331,0.0
521,1993,0.0
521,1959,0.0
521,1434,0.0
521,51,0.0
521,1407,0.0
521,242,0.0
521,774,0.0
521,685,0.0
521,1635,0.0
521,1440,0.0
521,1498,0.0
521,1415,0.0
521,1412,0.0
521,572,0.0
521,1991,0.0
521,871,0.0
521,699,0.0
521,1492,0.0
521,1431,0.0
521,518,0.0
521,1212,0.0
521,594,0.0
521,1374,0.0
521,1955,0.0
521,282,0.0
521,1659,0.0
521,1180,0.0
521,598,0.0
521,147,0.0
521,69,0.0
521,1995,0.0
521,1393,0.0
521,1611,0.0
521,1649,0.0
521,1538,0.0
521,233,0.0
521,678,0.0
521,1634,0.0
521,635,0.0
521,466,0.0
521,556,0.0
521,893,0.0
521,835,0.0
521,1310,0.0
521,617,0.0
521,1317,0.0
522,217,3.5
522,1071,0.0
522,764,0.0
522,1581,0.0
522,1393,0.0
522,230,0.0
522,1118,0.0
522,302,0.0
522,1241,0.0
522,1575,0.0
522,386,0.0
522,714,0.0
522,1651,0.0
522,924,0.0
522,1114,0.0
522,57,0.0
522,433,0.0
522,2030,0.0
522,521,0.0
522,767,0.0
522,828,0.0
522,1784,0.0
522,482,0.0
522,366,0.0
522,888,0.0
522,1852,0.0
522,1430,0.0
522,1541,0.0
522,1354,0.0
522,1723,0.0
522,1258,0.0
522,882,0.0
522,410,0.0
522,182,0.0
522,1310,0.0
522,1146,0.0
522,157,0.0
522,1346,0.0
522,12,0.0
522,1850,0.0
522,565,0.0
522,871,0.0
522,1812,0.0
522,554,0.0
522,1802,0.0
522,1644,0.0
522,1858,0.0
522,677,0.0
522,862,0.0
522,1943,0.0
523,669,4.0
523,1257,0.0
523,1835,0.0
523,1239,0.0
523,1514,0.0
523,416,0.0
523,1782,0.0
523,1556,0.0
523,450,0.0
523,835,0.0
523,1778,0.0
523,1823,0.0
523,279,0.0
523,243,0.0
523,674,0.0
523,145,0.0
523,1090,0.0
523,102,0.0
523,309,0.0
523,1945,0.0
523,1979,0.0
523,1660,0.0
523,116,0.0
523,1495,0.0
523,762,0.0
523,1344,0.0
523,1458,0.0
523,1393,0.0
523,737,0.0
523,1723,0.0
523,186,0.0
523,1611,0.0
523,784,0.0
523,1492,0.0
523,1684,0.0
523,706,0.0
523,875,0.0
523,795,0.0
523,472,0.0
523,555,0.0
523,1477,0.0
523,1469,0.0
523,681,0.0
523,93,0.0
523,735,0.0
523,789,0.0
523,2041,0.0
523,37,0.0
523,781,0.0
523,481,0.0
524,209,3.5
524,2008,0.0
524,1722,0.0
524,635,0.0
524,1053,0.0
524,184,0.0
524,1312,0.0
524,1382,0.0
524,473,0.0
524,984,0.0
524,1588,0.0
524,1423,0.0
524,1712,0.0
524,983,0.0
524,1156,0.0
524,501,0.0
524,1526,0.0
524,873,0.0
524,2022,0.0
524,1100,0.0
524,349,0.0
524,59,0.0
524,1478,0.0
524,878,0.0
524,464,0.0
524,310,0.0
524,1114,0.0
524,930,0.0
524,964,0.0
524,1321,0.0
524,1348,0.0
524,279,0.0
524,710,0.0
524,966,0.0
524,1141,0.0
524,694,0.0
524,909,0.0
524,566,0.0
524,270,0.0
524,1540,0.0
524,1124,0.0
524,1411,0.0
524,1309,0.0
524,979,0.0
524,1076,0.0
524,1753,0.0
524,840,0.0
524,1821,0.0
524,1003,0.0
524,239,0.0
525,206,2.0
525,112,0.0
525,944,0.0
525,1746,0.0
525,1047,0.0
525,282,0.0
525,1315,0.0
525,1386,0.0
525,400,0.0
525,567,0.0
525,1289,0.0
525,1077,0.0
525,1872,0.0
525,1643,0.0
525,713,0.0
525,1737,0.0
525,421,0.0
525,848,0.0
525,1918,0.0
525,1497,0.0
525,1753,0.0
525,1266,0.0
525,1377,0.0
525,1411,0.0
525,1201,0.0
525,474,0.0
525,1596,0.0
525,404,0.0
525,35,0.0
525,357,0.0
525,557,0.0
525,1630,0.0
525,1350,0.0
525,1067,0.0
525,319,0.0
525,737,0.0
525,657,0.0
525,471,0.0
525,1292,0.0
525,524,0.0
525,24,0.0
525,1796,0.0
525,639,0.0
525,1574,0.0
525,1180,0.0
525,875,0.0
525,1208,0.0
525,173,0.0
525,1952,0.0
525,2007,0.0
526,592,2.5
526,515,0.0
526,1025,0.0
526,1668,0.0
526,1325,0.0
526,1102,0.0
526,658,0.0
526,677,0.0
526,314,0.0
526,1998,0.0
526,1773,0.0
526,327,0.0
526,275,0.0
526,715,0.0
526,451,0.0
526,1588,0.0
526,485,0.0
526,1130,0.0
526,566,0.0
526,245,0.0
526,934,0.0
526,888,0.0
526,163,0.0
526,1977,0.0
526,526,0.0
526,0,0.0
526,862,0.0
526,136,0.0
526,150,0.0
526,1203,0.0
526,1945,0.0
526,1767,0.0
526,1003,0.0
526,1510,0.0
526,1723,0.0
526,1041,0.0
526,1248,0.0
526,1128,0.0
526,998,0.0
526,1741,0.0
526,697,0.0
526,1088,0.0
526,332,0.0
526,371,0.0
526,1230,0.0
526,1252,0.0
526,580,0.0
526,1165,0.0
526,1741,0.0
526,685,0.0
527,781,3.5
527,1681,0.0
527,335,0.0
527,735,0.0
527,1140,0.0
527,1024,0.0
527,1652,0.0
527,895,0.0
527,537,0.0
527,1459,0.0
527,495,0.0
527,1035,0.0
527,1317,0.0
527,507,0.0
527,1876,0.0
527,680,0.0
527,564,0.0
527,780,0.0
527,759,0.0
527,127,0.0
527,1099,0.0
527,1292,0.0
527,145,0.0
527,1938,0.0
527,1426,0.0
527,498,0.0
527,965,0.0
527,559,0.0
527,1222,0.0
527,1606,0.0
527,923,0.0
527,1526,0.0
527,1627,0.0
527,402,0.0
527,975,0.0
527,1232,0.0
527,341,0.0
527,1874,0.0
527,1071,0.0
527,540,0.0
527,1199,0.0
527,510,0.0
527,18,0.0
527,494,0.0
527,354,0.0
527,558,0.0
527,344,0.0
527,1083,0.0
527,687,0.0
527,1790,0.0
528,770,4.0
528,693,0.0
528,68,0.0
528,410,0.0
528,1075,0.0
528,1088,0.0
528,811,0.0
528,1949,0.0
528,918,0.0
528,846,0.0
528,739,0.0
528,1490,0.0
528,1757,0.0
528,1295,0.0
528,438,0.0
528,529,0.0
528,729,0.0
528,272,0.0
528,458,0.0
528,819,0.0
528,1196,0.0
528,567,0.0
528,860,0.0
528,1973,0.0
528,1544,0.0
528,496,0.0
528,1936,0.0
528,794,0.0
528,804,0.0
528,1557,0.0
528,1095,0.0
528,1986,0.0
528,933,0.0
528,1890,0.0
528,991,0.0
528,839,0.0
528,1195,0.0
528,634,0.0
528,602,0.0
528,735,0.0
528,1315,0.0
528,1889,0.0
528,1275,0.0
528,1432,0.0
528,990,0.0
528,1833,0.0
528,366,0.0
528,255,0.0
528,1548,0.0
528,439,0.0
529,7,3.0
529,207,0.0
529,1884,0.0
529,317,0.0
529,337,0.0
529,154,0.0
529,1798,0.0
529,867,0.0
529,1178,0.0
529,1865,0.0
529,393,0.0
529,504,0.0
529,970,0.0
529,312,0.0
529,1821,0.0
529,1282,0.0
529,1180,0.0
529,13,0.0
529,76,0.0
529,1362,0.0
529,408,0.0
529,393,0.0
529,1870,0.0
529,219,0.0
529,743,0.0
529,432,0.0
529,805,0.0
529,1478,0.0
529,1677,0.0
529,1786,0.0
529,1949,0.0
529,1831,0.0
529,1163,0.0
529,987,0.0
529,1521,0.0
529,653,0.0
529,1664,0.0
529,1859,0.0
529,816,0.0
529,1553,0.0
529,754,0.0
529,675,0.0
529,831,0.0
529,1119,0.0
529,27,0.0
529,987,0.0
529,1253,0.0
529,415,0.0
529,1479,0.0
529,24,0.0
530,0,3.5
530,1180,0.0
530,857,0.0
530,1754,0.0
530,997,0.0
530,284,0.0
530,1824,0.0
530,1051,0.0
530,350,0.0
530,82,0.0
530,1647,0.0
530,665,0.0
530,1393,0.0
530,540,0.0
530,1418,0.0
530,2024,0.0
530,479,0.0
530,212,0.0
530,1637,0.0
530,929,0.0
530,359,0.0
530,213,0.0
530,303,0.0
530,1178,0.0
530,1403,0.0
530,199,0.0
530,1703,0.0
530,237,0.0
530,670,0.0
530,1728,0.0
530,1190,0.0
530,1249,0.0
530,878,0.0
530,250,0.0
530,1303,0.0
530,475,0.0
530,497,0.0
530,1987,0.0
530,977,0.0
530,1756,0.0
530,1558,0.0
530,996,0.0
530,700,0.0
530,1434,0.0
530,783,0.0
530,428,0.0
530,538,0.0
530,1992,0.0
530,900,0.0
530,1466,0.0
531,244,1.5
531,748,0.0
531,763,0.0
531,416,0.0
531,206,0.0
531,340,0.0
531,1643,0.0
531,720,0.0
531,310,0.0
531,1331,0.0
531,1316,0.0
531,624,0.0
531,1399,0.0
531,1550,0.0
531,1363,0.0
531,82,0.0
531,1600,0.0
531,1475,0.0
531,1026,0.0
531,1479,0.0
531,872,0.0
531,235,0.0
531,388,0.0
531,392,0.0
531,1664,0.0
531,1782,0.0
531,746,0.0
531,29,0.0
531,1606,0.0
531,981,0.0
531,1171,0.0
531,604,0.0
531,282,0.0
531,1752,0.0
531,237,0.0
531,1762,0.0
531,730,0.0
531,1342,0.0
531,1994,0.0
531,1360,0.0
531,30,0.0
531,977,0.0
531,914,0.0
531,1649,0.0
531,1637,0.0
531,1628,0.0
531,206,0.0
531,1981,0.0
531,902,0.0
531,1252,0.0
532,243,3.5
532,919,0.0
532,1446,0.0
532,951,0.0
532,1973,0.0
532,805,0.0
532,1389,0.0
532,1717,0.0
532,146,0.0
532,1757,0.0
532,1817,0.0
532,1150,0.0
532,1331,0.0
532,714,0.0
532,1141,0.0
532,1596,0.0
532,230,0.0
532,450,0.0
532,1523,0.0
532,1685,0.0
532,1168,0.0
532,906,0.0
532,1646,0.0
532,1702,0.0
532,1724,0.0
532,2030,0.0
532,2010,0.0
532,1072,0.0
532,106,0.0
532,92,0.0
532,1659,0.0
532,828,0.0
532,139,0.0
532,1932,0.0
532,1337,0.0
532,10,0.0
532,447,0.0
532,926,0.0
532,394,0.0
532,1528,0.0
532,377,0.0
532,360,0.0
532,682,0.0
532,1016,0.0
532,1571,0.0
532,641,0.0
532,1878,0.0
532,572,0.0
532,1955,0.0
532,1869,0.0
533,215,3.0
533,986,0.0
533,957,0.0
533,1547,0.0
533,1191,0.0
533,854,0.0
533,77,0.0
533,1569,0.0
533,208,0.0
533,1861,0.0
533,1434,0.0
533,7,0.0
533,736,0.0
533,226,0.0
533,174,0.0
533,80,0.0
533,1817,0.0
533,1080,0.0
533,1158,0.0
533,237,0.0
533,1495,0.0
533,1240,0.0
533,1762,0.0
533,1049,0.0
533,186,0.0
533,1905,0.0
533,629,0.0
533,1732,0.0
533,1139,0.0
533,1013,0.0
533,814,0.0
533,613,0.0
533,891,0.0
533,1186,0.0
533,1437,0.0
533,177,0.0
533,984,0.0
533,279,0.0
533,797,0.0
533,1235,0.0
533,1077,0.0
533,66,0.0
533,543,0.0
533,1786,0.0
533,519,0.0
533,498,0.0
533,945,0.0
533,1454,0.0
533,726,0.0
533,1069,0.0
534,212,3.5
534,1286,0.0
534,1530,0.0
534,150,0.0
534,211,0.0
534,1215,0.0
534,880,0.0
534,754,0.0
534,1121,0.0
534,540,0.0
534,700,0.0
534,171,0.0
534,370,0.0
534,1732,0.0
534,1178,0.0
534,1163,0.0
534,912,0.0
534,1828,0.0
534,801,0.0
534,255,0.0
534,989,0.0
534,675,0.0
534,1669,0.0
534,863,0.0
534,415,0.0
534,328,0.0
534,1401,0.0
534,917,0.0
534,1289,0.0
534,1564,0.0
534,1162,0.0
534,1883,0.0
534,961,0.0
534,823,0.0
534,1620,0.0
534,1535,0.0
534,248,0.0
534,1886,0.0
534,1849,0.0
534,744,0.0
534,307,0.0
534,572,0.0
534,1808,0.0
534,1242,0.0
534,797,0.0
534,1000,0.0
534,760,0.0
534,1607,0.0
534,292,0.0
534,1924,0.0
535,7,3.0
535,219,0.0
535,1030,0.0
535,215,0.0
535,680,0.0
535,1609,0.0
535,292,0.0
535,1562,0.0
535,1812,0.0
535,1507,0.0
535,42,0.0
535,1330,0.0
535,1116,0.0
535,1606,0.0
535,1292,0.0
535,1644,0.0
535,692,0.0
535,1238,0.0
535,958,0.0
535,113,0.0
535,1208,0.0
535,920,0.0
535,1148,0.0
535,1128,0.0
535,236,0.0
535,652,0.0
535,1828,0.0
535,157,0.0
535,1497,0.0
535,907,0.0
535,1528,0.0
535,960,0.0
535,1297,0.0
535,1913,0.0
535,852,0.0
535,1140,0.0
535,885,0.0
535,1597,0.0
535,1559,0.0
535,59,0.0
535,400,0.0
535,1897,0.0
535,827,0.0
535,1800,0.0
535,1203,0.0
535,1255,0.0
535,475,0.0
535,654,0.0
535,844,0.0
535,923,0.0
536,204,3.5
536,431,0.0
536,925,0.0
536,234,0.0
536,326,0.0
536,933,0.0
536,478,0.0
536,427,0.0
536,665,0.0
536,1123,0.0
536,1261,0.0
536,1130,0.0
536,857,0.0
536,1387,0.0
536,641,0.0
536,810,0.0
536,1516,0.0
536,1066,0.0
536,574,0.0
536,1096,0.0
536,1721,0.0
536,1018,0.0
536,1652,0.0
536,1327,0.0
536,1028,0.0
536,2010,0.0
536,1611,0.0
536,802,0.0
536,1372,0.0
536,399,0.0
536,594,0.0
536,1456,0.0
536,1595,0.0
536,1130,0.0
536,116,0.0
536,1842,0.0
536,382,0.0
536,858,0.0
536,81,0.0
536,1850,0.0
536,831,0.0
536,872,0.0
536,652,0.0
536,733,0.0
536,1433,0.0
536,69,0.0
536,386,0.0
536,2006,0.0
536,523,0.0
536,296,0.0
537,236,3.0
537,270,0.0
537,211,0.0
537,1519,0.0
537,1337,0.0
537,1793,0.0
537,1410,0.0
537,246,0.0
537,947,0.0
537,1590,0.0
537,820,0.0
537,1373,0.0
537,71,0.0
537,1319,0.0
537,1236,0.0
537,294,0.0
537,170,0.0
537,245,0.0
537,1164,0.0
537,1639,0.0
537,616,0.0
537,239,0.0
537,1956,0.0
537,310,0.0
537,1439,0.0
537,397,0.0
537,1856,0.0
537,922,0.0
537,791,0.0
537,1906,0.0
537,1904,0.0
537,21,0.0
537,1101,0.0
537,812,0.0
537,903,0.0
537,1498,0.0
537,1730,0.0
537,831,0.0
537,1376,0.0
537,1394,0.0
537,1966,0.0
537,1044,0.0
537,506,0.0
537,159,0.0
537,743,0.0
537,1384,0.0
537,812,0.0
537,1579,0.0
537,1320,0.0
537,1375,0.0
538,213,3.5
538,647,0.0
538,127,0.0
538,834,0.0
538,1709,0.0
538,924,0.0
538,729,0.0
538,1649,0.0
538,1910,0.0
538,1373,0.0
538,1547,0.0
538,462,0.0
538,1267,0.0
538,563,0.0
538,1209,0.0
538,1256,0.0
538,513,0.0
538,0,0.0
538,1262,0.0
538,1078,0.0
538,1518,0.0
538,1755,0.0
538,1639,0.0
538,1890,0.0
538,1441,0.0
538,1471,0.0
538,1859,0.0
538,337,0.0
538,907,0.0
538,817,0.0
538,1300,0.0
538,1033,0.0
538,1364,0.0
538,1127,0.0
538,344,0.0
538,1393,0.0
538,976,0.0
538,882,0.0
538,197,0.0
538,1037,0.0
538,2020,0.0
538,1703,0.0
538,871,0.0
538,1361,0.0
538,541,0.0
538,456,0.0
538,1549,0.0
538,749,0.0
538,1459,0.0
538,365,0.0
539,6,4.0
539,1581,0.0
539,1537,0.0
539,1457,0.0
539,128,0.0
539,780,0.0
539,325,0.0
539,789,0.0
539,16,0.0
539,698,0.0
539,1008,0.0
539,341,0.0
539,1002,0.0
539,837,0.0
539,627,0.0
539,770,0.0
539,877,0.0
539,1272,0.0
539,709,0.0
539,848,0.0
539,738,0.0
539,176,0.0
539,1778,0.0
539,945,0.0
539,356,0.0
539,494,0.0
539,34,0.0
539,1430,0.0
539,1991,0.0
539,1670,0.0
539,817,0.0
539,9,0.0
539,985,0.0
539,1718,0.0
539,1737,0.0
539,530,0.0
539,1558,0.0
539,94,0.0
539,575,0.0
539,1952,0.0
539,449,0.0
539,1243,0.0
539,1017,0.0
539,95,0.0
539,864,0.0
539,1800,0.0
539,1404,0.0
539,668,0.0
539,206,0.0
539,1809,0.0
540,4,4.0
540,530,0.0
540,15,0.0
540,1004,0.0
540,567,0.0
540,1892,0.0
540,1137,0.0
540,2024,0.0
540,1091,0.0
540,1613,0.0
540,29,0.0
540,1542,0.0
540,1931,0.0
540,663,0.0
540,998,0.0
540,874,0.0
540,21,0.0
540,1454,0.0
540,1053,0.0
540,955,0.0
540,1702,0.0
540,659,0.0
540,1433,0.0
540,1072,0.0
540,324,0.0
540,1511,0.0
540,1321,0.0
540,1797,0.0
540,180,0.0
540,1825,0.0
540,121,0.0
540,123,0.0
540,1476,0.0
540,265,0.0
540,27,0.0
540,1282,0.0
540,76,0.0
540,431,0.0
540,878,0.0
540,1729,0.0
540,893,0.0
540,1058,0.0
540,435,0.0
540,1137,0.0
540,1085,0.0
540,51,0.0
540,115,0.0
540,46,0.0
540,437,0.0
540,1435,0.0
541,213,3.5
541,1151,0.0
541,1864,0.0
541,151,0.0
541,1545,0.0
541,1061,0.0
541,1450,0.0
541,1128,0.0
541,164,0.0
541,937,0.0
541,1567,0.0
541,211,0.0
541,525,0.0
541,741,0.0
541,131,0.0
541,1175,0.0
541,95,0.0
541,1526,0.0
541,1012,0.0
541,521,0.0
541,373,0.0
541,1898,0.0
541,1039,0.0
541,1702,0.0
541,607,0.0
541,17,0.0
541,1432,0.0
541,1030,0.0
541,1719,0.0
541,1917,0.0
541,1268,0.0
541,1966,0.0
541,1906,0.0
541,977,0.0
541,878,0.0
541,593,0.0
541,642,0.0
541,128,0.0
541,800,0.0
541,454,0.0
541,1609,0.0
541,875,0.0
541,570,0.0
541,1095,0.0
541,1013,0.0
541,1183,0.0
541,1110,0.0
541,400,0.0
541,461,0.0
541,1552,0.0
542,204,4.0
542,1828,0.0
542,31,0.0
542,554,0.0
542,1982,0.0
542,1827,0.0
542,1889,0.0
542,304,0.0
542,792,0.0
542,1131,0.0
542,95,0.0
542,1089,0.0
542,520,0.0
542,229,0.0
542,732,0.0
542,357,0.0
542,401,0.0
542,789,0.0
542,98,0.0
542,270,0.0
542,1798,0.0
542,1932,0.0
542,361,0.0
542,1187,0.0
542,527,0.0
542,1192,0.0
542,1044,0.0
542,539,0.0
542,1865,0.0
542,594,0.0
542,1808,0.0
542,832,0.0
542,396,0.0
542,1059,0.0
542,494,0.0
542,313,0.0
542,489,0.0
542,1299,0.0
542,232,0.0
542,1639,0.0
542,1459,0.0
542,1029,0.0
542,1558,0.0
542,1705,0.0
542,663,0.0
542,243,0.0
542,240,0.0
542,1796,0.0
542,1951,0.0
542,557,0.0
543,250,2.0
543,1906,0.0
543,1031,0.0
543,1046,0.0
543,1804,0.0
543,790,0.0
543,542,0.0
543,413,0.0
543,681,0.0
543,641,0.0
543,1930,0.0
543,1432,0.0
543,668,0.0
543,21,0.0
543,1661,0.0
543,1426,0.0
543,968,0.0
543,1704,0.0
543,1701,0.0
543,1180,0.0
543,329,0.0
543,1045,0.0
543,1495,0.0
543,1287,0.0
543,1326,0.0
543,901,0.0
543,1798,0.0
543,723,0.0
543,1488,0.0
543,1187,0.0
543,1159,0.0
543,251,0.0
543,204,0.0
543,1879,0.0
543,1325,0.0
543,1265,0.0
543,831,0.0
543,1950,0.0
543,790,0.0
543,1084,0.0
543,464,0.0
543,1841,0.0
543,1325,0.0
543,1495,0.0
543,1834,0.0
543,393,0.0
543,1630,0.0
543,2028,0.0
543,1020,0.0
543,659,0.0
544,248,4.0
544,2008,0.0
544,1142,0.0
544,213,0.0
544,564,0.0
544,731,0.0
544,438,0.0
544,754,0.0
544,1588,0.0
544,1937,0.0
544,628,0.0
544,902,0.0
544,1470,0.0
544,1866,0.0
544,1065,0.0
544,394,0.0
544,246,0.0
544,904,0.0
544,1314,0.0
544,247,0.0
544,1636,0.0
544,598,0.0
544,864,0.0
544,1472,0.0
544,83,0.0
544,772,0.0
544,1244,0.0
544,1689,0.0
544,50,0.0
544,549,0.0
544,770,0.0
544,980,0.0
544,1210,0.0
544,1548,0.0
544,1246,0.0
544,464,0.0
544,418,0.0
544,86,0.0
544,258,0.0
544,1204,0.0
544,310,0.0
544,172,0.0
544,1345,0.0
544,1730,0.0
544,1363,0.0
544,1519,0.0
544,1268,0.0
544,939,0.0
544,504,0.0
544,328,0.0
545,214,1.5
545,1729,0.0
545,326,0.0
545,749,0.0
545,643,0.0
545,356,0.0
545,594,0.0
545,500,0.0
545,1307,0.0
545,467,0.0
545,507,0.0
545,1757,0.0
545,105,0.0
545,1317,0.0
545,1089,0.0
545,194,0.0
545,1211,0.0
545,46,0.0
545,1385,0.0
545,1008,0.0
545,1894,0.0
545,536,0.0
545,1601,0.0
545,1510,0.0
545,846,0.0
545,1602,0.0
545,708,0.0
545,1269,0.0
545,807,0.0
545,611,0.0
545,1201,0.0
545,114,0.0
545,679,0.0
545,630,0.0
545,2021,0.0
545,1188,0.0
545,218,0.0
545,196,0.0
545,400,0.0
545,1853,0.0
545,2021,0.0
545,748,0.0
545,680,0.0
545,2039,0.0
545,75,0.0
545,1449,0.0
545,286,0.0
545,1568,0.0
545,1322,0.0
545,860,0.0
546,7,2.5
546,1058,0.0
546,783,0.0
546,670,0.0
546,721,0.0
546,525,0.0
546,536,0.0
546,846,0.0
546,1241,0.0
546,1277,0.0
546,995,0.0
546,1226,0.0
546,1124,0.0
546,1384,0.0
546,1764,0.0
546,1734,0.0
546,913,0.0
546,177,0.0
546,275,0.0
546,311,0.0
546,1665,0.0
546,1433,0.0
546,790,0.0
546,1311,0.0
546,1676,0.0
546,1548,0.0
546,1424,0.0
546,1240,0.0
546,697,0.0
546,1493,0.0
546,26,0.0
546,912,0.0
546,1753,0.0
546,421,0.0
546,1037,0.0
546,500,0.0
546,1677,0.0
546,907,0.0
546,324,0.0
546,2020,0.0
546,1347,0.0
546,1590,0.0
546,1726,0.0
546,284,0.0
546,1112,0.0
546,1068,0.0
546,1667,0.0
546,497,0.0
546,911,0.0
546,1521,0.0
547,214,3.0
547,34,0.0
547,370,0.0
547,490,0.0
547,1859,0.0
547,816,0.0
547,1264,0.0
547,6,0.0
547,548,0.0
547,370,0.0
547,1688,0.0
547,756,0.0
547,1273,0.0
547,1138,0.0
547,1576,0.0
547,1360,0.0
547,573,0.0
547,680,0.0
547,1165,0.0
547,1508,0.0
547,1461,0.0
547,1793,0.0
547,87,0.0
547,462,0.0
547,1071,0.0
547,1970,0.0
547,480,0.0
547,822,0.0
547,523,0.0
547,210,0.0
547,243,0.0
547,238,0.0
547,1220,0.0
547,768,0.0
547,234,0.0
547,186,0.0
547,712,0.0
547,1638,0.0
547,1313,0.0
547,1244,0.0
547,496,0.0
547,1519,0.0
547,1903,0.0
547,1325,0.0
547,186,0.0
547,1473,0.0
547,1938,0.0
547,1435,0.0
547,1634,0.0
547,935,0.0
548,1521,4.0
548,842,0.0
548,1716,0.0
548,1296,0.0
548,360,0.0
548,1208,0.0
548,1858,0.0
548,655,0.0
548,1971,0.0
548,1123,0.0
548,1113,0.0
548,983,0.0
548,1269,0.0
548,1262,0.0
548,1953,0.0
548,723,0.0
548,1104,0.0
548,114,0.0
548,275,0.0
548,79,0.0
548,1591,0.0
548,178,0.0
548,1332,0.0
548,560,0.0
548,508,0.0
548,259,0.0
548,1809,0.0
548,291,0.0
548,884,0.0
548,290,0.0
548,541,0.0
548,1909,0.0
548,763,0.0
548,1086,0.0
548,593,0.0
548,1428,0.0
548,947,0.0
548,479,0.0
548,1348,0.0
548,380,0.0
548,1704,0.0
548,309,0.0
548,1366,0.0
548,1693,0.0
548,1498,0.0
548,1079,0.0
548,846,0.0
548,424,0.0
548,1165,0.0
548,660,0.0
549,496,2.5
549,1181,0.0
549,1517,0.0
549,185,0.0
549,343,0.0
549,820,0.0
549,1892,0.0
549,740,0.0
549,1539,0.0
549,568,0.0
549,949,0.0
549,508,0.0
549,1563,0.0
549,15,0.0
549,524,0.0
549,199,0.0
549,1207,0.0
549,308,0.0
549,1839,0.0
549,1531,0.0
549,1304,0.0
549,1857,0.0
549,1181,0.0
549,1383,0.0
549,258,0.0
549,1942,0.0
549,1180,0.0
549,424,0.0
549,1629,0.0
549,778,0.0
549,1044,0.0
549,638,0.0
549,1370,0.0
549,919,0.0
549,1011,0.0
549,1886,0.0
549,349,0.0
549,960,0.0
549,1408,0.0
549,437,0.0
549,455,0.0
549,623,0.0
549,1769,0.0
549,1569,0.0
549,1103,0.0
549,2010,0.0
549,1475,0.0
549,1618,0.0
549,1564,0.0
549,1512,0.0
550,1536,4.0
550,700,0.0
550,402,0.0
550,1396,0.0
550,1951,0.0
550,1309,0.0
550,1856,0.0
550,1951,0.0
550,440,0.0
550,1939,0.0
550,1876,0.0
550,1618,0.0
550,1757,0.0
550,881,0.0
550,2011,0.0
550,1375,0.0
550,925,0.0
550,1878,0.0
550,1242,0.0
550,484,0.0
550,1466,0.0
550,1241,0.0
550,1725,0.0
550,1090,0.0
550,30,0.0
550,321,0.0
550,1273,0.0
550,565,0.0
550,9,0.0
550,677,0.0
550,850,0.0
550,926,0.0
550,284,0.0
550,152,0.0
550,1567,0.0
550,1552,0.0
550,370,0.0
550,300,0.0
550,1840,0.0
550,1878,0.0
550,145,0.0
550,1610,0.0
550,1914,0.0
550,1659,0.0
550,1075,0.0
550,1427,0.0
550,701,0.0
550,140,0.0
550,1111,0.0
550,1450,0.0
551,120,3.0
551,999,0.0
551,980,0.0
551,71,0.0
551,1697,0.0
551,177,0.0
551,1546,0.0
551,1898,0.0
551,2034,0.0
551,298,0.0
551,265,0.0
551,519,0.0
551,1518,0.0
551,1991,0.0
551,274,0.0
551,1728,0.0
551,1846,0.0
551,947,0.0
551,1794,0.0
551,52,0.0
551,811,0.0
551,1631,0.0
551,1839,0.0
551,1845,0.0
551,1423,0.0
551,1437,0.0
551,2032,0.0
551,1627,0.0
551,1947,0.0
551,1679,0.0
551,488,0.0
551,501,0.0
551,306,0.0
551,416,0.0
551,508,0.0
551,920,0.0
551,1553,0.0
551,637,0.0
551,665,0.0
551,5,0.0
551,421,0.0
551,1963,0.0
551,1474,0.0
551,1450,0.0
551,389,0.0
551,333,0.0
551,1471,0.0
551,337,0.0
551,847,0.0
551,1111,0.0
552,120,0.5
552,304,0.0
552,184,0.0
552,282,0.0
552,1178,0.0
552,685,0.0
552,862,0.0
552,684,0.0
552,665,0.0
552,1037,0.0
552,889,0.0
552,815,0.0
552,1663,0.0
552,340,0.0
552,603,0.0
552,1806,0.0
552,733,0.0
552,1496,0.0
552,818,0.0
552,1845,0.0
552,906,0.0
552,1131,0.0
552,1354,0.0
552,539,0.0
552,438,0.0
552,1732,0.0
552,987,0.0
552,1735,0.0
552,665,0.0
552,383,0.0
552,581,0.0
552,159,0.0
552,431,0.0
552,1887,0.0
552,1419,0.0
552,1989,0.0
552,1996,0.0
552,614,0.0
552,487,0.0
552,1771,0.0
552,1212,0.0
552,1441,0.0
552,342,0.0
552,1384,0.0
552,108,0.0
552,848,0.0
552,300,0.0
552,1391,0.0
552,1278,0.0
552,1339,0.0
553,210,3.5
553,1369,0.0
553,77,0.0
553,850,0.0
553,1108,0.0
553,891,0.0
553,660,0.0
553,1224,0.0
553,588,0.0
553,1384,0.0
553,761,0.0
553,564,0.0
553,811,0.0
553,301,0.0
553,292,0.0
553,293,0.0
553,108,0.0
553,364,0.0
553,599,0.0
553,677,0.0
553,1517,0.0
553,1290,0.0
553,92,0.0
553,1708,0.0
553,1087,0.0
553,427,0.0
553,637,0.0
553,367,0.0
553,1765,0.0
553,104,0.0
553,208,0.0
553,1597,0.0
553,1011,0.0
553,1775,0.0
553,473,0.0
553,1084,0.0
553,1369,0.0
553,11,0.0
553,465,0.0
553,648,0.0
553,1218,0.0
553,1097,0.0
553,874,0.0
553,385,0.0
553,1159,0.0
553,883,0.0
553,554,0.0
553,1937,0.0
553,1459,0.0
553,1062,0.0
554,8,3.0
554,988,0.0
554,1414,0.0
554,933,0.0
554,69,0.0
554,1716,0.0
554,842,0.0
554,246,0.0
554,328,0.0
554,157,0.0
554,917,0.0
554,697,0.0
554,742,0.0
554,584,0.0
554,54,0.0
554,485,0.0
554,1266,0.0
554,1837,0.0
554,1376,0.0
554,409,0.0
554,959,0.0
554,1999,0.0
554,904,0.0
554,726,0.0
554,1038,0.0
554,146,0.0
554,1513,0.0
554,1679,0.0
554,1048,0.0
554,1634,0.0
554,1714,0.0
554,332,0.0
554,1197,0.0
554,1798,0.0
554,289,0.0
554,569,0.0
554,1869,0.0
554,790,0.0
554,1942,0.0
554,1168,0.0
554,908,0.0
554,1145,0.0
554,26,0.0
554,1089,0.0
554,1124,0.0
554,925,0.0
554,387,0.0
554,1117,0.0
554,1090,0.0
554,249,0.0
555,252,3.5
555,812,0.0
555,1326,0.0
555,929,0.0
555,885,0.0
555,908,0.0
555,2027,0.0
555,1496,0.0
555,790,0.0
555,291,0.0
555,1982,0.0
555,1275,0.0
555,1611,0.0
555,174,0.0
555,108,0.0
555,961,0.0
555,1363,0.0
555,847,0.0
555,1037,0.0
555,692,0.0
555,1345,0.0
555,1968,0.0
555,1807,0.0
555,963,0.0
555,42,0.0
555,460,0.0
555,1125,0.0
555,1648,0.0
555,704,0.0
555,1032,0.0
555,148,0.0
555,337,0.0
555,1002,0.0
555,223,0.0
555,1133,0.0
555,353,0.0
555,1107,0.0
555,554,0.0
555,65,0.0
555,1411,0.0
555,1914,0.0
555,620,0.0
555,1637,0.0
555,1158,0.0
555,1109,0.0
555,83,0.0
555,1977,0.0
555,226,0.0
555,1283,0.0
555,891,0.0
556,7,3.5
556,1102,0.0
556,906,0.0
556,520,0.0
556,1473,0.0
556,1579,0.0
556,883,0.0
556,733,0.0
556,143,0.0
556,1143,0.0
556,943,0.0
556,564,0.0
556,1600,0.0
556,1199,0.0
556,69,0.0
556,1837,0.0
556,632,0.0
556,888,0.0
556,1226,0.0
556,800,0.0
556,179,0.0
556,592,0.0
556,566,0.0
556,690,0.0
556,1633,0.0
556,1133,0.0
556,1447,0.0
556,664,0.0
556,1982,0.0
556,1526,0.0
556,405,0.0
556,985,0.0
556,636,0.0
556,1114,0.0
556,1317,0.0
556,1416,0.0
556,1060,0.0
556,516,0.0
556,849,0.0
556,1685,0.0
556,1901,0.0
556,907,0.0
556,315,0.0
556,1195,0.0
556,1429,0.0
556,1285,0.0
556,1507,0.0
556,26,0.0
556,1518,0.0
556,54,0.0
557,206,3.5
557,531,0.0
557,1028,0.0
557,1944,0.0
557,1569,0.0
557,139,0.0
557,1051,0.0
557,97,0.0
557,261,0.0
557,1781,0.0
557,18,0.0
557,11,0.0
557,536,0.0
557,1548,0.0
557,1488,0.0
557,1611,0.0
557,258,0.0
557,23,0.0
557,1031,0.0
557,1903,0.0
557,227,0.0
557,375,0.0
557,1146,0.0
557,1113,0.0
557,1836,0.0
557,1479,0.0
557,223,0.0
557,735,0.0
557,256,0.0
557,514,0.0
557,832,0.0
557,1806,0.0
557,1841,0.0
557,1171,0.0
557,1410,0.0
557,700,0.0
557,910,0.0
557,698,0.0
557,437,0.0
557,1723,0.0
557,1659,0.0
557,36,0.0
557,1684,0.0
557,105,0.0
557,614,0.0
557,1942,0.0
557,1912,0.0
557,231,0.0
557,866,0.0
557,1169,0.0
558,244,4.0
558,1575,0.0
558,1719,0.0
558,1668,0.0
558,55,0.0
558,878,0.0
558,1479,0.0
558,254,0.0
558,4,0.0
558,1604,0.0
558,1075,0.0
558,2000,0.0
558,328,0.0
558,97,0.0
558,1184,0.0
558,1429,0.0
558,980,0.0
558,1002,0.0
558,782,0.0
558,576,0.0
558,326,0.0
558,1942,0.0
558,242,0.0
558,1527,0.0
558,366,0.0
558,773,0.0
558,723,0.0
558,1465,0.0
558,1177,0.0
558,233,0.0
558,651,0.0
558,332,0.0
558,494,0.0
558,1138,0.0
558,368,0.0
558,1356,0.0
558,1153,0.0
558,1951,0.0
558,1201,0.0
558,94,0.0
558,1340,0.0
558,906,0.0
558,1124,0.0
558,1219,0.0
558,801,0.0
558,207,0.0
558,606,0.0
558,472,0.0
558,1638,0.0
558,1031,0.0
559,6,3.5
559,913,0.0
559,1110,0.0
559,405,0.0
559,1859,0.0
559,1519,0.0
559,1290,0.0
559,1617,0.0
559,1087,0.0
559,118,0.0
559,2031,0.0
559,1990,0.0
559,340,0.0
559,312,0.0
559,162,0.0
559,1528,0.0
559,292,0.0
559,689,0.0
559,1400,0.0
559,1565,0.0
559,1424,0.0
559,672,0.0
559,1423,0.0
559,398,0.0
559,908,0.0
559,486,0.0
559,1538,0.0
559,1047,0.0
559,1942,0.0
559,1082,0.0
559,748,0.0
559,239,0.0
559,310,0.0
559,320,0.0
559,671,0.0
559,1504,0.0
559,571,0.0
559,1775,0.0
559,413,0.0
559,1345,0.0
559,401,0.0
559,58,0.0
559,52,0.0
559,1087,0.0
559,632,0.0
559,1142,0.0
559,285,0.0
559,17,0.0
559,1028,0.0
559,1860,0.0
560,233,3.0
560,1178,0.0
560,965,0.0
560,1253,0.0
560,1572,0.0
560,1029,0.0
560,472,0.0
560,1996,0.0
560,1341,0.0
560,1248,0.0
560,1056,0.0
560,88,0.0
560,1357,0.0
560,39,0.0
560,680,0.0
560,374,0.0
560,1321,0.0
560,997,0.0
560,392,0.0
560,1041,0.0
560,1550,0.0
560,131,0.0
560,289,0.0
560,1853,0.0
560,805,0.0
560,208,0.0
560,326,0.0
560,991,0.0
560,502,0.0
560,278,0.0
560,1405,0.0
560,787,0.0
560,1006,0.0
560,951,0.0
560,1332,0.0
560,1921,0.0
560,276,0.0
560,1099,0.0
560,297,0.0
560,1848,0.0
560,1401,0.0
560,432,0.0
560,1882,0.0
560,1009,0.0
560,1135,0.0
560,1801,0.0
560,1095,0.0
560,316,0.0
560,1044,0.0
560,1211,0.0
561,135,4.0
561,1672,0.0
561,254,0.0
561,1650,0.0
561,1181,0.0
561,299,0.0
561,957,0.0
561,426,0.0
561,1947,0.0
561,989,0.0
561,1799,0.0
561,1890,0.0
561,306,0.0
561,98,0.0
561,120,0.0
561,1625,0.0
561,1053,0.0
561,2018,0.0
561,229,0.0
561,650,0.0
561,1277,0.0
561,1427,0.0
561,1517,0.0
561,1054,0.0
561,1185,0.0
561,1931,0.0
561,1455,0.0
561,1179,0.0
561,1346,0.0
561,628,0.0
561,1214,0.0
561,1199,0.0
561,1961,0.0
561,947,0.0
561,516,0.0
561,844,0.0
561,1547,0.0
561,1594,0.0
561,832,0.0
561,819,0.0
561,810,0.0
561,761,0.0
561,1362,0.0
561,1628,0.0
561,318,0.0
561,110,0.0
561,1841,0.0
561,1903,0.0
561,806,0.0
561,1961,0.0
562,1562,3.0
562,1589,0.0
562,89,0.0
562,438,0.0
562,1738,0.0
562,542,0.0
562,192,0.0
562,487,0.0
562,611,0.0
562,1372,0.0
562,1112,0.0
562,954,0.0
562,1146,0.0
562,1397,0.0
562,1070,0.0
562,1456,0.0
562,145,0.0
562,1026,0.0
562,1553,0.0
562,1337,0.0
562,326,0.0
562,987,0.0
562,1104,0.0
562,152,0.0
562,401,0.0
562,819,0.0
562,487,0.0
562,1834,0.0
562,66,0.0
562,88,0.0
562,1158,0.0
562,1902,0.0
562,201,0.0
562,427,0.0
562,939,0.0
562,1202,0.0
562,338,0.0
562,78,0.0
562,1620,0.0
562,1556,0.0
562,377,0.0
562,164,0.0
562,1563,0.0
562,748,0.0
562,1823,0.0
562,1720,0.0
562,936,0.0
562,1845,0.0
562,154,0.0
562,1146,0.0
563,559,2.5
563,1046,0.0
563,622,0.0
563,320,0.0
563,509,0.0
563,671,0.0
563,1064,0.0
563,1817,0.0
563,303,0.0
563,968,0.0
563,1679,0.0
563,1438,0.0
563,1473,0.0
563,1823,0.0
563,1417,0.0
563,1688,0.0
563,1617,0.0
563,364,0.0
563,737,0.0
563,988,0.0
563,1020,0.0
563,1452,0.0
563,151,0.0
563,258,0.0
563,1853,0.0
563,1614,0.0
563,706,0.0
563,1974,0.0
563,222,0.0
563,1289,0.0
563,229,0.0
563,438,0.0
563,149,0.0
563,909,0.0
563,1480,0.0
563,977,0.0
563,1159,0.0
563,634,0.0
563,1893,0.0
563,398,0.0
563,621,0.0
563,142,0.0
563,947,0.0
563,1093,0.0
563,53,0.0
563,843,0.0
563,937,0.0
563,1426,0.0
563,551,0.0
563,1732,0.0
564,234,3.0
564,505,0.0
564,1966,0.0
564,182,0.0
564,153,0.0
564,1292,0.0
564,902,0.0
564,1953,0.0
564,1301,0.0
564,1363,0.0
564,1898,0.0
564,1046,0.0
564,1455,0.0
564,525,0.0
564,605,0.0
564,1366,0.0
564,878,0.0
564,1075,0.0
564,338,0.0
564,1958,0.0
564,1064,0.0
564,1699,0.0
564,517,0.0
564,406,0.0
564,137,0.0
564,1122,0.0
564,340,0.0
564,1759,0.0
564,1339,0.0
564,541,0.0
564,224,0.0
564,1861,0.0
564,260,0.0
564,1270,0.0
564,1102,0.0
564,696,0.0
564,810,0.0
564,1715,0.0
564,472,0.0
564,76,0.0
564,261,0.0
564,1764,0.0
564,1025,0.0
564,16,0.0
564,343,0.0
564,1035,0.0
564,939,0.0
564,693,0.0
564,845,0.0
564,1030,0.0
565,236,3.0
565,1779,0.0
565,1432,0.0
565,1299,0.0
565,710,0.0
565,458,0.0
565,1476,0.0
565,412,0.0
565,1041,0.0
565,71,0.0
565,1690,0.0
565,377,0.0
565,681,0.0
565,833,0.0
565,1378,0.0
565,1817,0.0
565,150,0.0
565,1284,0.0
565,1103,0.0
565,1129,0.0
565,1546,0.0
565,1426,0.0
565,719,0.0
565,2015,0.0
565,1931,0.0
565,129,0.0
565,1194,0.0
565,405,0.0
565,1945,0.0
565,1056,0.0
565,535,0.0
565,196,0.0
565,916,0.0
565,1069,0.0
565,273,0.0
565,1766,0.0
565,132,0.0
565,263,0.0
565,1620,0.0
565,366,0.0
565,824,0.0
565,4,0.0
565,268,0.0
565,850,0.0
565,732,0.0
565,1729,0.0
565,1444,0.0
565,1369,0.0
565,1948,0.0
565,2041,0.0
566,1018,4.0
566,1393,0.0
566,403,0.0
566,1326,0.0
566,1205,0.0
566,168,0.0
566,202,0.0
566,705,0.0
566,542,0.0
566,101,0.0
566,1599,0.0
566,345,0.0
566,602,0.0
566,441,0.0
566,249,0.0
566,1206,0.0
566,1325,0.0
566,877,0.0
566,1886,0.0
566,1303,0.0
566,1740,0.0
566,1112,0.0
566,1828,0.0
566,1448,0.0
566,1944,0.0
566,1308,0.0
566,670,0.0
566,1898,0.0
566,2022,0.0
566,1153,0.0
566,247,0.0
566,651,0.0
566,900,0.0
566,1212,0.0
566,90,0.0
566,567,0.0
566,1761,0.0
566,1869,0.0
566,1862,0.0
566,1188,0.0
566,547,0.0
566,1353,0.0
566,1564,0.0
566,79,0.0
566,933,0.0
566,980,0.0
566,869,0.0
566,168,0.0
566,1568,0.0
566,1116,0.0
567,252,3.5
567,329,0.0
567,1752,0.0
567,954,0.0
567,394,0.0
567,155,0.0
567,2016,0.0
567,1062,0.0
567,1305,0.0
567,1863,0.0
567,869,0.0
567,537,0.0
567,1567,0.0
567,1069,0.0
567,667,0.0
567,243,0.0
567,1926,0.0
567,546,0.0
567,449,0.0
567,277,0.0
567,753,0.0
567,405,0.0
567,1913,0.0
567,770,0.0
567,1069,0.0
567,1969,0.0
567,748,0.0
567,1543,0.0
567,771,0.0
567,1294,0.0
567,1579,0.0
567,237,0.0
567,2035,0.0
567,1190,0.0
567,1399,0.0
567,1611,0.0
567,1692,0.0
567,200,0.0
567,745,0.0
567,231,0.0
567,1469,0.0
567,723,0.0
567,1441,0.0
567,1177,0.0
567,1391,0.0
567,724,0.0
567,86,0.0
567,1553,0.0
567,702,0.0
567,819,0.0
568,799,4.0
568,915,0.0
568,37,0.0
568,1789,0.0
568,1931,0.0
568,425,0.0
568,1621,0.0
568,1892,0.0
568,433,0.0
568,1382,0.0
568,1054,0.0
568,204,0.0
568,704,0.0
568,741,0.0
568,1204,0.0
568,1780,0.0
568,39,0.0
568,840,0.0
568,1446,0.0
568,905,0.0
568,1180,0.0
568,167,0.0
568,1693,0.0
568,641,0.0
568,1105,0.0
568,1691,0.0
568,686,0.0
568,1823,0.0
568,599,0.0
568,101,0.0
568,759,0.0
568,717,0.0
568,88,0.0
568,344,0.0
568,799,0.0
568,1946,0.0
568,1333,0.0
568,607,0.0
568,1463,0.0
568,158,0.0
568,1137,0.0
568,535,0.0
568,162,0.0
568,285,0.0
568,864,0.0
568,54,0.0
568,575,0.0
568,32,0.0
568,557,0.0
568,730,0.0
569,410,4.0
569,1843,0.0
569,2007,0.0
569,1233,0.0
569,1162,0.0
569,36,0.0
569,217,0.0
569,1479,0.0
569,1535,0.0
569,1301,0.0
569,179,0.0
569,1540,0.0
569,129,0.0
569,1668,0.0
569,610,0.0
569,1695,0.0
569,1771,0.0
569,658,0.0
569,358,0.0
569,626,0.0
569,1027,0.0
569,1622,0.0
569,1581,0.0
569,1106,0.0
569,1177,0.0
569,505,0.0
569,1532,0.0
569,817,0.0
569,793,0.0
569,838,0.0
569,1823,0.0
569,622,0.0
569,628,0.0
569,96,0.0
569,1963,0.0
569,1305,0.0
569,1724,0.0
569,1623,0.0
569,818,0.0
569,1978,0.0
569,598,0.0
569,933,0.0
569,1561,0.0
569,1915,0.0
569,428,0.0
569,1566,0.0
569,1149,0.0
569,1733,0.0
569,1324,0.0
569,542,0.0
570,2,2.0
570,1873,0.0
570,1606,0.0
570,824,0.0
570,1246,0.0
570,159,0.0
570,817,0.0
570,1004,0.0
570,74,0.0
570,137,0.0
570,1941,0.0
570,478,0.0
570,552,0.0
570,1326,0.0
570,1933,0.0
570,386,0.0
570,471,0.0
570,1357,0.0
570,308,0.0
570,1551,0.0
570,886,0.0
570,700,0.0
570,1563,0.0
570,1186,0.0
570,999,0.0
570,1921,0.0
570,1852,0.0
570,951,0.0
570,2017,0.0
570,1078,0.0
570,785,0.0
570,1478,0.0
570,304,0.0
570,101,0.0
570,1577,0.0
570,774,0.0
570,1411,0.0
570,1706,0.0
570,1231,0.0
570,1338,0.0
570,1072,0.0
570,571,0.0
570,1541,0.0
570,147,0.0
570,1822,0.0
570,1234,0.0
570,1395,0.0
570,1685,0.0
570,596,0.0
570,977,0.0
571,205,4.0
571,67,0.0
571,474,0.0
571,357,0.0
571,1766,0.0
571,1479,0.0
571,1369,0.0
571,1953,0.0
571,520,0.0
571,1801,0.0
571,1660,0.0
571,1906,0.0
571,832,0.0
571,623,0.0
571,1521,0.0
571,1351,0.0
571,1353,0.0
571,1589,0.0
571,426,0.0
571,1008,0.0
571,442,0.0
571,600,0.0
571,1118,0.0
571,1894,0.0
571,761,0.0
571,954,0.0
571,1474,0.0
571,1340,0.0
571,486,0.0
571,1701,0.0
571,738,0.0
571,647,0.0
571,895,0.0
571,1600,0.0
571,4,0.0
571,631,0.0
571,1394,0.0
571,1754,0.0
571,876,0.0
571,985,0.0
571,1578,0.0
571,1211,0.0
571,2037,0.0
571,25,0.0
571,1802,0.0
571,161,0.0
571,744,0.0
571,1153,0.0
571,532,0.0
571,882,0.0
572,1598,2.5
572,1131,0.0
572,1213,0.0
572,1203,0.0
572,1784,0.0
572,1786,0.0
572,1043,0.0
572,1382,0.0
572,1632,0.0
572,1757,0.0
572,1679,0.0
572,6,0.0
572,1885,0.0
572,321,0.0
572,267,0.0
572,1450,0.0
572,295,0.0
572,1536,0.0
572,569,0.0
572,1410,0.0
572,263,0.0
572,89,0.0
572,1511,0.0
572,1610,0.0
572,1980,0.0
572,852,0.0
572,1284,0.0
572,487,0.0
572,1817,0.0
572,1364,0.0
572,1352,0.0
572,400,0.0
572,356,0.0
572,754,0.0
572,498,0.0
572,833,0.0
572,434,0.0
572,118,0.0
572,1070,0.0
572,1191,0.0
572,1022,0.0
572,347,0.0
572,1527,0.0
572,538,0.0
572,1319,0.0
572,1536,0.0
572,1197,0.0
572,1418,0.0
572,1702,0.0
572,529,0.0
573,8,1.0
573,912,0.0
573,1130,0.0
573,1341,0.0
573,58,0.0
573,1015,0.0
573,257,0.0
573,1983,0.0
573,792,0.0
573,1448,0.0
573,530,0.0
573,165,0.0
573,1048,0.0
573,1958,0.0
573,3,0.0
573,2,0.0
573,417,0.0
573,361,0.0
573,905,0.0
573,368,0.0
573,538,0.0
573,879,0.0
573,345,0.0
573,730,0.0
573,896,0.0
573,1067,0.0
573,723,0.0
573,563,0.0
573,1176,0.0
573,201,0.0
573,320,0.0
573,463,0.0
573,1034,0.0
573,1603,0.0
573,1250,0.0
573,632,0.0
573,332,0.0
573,1492,0.0
573,14,0.0
573,1080,0.0
573,1353,0.0
573,1087,0.0
573,229,0.0
573,10,0.0
573,1656,0.0
573,1247,0.0
573,1760,0.0
573,1660,0.0
573,1683,0.0
573,1763,0.0
574,1184,4.0
574,1434,0.0
574,1106,0.0
574,73,0.0
574,1334,0.0
574,1477,0.0
574,25,0.0
574,1449,0.0
574,1400,0.0
574,1266,0.0
574,834,0.0
574,627,0.0
574,1346,0.0
574,1203,0.0
574,773,0.0
574,1008,0.0
574,1649,0.0
574,265,0.0
574,549,0.0
574,1403,0.0
574,76,0.0
574,1637,0.0
574,1547,0.0
574,1837,0.0
574,1072,0.0
574,1013,0.0
574,1277,0.0
574,1882,0.0
574,1403,0.0
574,1272,0.0
574,1095,0.0
574,446,0.0
574,505,0.0
574,1732,0.0
574,1276,0.0
574,995,0.0
574,869,0.0
574,298,0.0
574,733,0.0
574,1083,0.0
574,1380,0.0
574,156,0.0
574,341,0.0
574,973,0.0
574,893,0.0
574,1225,0.0
574,1802,0.0
574,1058,0.0
574,1790,0.0
574,1558,0.0
575,232,3.0
575,112,0.0
575,1317,0.0
575,1737,0.0
575,13,0.0
575,1690,0.0
575,910,0.0
575,1620,0.0
575,139,0.0
575,1394,0.0
575,1450,0.0
575,1120,0.0
575,696,0.0
575,1511,0.0
575,1365,0.0
575,869,0.0
575,1515,0.0
575,1523,0.0
575,1455,0.0
575,188,0.0
575,81,0.0
575,1835,0.0
575,1203,0.0
575,957,0.0
575,897,0.0
575,1884,0.0
575,966,0.0
575,1438,0.0
575,1128,0.0
575,380,0.0
575,721,0.0
575,328,0.0
575,1272,0.0
575,71,0.0
575,1696,0.0
575,132,0.0
575,1263,0.0
575,1101,0.0
575,569,0.0
575,460,0.0
575,124,0.0
575,1034,0.0
575,1491,0.0
575,1430,0.0
575,940,0.0
575,26,0.0
575,206,0.0
575,1245,0.0
575,311,0.0
575,381,0.0
576,1,3.5
576,1320,0.0
576,1633,0.0
576,1195,0.0
576,1112,0.0
576,1897,0.0
576,225,0.0
576,142,0.0
576,707,0.0
576,1714,0.0
576,53,0.0
576,195,0.0
576,1752,0.0
576,1512,0.0
576,844,0.0
576,297,0.0
576,1453,0.0
576,536,0.0
576,578,0.0
576,1698,0.0
576,499,0.0
576,623,0.0
576,840,0.0
576,205,0.0
576,1941,0.0
576,879,0.0
576,1160,0.0
576,407,0.0
576,278,0.0
576,1468,0.0
576,676,0.0
576,940,0.0
576,270,0.0
576,440,0.0
576,1251,0.0
576,126,0.0
576,1293,0.0
576,1843,0.0
576,1783,0.0
576,1875,0.0
576,486,0.0
576,547,0.0
576,1178,0.0
576,1680,0.0
576,985,0.0
576,936,0.0
576,771,0.0
576,1922,0.0
576,18,0.0
576,424,0.0
577,11,4.0
577,1410,0.0
577,668,0.0
577,253,0.0
577,1331,0.0
577,1845,0.0
577,1337,0.0
577,1324,0.0
577,117,0.0
577,1868,0.0
577,49,0.0
577,1813,0.0
577,1587,0.0
577,1204,0.0
577,542,0.0
577,326,0.0
577,1526,0.0
577,1519,0.0
577,943,0.0
577,1269,0.0
577,601,0.0
577,1566,0.0
577,101,0.0
577,1253,0.0
577,387,0.0
577,1954,0.0
577,1632,0.0
577,1602,0.0
577,1727,0.0
577,1234,0.0
577,648,0.0
577,1453,0.0
577,338,0.0
577,183,0.0
577,55,0.0
577,978,0.0
577,1785,0.0
577,1305,0.0
577,571,0.0
577,1151,0.0
577,716,0.0
577,1749,0.0
577,1662,0.0
577,1007,0.0
577,1531,0.0
577,1607,0.0
577,215,0.0
577,1113,0.0
577,943,0.0
577,313,0.0
578,253,2.0
578,49,0.0
578,957,0.0
578,694,0.0
578,25,0.0
578,2034,0.0
578,649,0.0
578,10,0.0
578,807,0.0
578,1125,0.0
578,10,0.0
578,1135,0.0
578,1629,0.0
578,771,0.0
578,769,0.0
578,972,0.0
578,1190,0.0
578,1744,0.0
578,406,0.0
578,1068,0.0
578,841,0.0
578,716,0.0
578,1961,0.0
578,358,0.0
578,553,0.0
578,284,0.0
578,399,0.0
578,1474,0.0
578,1635,0.0
578,1467,0.0
578,387,0.0
578,1379,0.0
578,783,0.0
578,424,0.0
578,1029,0.0
578,1577,0.0
578,1919,0.0
578,440,0.0
578,1947,0.0
578,355,0.0
578,918,0.0
578,764,0.0
578,1611,0.0
578,553,0.0
578,1886,0.0
578,267,0.0
578,1915,0.0
578,991,0.0
578,1240,0.0
578,63,0.0
579,238,3.0
579,760,0.0
579,803,0.0
579,1228,0.0
579,227,0.0
579,239,0.0
579,1096,0.0
579,1694,0.0
579,387,0.0
579,377,0.0
579,211,0.0
579,1671,0.0
579,794,0.0
579,675,0.0
579,648,0.0
579,170,0.0
579,1175,0.0
579,1700,0.0
579,808,0.0
579,103,0.0
579,1245,0.0
579,1305,0.0
579,1411,0.0
579,371,0.0
579,128,0.0
579,1427,0.0
579,219,0.0
579,1196,0.0
579,471,0.0
579,1883,0.0
579,987,0.0
579,1476,0.0
579,607,0.0
579,1525,0.0
579,1075,0.0
579,93,0.0
579,1599,0.0
579,1044,0.0
579,105,0.0
579,1871,0.0
579,1223,0.0
579,1867,0.0
579,1375,0.0
579,1304,0.0
579,1986,0.0
579,1305,0.0
579,611,0.0
579,848,0.0
579,1562,0.0
579,1268,0.0
580,10,3.5
580,1089,0.0
580,834,0.0
580,1891,0.0
580,1231,0.0
580,53,0.0
580,1244,0.0
580,235,0.0
580,888,0.0
580,611,0.0
580,958,0.0
580,437,0.0
580,1003,0.0
580,1126,0.0
580,1459,0.0
580,693,0.0
580,962,0.0
580,1444,0.0
580,1131,0.0
580,523,0.0
580,1466,0.0
580,1529,0.0
580,403,0.0
580,342,0.0
580,1621,0.0
580,799,0.0
580,1350,0.0
580,213,0.0
580,1023,0.0
580,1579,0.0
580,321,0.0
580,1101,0.0
580,1078,0.0
580,783,0.0
580,855,0.0
580,1094,0.0
580,1091,0.0
580,179,0.0
580,379,0.0
580,932,0.0
580,1709,0.0
580,1704,0.0
580,1924,0.0
580,449,0.0
580,1284,0.0
580,1470,0.0
580,1660,0.0
580,130,0.0
580,1257,0.0
580,903,0.0
581,204,3.5
581,1926,0.0
581,942,0.0
581,1066,0.0
581,655,0.0
581,1301,0.0
581,1342,0.0
581,173,0.0
581,1782,0.0
581,684,0.0
581,1064,0.0
581,408,0.0
581,1585,0.0
581,1346,0.0
581,179,0.0
581,853,0.0
581,1182,0.0
581,36,0.0
581,405,0.0
581,538,0.0
581,375,0.0
581,1921,0.0
581,255,0.0
581,277,0.0
581,248,0.0
581,692,0.0
581,1040,0.0
581,1391,0.0
581,124,0.0
581,1335,0.0
581,211,0.0
581,471,0.0
581,748,0.0
581,1438,0.0
581,499,0.0
581,810,0.0
581,1735,0.0
581,888,0.0
581,1204,0.0
581,1412,0.0
581,1665,0.0
581,1656,0.0
581,1210,0.0
581,1923,0.0
581,1762,0.0
581,1697,0.0
581,1986,0.0
581,1647,0.0
581,1491,0.0
581,1480,0.0
582,231,4.0
582,565,0.0
582,1845,0.0
582,992,0.0
582,735,0.0
582,155,0.0
582,1895,0.0
582,1586,0.0
582,1776,0.0
582,1865,0.0
582,672,0.0
582,1664,0.0
582,1108,0.0
582,68,0.0
582,1408,0.0
582,372,0.0
582,54,0.0
582,84,0.0
582,1880,0.0
582,2003,0.0
582,940,0.0
582,840,0.0
582,591,0.0
582,731,0.0
582,1959,0.0
582,621,0.0
582,1788,0.0
582,1008,0.0
582,316,0.0
582,1187,0.0
582,1638,0.0
582,624,0.0
582,251,0.0
582,151,0.0
582,1359,0.0
582,909,0.0
582,1391,0.0
582,1786,0.0
582,865,0.0
582,599,0.0
582,1006,0.0
582,970,0.0
582,1004,0.0
582,1123,0.0
582,1143,0.0
582,1408,0.0
582,302,0.0
582,1739,0.0
582,1172,0.0
582,1224,0.0
583,3,4.0
583,1821,0.0
583,1086,0.0
583,1303,0.0
583,939,0.0
583,13,0.0
583,27,0.0
583,141,0.0
583,1975,0.0
583,1643,0.0
583,1825,0.0
583,589,0.0
583,1782,0.0
583,472,0.0
583,1547,0.0
583,1207,0.0
583,316,0.0
583,1384,0.0
583,444,0.0
583,295,0.0
583,403,0.0
583,751,0.0
583,1961,0.0
583,262,0.0
583,846,0.0
583,376,0.0
583,584,0.0
583,1091,0.0
583,798,0.0
583,470,0.0
583,1861,0.0
583,731,0.0
583,971,0.0
583,46,0.0
583,946,0.0
583,1081,0.0
583,1941,0.0
583,23,0.0
583,1313,0.0
583,830,0.0
583,1467,0.0
583,402,0.0
583,1047,0.0
583,1087,0.0
583,1790,0.0
583,1683,0.0
583,1651,0.0
583,1633,0.0
583,1262,0.0
583,282,0.0
584,242,2.5
584,1808,0.0
584,1928,0.0
584,1996,0.0
584,1823,0.0
584,577,0.0
584,1850,0.0
584,1439,0.0
584,110,0.0
584,211,0.0
584,1706,0.0
584,850,0.0
584,877,0.0
584,986,0.0
584,995,0.0
584,570,0.0
584,1053,0.0
584,1290,0.0
584,1999,0.0
584,1910,0.0
584,665,0.0
584,349,0.0
584,1537,0.0
584,929,0.0
584,680,0.0
584,1237,0.0
584,250,0.0
584,1566,0.0
584,318,0.0
584,1206,0.0
584,884,0.0
584,188,0.0
584,724,0.0
584,1150,0.0
584,1827,0.0
584,1319,0.0
584,1046,0.0
584,1945,0.0
584,1553,0.0
584,78,0.0
584,545,0.0
584,1493,0.0
584,923,0.0
584,618,0.0
584,304,0.0
584,1471,0.0
584,198,0.0
584,1214,0.0
584,1255,0.0
584,1597,0.0
585,210,3.5
585,647,0.0
585,1296,0.0
585,354,0.0
585,99,0.0
585,730,0.0
585,1639,0.0
585,300,0.0
585,608,0.0
585,1851,0.0
585,881,0.0
585,202,0.0
585,1044,0.0
585,1221,0.0
585,111,0.0
585,1172,0.0
585,380,0.0
585,754,0.0
585,953,0.0
585,1206,0.0
585,795,0.0
585,336,0.0
585,1361,0.0
585,1994,0.0
585,1837,0.0
585,1323,0.0
585,1624,0.0
585,221,0.0
585,1011,0.0
585,759,0.0
585,1432,0.0
585,1990,0.0
585,688,0.0
585,2020,0.0
585,117,0.0
585,173,0.0
585,1242,0.0
585,1399,0.0
585,1753,0.0
585,318,0.0
585,1612,0.0
585,1111,0.0
585,1931,0.0
585,1101,0.0
585,440,0.0
585,1224,0.0
585,1599,0.0
585,414,0.0
585,1027,0.0
585,949,0.0
586,252,2.5
586,1030,0.0
586,1882,0.0
586,1015,0.0
586,1478,0.0
586,1153,0.0
586,1322,0.0
586,96,0.0
586,276,0.0
586,1308,0.0
586,799,0.0
586,1196,0.0
586,331,0.0
586,204,0.0
586,102,0.0
586,1003,0.0
586,1648,0.0
586,954,0.0
586,359,0.0
586,1154,0.0
586,38,0.0
586,306,0.0
586,883,0.0
586,519,0.0
586,877,0.0
586,45,0.0
586,193,0.0
586,1541,0.0
586,1903,0.0
586,1593,0.0
586,1192,0.0
586,1145,0.0
586,248,0.0
586,1012,0.0
586,206,0.0
586,114,0.0
586,238,0.0
586,565,0.0
586,1099,0.0
586,1192,0.0
586,1071,0.0
586,735,0.0
586,1093,0.0
586,2035,0.0
586,507,0.0
586,154,0.0
586,1582,0.0
586,460,0.0
586,1396,0.0
586,790,0.0
587,4,3.5
587,1495,0.0
587,45,0.0
587,889,0.0
587,30,0.0
587,407,0.0
587,1398,0.0
587,1405,0.0
587,1934,0.0
587,715,0.0
587,1683,0.0
587,643,0.0
587,697,0.0
587,972,0.0
587,700,0.0
587,1512,0.0
587,1662,0.0
587,875,0.0
587,905,0.0
587,808,0.0
587,1332,0.0
587,598,0.0
587,966,0.0
587,632,0.0
587,1867,0.0
587,1839,0.0
587,1934,0.0
587,134,0.0
587,327,0.0
587,198,0.0
587,682,0.0
587,1283,0.0
587,123,0.0
587,753,0.0
587,1970,0.0
587,1606,0.0
587,381,0.0
587,1530,0.0
587,570,0.0
587,1132,0.0
587,1064,0.0
587,1468,0.0
587,797,0.0
587,890,0.0
587,1169,0.0
587,1821,0.0
587,1926,0.0
587,1587,0.0
587,175,0.0
587,1302,0.0
588,120,3.0
588,1087,0.0
588,1819,0.0
588,264,0.0
588,5,0.0
588,2036,0.0
588,912,0.0
588,167,0.0
588,354,0.0
588,1995,0.0
588,172,0.0
588,849,0.0
588,118,0.0
588,1962,0.0
588,1249,0.0
588,173,0.0
588,958,0.0
588,128,0.0
588,186,0.0
588,1086,0.0
588,1998,0.0
588,892,0.0
588,1297,0.0
588,597,0.0
588,209,0.0
588,1008,0.0
588,1216,0.0
588,749,0.0
588,531,0.0
588,951,0.0
588,1205,0.0
588,559,0.0
588,227,0.0
588,565,0.0
588,613,0.0
588,88,0.0
588,1167,0.0
588,1683,0.0
588,1765,0.0
588,814,0.0
588,249,0.0
588,224,0.0
588,902,0.0
588,1942,0.0
588,970,0.0
588,672,0.0
588,167,0.0
588,109,0.0
588,1796,0.0
588,1196,0.0
589,6,3.0
589,530,0.0
589,349,0.0
589,1782,0.0
589,30,0.0
589,1615,0.0
589,1381,0.0
589,21,0.0
589,1312,0.0
589,753,0.0
589,213,0.0
589,711,0.0
589,1188,0.0
589,139,0.0
589,1393,0.0
589,964,0.0
589,1343,0.0
589,408,0.0
589,437,0.0
589,796,0.0
589,12,0.0
589,500,0.0
589,1049,0.0
589,533,0.0
589,860,0.0
589,75,0.0
589,2031,0.0
589,365,0.0
589,1514,0.0
589,1115,0.0
589,840,0.0
589,886,0.0
589,1289,0.0
589,1583,0.0
589,498,0.0
589,1193,0.0
589,1369,0.0
589,1780,0.0
589,1251,0.0
589,698,0.0
589,1972,0.0
589,679,0.0
589,202,0.0
589,445,0.0
589,517,0.0
589,131,0.0
589,1268,0.0
589,90,0.0
589,1846,0.0
589,1149,0.0
590,250,3.0
590,907,0.0
590,183,0.0
590,1071,0.0
590,146,0.0
590,1817,0.0
590,1899,0.0
590,1829,0.0
590,591,0.0
590,1771,0.0
590,1432,0.0
590,1017,0.0
590,439,0.0
590,1481,0.0
590,228,0.0
590,1307,0.0
590,1596,0.0
590,731,0.0
590,1368,0.0
590,1624,0.0
590,946,0.0
590,1931,0.0
590,1287,0.0
590,739,0.0
590,377,0.0
590,1126,0.0
590,953,0.0
590,599,0.0
590,22,0.0
590,292,0.0
590,1290,0.0
590,1552,0.0
590,475,0.0
590,951,0.0
590,1972,0.0
590,450,0.0
590,897,0.0
590,2034,0.0
590,284,0.0
590,1336,0.0
590,1185,0.0
590,589,0.0
590,121,0.0
590,1504,0.0
590,1135,0.0
590,1262,0.0
590,1233,0.0
590,1372,0.0
590,510,0.0
590,1,0.0
591,211,3.0
591,1338,0.0
591,494,0.0
591,1641,0.0
591,470,0.0
591,741,0.0
591,1538,0.0
591,733,0.0
591,1656,0.0
591,1695,0.0
591,1806,0.0
591,997,0.0
591,330,0.0
591,1217,0.0
591,1753,0.0
591,1214,0.0
591,251,0.0
591,1761,0.0
591,1024,0.0
591,1482,0.0
591,1668,0.0
591,1113,0.0
591,517,0.0
591,1506,0.0
591,1779,0.0
591,1668,0.0
591,1139,0.0
591,72,0.0
591,155,0.0
591,722,0.0
591,68,0.0
591,470,0.0
591,491,0.0
591,299,0.0
591,1167,0.0
591,1734,0.0
591,1229,0.0
591,917,0.0
591,712,0.0
591,750,0.0
591,406,0.0
591,938,0.0
591,579,0.0
591,1706,0.0
591,1945,0.0
591,1320,0.0
591,581,0.0
591,798,0.0
591,528,0.0
591,136,0.0
592,215,1.5
592,961,0.0
592,334,0.0
592,1043,0.0
592,297,0.0
592,1044,0.0
592,477,0.0
592,1791,0.0
592,1783,0.0
592,471,0.0
592,961,0.0
592,1701,0.0
592,469,0.0
592,1372,0.0
592,766,0.0
592,589,0.0
592,1988,0.0
592,791,0.0
592,1817,0.0
592,385,0.0
592,941,0.0
592,1900,0.0
592,1569,0.0
592,445,0.0
592,2006,0.0
592,1960,0.0
592,98,0.0
592,654,0.0
592,1078,0.0
592,1026,0.0
592,1355,0.0
592,933,0.0
592,1458,0.0
592,1936,0.0
592,1509,0.0
592,1242,0.0
592,1234,0.0
592,816,0.0
592,1519,0.0
592,660,0.0
592,231,0.0
592,599,0.0
592,919,0.0
592,1746,0.0
592,1758,0.0
592,1831,0.0
592,1171,0.0
592,1230,0.0
592,359,0.0
592,1442,0.0
593,830,4.0
593,309,0.0
593,515,0.0
593,1238,0.0
593,1926,0.0
593,1053,0.0
593,1369,0.0
593,1088,0.0
593,635,0.0
593,796,0.0
593,1176,0.0
593,39,0.0
593,1049,0.0
593,1296,0.0
593,1182,0.0
593,1724,0.0
593,1799,0.0
593,580,0.0
593,0,0.0
593,78,0.0
593,1251,0.0
593,1350,0.0
593,1581,0.0
593,619,0.0
593,500,0.0
593,1498,0.0
593,1378,0.0
593,1147,0.0
593,2010,0.0
593,1683,0.0
593,977,0.0
593,1447,0.0
593,1275,0.0
593,1537,0.0
593,1757,0.0
593,1724,0.0
593,1530,0.0
593,485,0.0
593,477,0.0
593,1606,0.0
593,1894,0.0
593,332,0.0
593,1632,0.0
593,1255,0.0
593,2040,0.0
593,1565,0.0
593,29,0.0
593,726,0.0
593,172,0.0
593,791,0.0
594,241,3.5
594,98,0.0
594,1544,0.0
594,517,0.0
594,107,0.0
594,1984,0.0
594,1997,0.0
594,151,0.0
594,905,0.0
594,849,0.0
594,748,0.0
594,1992,0.0
594,26,0.0
594,118,0.0
594,722,0.0
594,99,0.0
594,2,0.0
594,805,0.0
594,1992,0.0
594,1865,0.0
594,1352,0.0
594,1552,0.0
594,1129,0.0
594,1253,0.0
594,303,0.0
594,176,0.0
594,1962,0.0
594,83,0.0
594,262,0.0
594,1219,0.0
594,1272,0.0
594,1405,0.0
594,457,0.0
594,1684,0.0
594,1741,0.0
594,408,0.0
594,1104,0.0
594,1724,0.0
594,1435,0.0
594,205,0.0
594,819,0.0
594,1014,0.0
594,1804,0.0
594,801,0.0
594,894,0.0
594,872,0.0
594,1986,0.0
594,387,0.0
594,1835,0.0
594,893,0.0
595,210,3.0
595,188,0.0
595,160,0.0
595,712,0.0
595,1564,0.0
595,380,0.0
595,243,0.0
595,182,0.0
595,543,0.0
595,778,0.0
595,947,0.0
595,1571,0.0
595,92,0.0
595,367,0.0
595,158,0.0
595,397,0.0
595,1982,0.0
595,1203,0.0
595,437,0.0
595,372,0.0
595,305,0.0
595,984,0.0
595,1402,0.0
595,1973,0.0
595,1241,0.0
595,981,0.0
595,328,0.0
595,1888,0.0
595,342,0.0
595,1762,0.0
595,723,0.0
595,1888,0.0
595,1186,0.0
595,1901,0.0
595,157,0.0
595,1133,0.0
595,1590,0.0
595,349,0.0
595,725,0.0
595,364,0.0
595,1920,0.0
595,14,0.0
595,152,0.0
595,531,0.0
595,966,0.0
595,1423,0.0
595,1075,0.0
595,854,0.0
595,468,0.0
595,1344,0.0
596,2,3.5
596,1241,0.0
596,1079,0.0
596,1598,0.0
596,614,0.0
596,1908,0.0
596,166,0.0
596,1542,0.0
596,141,0.0
596,124,0.0
596,89,0.0
596,1937,0.0
596,310,0.0
596,1394,0.0
596,951,0.0
596,215,0.0
596,1464,0.0
596,1658,0.0
596,1907,0.0
596,1209,0.0
596,882,0.0
596,1176,0.0
596,760,0.0
596,1649,0.0
596,95,0.0
596,709,0.0
596,1359,0.0
596,1538,0.0
596,148,0.0
596,927,0.0
596,1921,0.0
596,1646,0.0
596,1555,0.0
596,714,0.0
596,882,0.0
596,1425,0.0
596,1717,0.0
596,1354,0.0
596,1250,0.0
596,1827,0.0
596,357,0.0
596,587,0.0
596,1852,0.0
596,315,0.0
596,1758,0.0
596,884,0.0
596,1059,0.0
596,1532,0.0
596,1501,0.0
596,1451,0.0
597,232,0.5
597,1103,0.0
597,1470,0.0
597,500,0.0
597,258,0.0
597,1636,0.0
597,1567,0.0
597,1812,0.0
597,1144,0.0
597,1078,0.0
597,1516,0.0
597,17,0.0
597,1332,0.0
597,1903,0.0
597,1656,0.0
597,109,0.0
597,330,0.0
597,1596,0.0
597,945,0.0
597,1287,0.0
597,267,0.0
597,434,0.0
597,2035,0.0
597,449,0.0
597,296,0.0
597,1941,0.0
597,1662,0.0
597,1160,0.0
597,1613,0.0
597,718,0.0
597,1930,0.0
597,1020,0.0
597,1420,0.0
597,183,0.0
597,411,0.0
597,1624,0.0
597,319,0.0
597,740,0.0
597,1599,0.0
597,1349,0.0
597,1590,0.0
597,804,0.0
597,416,0.0
597,1816,0.0
597,881,0.0
597,790,0.0
597,1723,0.0
597,1975,0.0
597,1726,0.0
597,1927,0.0
598,6,3.5
598,1231,0.0
598,820,0.0
598,918,0.0
598,1450,0.0
598,43,0.0
598,799,0.0
598,1514,0.0
598,1302,0.0
598,1939,0.0
598,786,0.0
598,732,0.0
598,967,0.0
598,1820,0.0
598,1169,0.0
598,1092,0.0
598,651,0.0
598,521,0.0
598,110,0.0
598,1572,0.0
598,1616,0.0
598,607,0.0
598,1078,0.0
598,1667,0.0
598,1246,0.0
598,895,0.0
598,1598,0.0
598,2009,0.0
598,523,0.0
598,145,0.0
598,263,0.0
598,1567,0.0
598,467,0.0
598,1584,0.0
598,871,0.0
598,958,0.0
598,1996,0.0
598,1210,0.0
598,1366,0.0
598,1986,0.0
598,1122,0.0
598,678,0.0
598,1329,0.0
598,1748,0.0
598,1222,0.0
598,757,0.0
598,1177,0.0
598,918,0.0
598,1119,0.0
598,574,0.0
599,16,4.0
599,1879,0.0
599,1265,0.0
599,352,0.0
599,1271,0.0
599,609,0.0
599,467,0.0
599,1983,0.0
599,923,0.0
599,387,0.0
599,1697,0.0
599,1923,0.0
599,758,0.0
599,1861,0.0
599,441,0.0
599,1365,0.0
599,515,0.0
599,1841,0.0
599,1796,0.0
599,842,0.0
599,44,0.0
599,1442,0.0
599,722,0.0
599,755,0.0
599,202,0.0
599,1738,0.0
599,1908,0.0
599,538,0.0
599,385,0.0
599,1973,0.0
599,2030,0.0
599,629,0.0
599,967,0.0
599,737,0.0
599,359,0.0
599,2039,0.0
599,1491,0.0
599,982,0.0
599,1998,0.0
599,1967,0.0
599,204,0.0
599,1270,0.0
599,990,0.0
599,1072,0.0
599,365,0.0
599,252,0.0
599,77,0.0
599,768,0.0
599,631,0.0
599,986,0.0
600,10,3.5
600,749,0.0
600,1501,0.0
600,1096,0.0
600,1053,0.0
600,738,0.0
600,1326,0.0
600,1370,0.0
600,796,0.0
600,1534,0.0
600,1540,0.0
600,1088,0.0
600,746,0.0
600,626,0.0
600,452,0.0
600,830,0.0
600,757,0.0
600,860,0.0
600,1975,0.0
600,1552,0.0
600,1918,0.0
600,818,0.0
600,1392,0.0
600,1060,0.0
600,1879,0.0
600,1907,0.0
600,380,0.0
600,1242,0.0
600,648,0.0
600,245,0.0
600,1573,0.0
600,250,0.0
600,564,0.0
600,908,0.0
600,1369,0.0
600,820,0.0
600,714,0.0
600,1910,0.0
600,471,0.0
600,1910,0.0
600,2016,0.0
600,1584,0.0
600,121,0.0
600,1349,0.0
600,1954,0.0
600,1551,0.0
600,780,0.0
600,747,0.0
600,120,0.0
600,138,0.0
601,12,4.0
601,687,0.0
601,1760,0.0
601,457,0.0
601,1610,0.0
601,1158,0.0
601,81,0.0
601,594,0.0
601,653,0.0
601,1232,0.0
601,1750,0.0
601,402,0.0
601,821,0.0
601,1790,0.0
601,187,0.0
601,492,0.0
601,1782,0.0
601,254,0.0
601,1346,0.0
601,1697,0.0
601,1880,0.0
601,424,0.0
601,1438,0.0
601,1190,0.0
601,1613,0.0
601,484,0.0
601,435,0.0
601,1710,0.0
601,1555,0.0
601,1631,0.0
601,1504,0.0
601,179,0.0
601,1630,0.0
601,1094,0.0
601,1725,0.0
601,900,0.0
601,1464,0.0
601,643,0.0
601,138,0.0
601,786,0.0
601,101,0.0
601,467,0.0
601,282,0.0
601,1052,0.0
601,17,0.0
601,1956,0.0
601,1980,0.0
601,755,0.0
601,686,0.0
601,2036,0.0
602,3,4.0
602,1784,0.0
602,2005,0.0
602,696,0.0
602,733,0.0
602,1763,0.0
602,859,0.0
602,418,0.0
602,193,0.0
602,311,0.0
602,995,0.0
602,721,0.0
602,1322,0.0
602,1352,0.0
602,475,0.0
602,583,0.0
602,116,0.0
602,263,0.0
602,1540,0.0
602,1804,0.0
602,1542,0.0
602,20,0.0
602,476,0.0
602,548,0.0
602,1196,0.0
602,947,0.0
602,1020,0.0
602,1967,0.0
602,1085,0.0
602,205,0.0
602,1636,0.0
602,630,0.0
602,178,0.0
602,1667,0.0
602,887,0.0
602,341,0.0
602,439,0.0
602,1098,0.0
602,289,0.0
602,556,0.0
602,1167,0.0
602,648,0.0
602,207,0.0
602,1766,0.0
602,271,0.0
602,1630,0.0
602,414,0.0
602,1420,0.0
602,383,0.0
602,1284,0.0
603,1083,3.0
603,1227,0.0
603,818,0.0
603,1871,0.0
603,1645,0.0
603,1061,0.0
603,1017,0.0
603,456,0.0
603,1557,0.0
603,1760,0.0
603,1881,0.0
603,437,0.0
603,679,0.0
603,646,0.0
603,621,0.0
603,1247,0.0
603,1191,0.0
603,1130,0.0
603,1403,0.0
603,23,0.0
603,1534,0.0
603,808,0.0
603,1330,0.0
603,934,0.0
603,1381,0.0
603,369,0.0
603,996,0.0
603,1746,0.0
603,170,0.0
603,1604,0.0
603,221,0.0
603,442,0.0
603,1176,0.0
603,861,0.0
603,375,0.0
603,280,0.0
603,712,0.0
603,1242,0.0
603,1943,0.0
603,957,0.0
603,1639,0.0
603,810,0.0
603,826,0.0
603,1845,0.0
603,485,0.0
603,1533,0.0
603,334,0.0
603,741,0.0
603,409,0.0
603,53,0.0
604,469,3.5
604,1648,0.0
604,334,0.0
604,659,0.0
604,568,0.0
604,176,0.0
604,823,0.0
604,567,0.0
604,408,0.0
604,776,0.0
604,1260,0.0
604,1301,0.0
604,76,0.0
604,932,0.0
604,635,0.0
604,539,0.0
604,1677,0.0
604,1181,0.0
604,1190,0.0
604,1208,0.0
604,1412,0.0
604,11,0.0
604,1954,0.0
604,168,0.0
604,830,0.0
604,1449,0.0
604,1916,0.0
604,448,0.0
604,1517,0.0
604,448,0.0
604,1129,0.0
604,1789,0.0
604,426,0.0
604,955,0.0
604,915,0.0
604,1121,0.0
604,630,0.0
604,225,0.0
604,446,0.0
604,1910,0.0
604,1687,0.0
604,1499,0.0
604,202,0.0
604,967,0.0
604,674,0.0
604,1320,0.0
604,633,0.0
604,15,0.0
604,1401,0.0
604,1359,0.0
605,580,3.5
605,1726,0.0
605,1217,0.0
605,1394,0.0
605,1575,0.0
605,77,0.0
605,188,0.0
605,1630,0.0
605,1413,0.0
605,1048,0.0
605,1638,0.0
605,1325,0.0
605,670,0.0
605,357,0.0
605,1743,0.0
605,958,0.0
605,1882,0.0
605,1117,0.0
605,1859,0.0
605,1574,0.0
605,335,0.0
605,1187,0.0
605,902,0.0
605,340,0.0
605,833,0.0
605,566,0.0
605,71,0.0
605,1065,0.0
605,410,0.0
605,897,0.0
605,837,0.0
605,643,0.0
605,20,0.0
605,1024,0.0
605,677,0.0
605,1595,0.0
605,1099,0.0
605,602,0.0
605,1421,0.0
605,1742,0.0
605,87,0.0
605,1617,0.0
605,16,0.0
605,1352,0.0
605,942,0.0
605,1233,0.0
605,823,0.0
605,382,0.0
605,1588,0.0
605,639,0.0
606,250,4.0
606,277,0.0
606,189,0.0
606,530,0.0
606,1549,0.0
606,2020,0.0
606,1778,0.0
606,620,0.0
606,1969,0.0
606,1213,0.0
606,2006,0.0
606,217,0.0
606,1322,0.0
606,1334,0.0
606,235,0.0
606,167,0.0
606,779,0.0
606,192,0.0
606,241,0.0
606,1185,0.0
606,1899,0.0
606,1362,0.0
606,790,0.0
606,454,0.0
606,1158,0.0
606,192,0.0
606,1425,0.0
606,391,0.0
606,600,0.0
606,1065,0.0
606,92,0.0
606,1238,0.0
606,348,0.0
606,512,0.0
606,1358,0.0
606,1422,0.0
606,923,0.0
606,1187,0.0
606,105,0.0
606,1255,0.0
606,991,0.0
606,1581,0.0
606,716,0.0
606,1556,0.0
606,1200,0.0
606,1702,0.0
606,1317,0.0
606,1288,0.0
606,787,0.0
606,1875,0.0
607,313,4.0
607,728,0.0
607,33,0.0
607,1411,0.0
607,1732,0.0
607,1524,0.0
607,894,0.0
607,461,0.0
607,448,0.0
607,828,0.0
607,1237,0.0
607,1069,0.0
607,404,0.0
607,332,0.0
607,2037,0.0
607,239,0.0
607,1277,0.0
607,227,0.0
607,732,0.0
607,890,0.0
607,165,0.0
607,584,0.0
607,736,0.0
607,1534,0.0
607,597,0.0
607,592,0.0
607,1979,0.0
607,726,0.0
607,1699,0.0
607,1413,0.0
607,1775,0.0
607,1446,0.0
607,924,0.0
607,1434,0.0
607,1604,0.0
607,648,0.0
607,1687,0.0
607,446,0.0
607,1426,0.0
607,96,0.0
607,378,0.0
607,669,0.0
607,1209,0.0
607,1703,0.0
607,1267,0.0
607,630,0.0
607,707,0.0
607,502,0.0
607,287,0.0
607,368,0.0
608,206,4.0
608,1702,0.0
608,1554,0.0
608,718,0.0
608,741,0.0
608,403,0.0
608,213,0.0
608,1990,0.0
608,1591,0.0
608,845,0.0
608,1397,0.0
608,131,0.0
608,8,0.0
608,1766,0.0
608,152,0.0
608,430,0.0
608,482,0.0
608,2020,0.0
608,304,0.0
608,1946,0.0
608,283,0.0
608,471,0.0
608,2016,0.0
608,992,0.0
608,189,0.0
608,1551,0.0
608,511,0.0
608,342,0.0
608,1453,0.0
608,714,0.0
608,1709,0.0
608,679,0.0
608,1874,0.0
608,1057,0.0
608,470,0.0
608,1417,0.0
608,740,0.0
608,1518,0.0
608,512,0.0
608,1345,0.0
608,1138,0.0
608,1237,0.0
608,1789,0.0
608,144,0.0
608,558,0.0
608,791,0.0
608,1201,0.0
608,1748,0.0
608,359,0.0
608,284,0.0
609,204,2.0
609,405,0.0
609,1144,0.0
609,1034,0.0
609,583,0.0
609,346,0.0
609,1276,0.0
609,796,0.0
609,118,0.0
609,1910,0.0
609,519,0.0
609,1238,0.0
609,732,0.0
609,79,0.0
609,418,0.0
609,583,0.0
609,711,0.0
609,1708,0.0
609,1312,0.0
609,233,0.0
609,260,0.0
609,1981,0.0
609,932,0.0
609,656,0.0
609,1045,0.0
609,77,0.0
609,741,0.0
609,671,0.0
609,1037,0.0
609,1771,0.0
609,1171,0.0
609,1685,0.0
609,29,0.0
609,437,0.0
609,1696,0.0
609,1796,0.0
609,1553,0.0
609,62,0.0
609,1453,0.0
609,1158,0.0
609,156,0.0
609,568,0.0
609,942,0.0
609,776,0.0
609,253,0.0
609,1006,0.0
609,1210,0.0
609,1903,0.0
609,872,0.0
609,1402,0.0
610,587,2.0
610,1700,0.0
610,44,0.0
610,456,0.0
610,1872,0.0
610,226,0.0
610,1338,0.0
610,51,0.0
610,1169,0.0
610,1304,0.0
610,1146,0.0
610,1742,0.0
610,470,0.0
610,896,0.0
610,1320,0.0
610,613,0.0
610,511,0.0
610,785,0.0
610,1664,0.0
610,1525,0.0
610,1702,0.0
610,1225,0.0
610,414,0.0
610,613,0.0
610,1606,0.0
610,1445,0.0
610,519,0.0
610,673,0.0
610,1096,0.0
610,344,0.0
610,1050,0.0
610,1192,0.0
610,774,0.0
610,1823,0.0
610,584,0.0
610,1232,0.0
610,1634,0.0
610,879,0.0
610,1935,0.0
610,897,0.0
610,1962,0.0
610,1566,0.0
610,847,0.0
610,1966,0.0
610,1568,0.0
610,724,0.0
610,656,0.0
610,610,0.0
610,1845,0.0
610,1333,0.0
611,233,2.5
611,1868,0.0
611,31,0.0
611,1903,0.0
611,945,0.0
611,726,0.0
611,953,0.0
611,819,0.0
611,790,0.0
611,242,0.0
611,1821,0.0
611,69,0.0
611,1014,0.0
611,1094,0.0
611,1646,0.0
611,157,0.0
611,548,0.0
611,1839,0.0
611,1951,0.0
611,325,0.0
611,1058,0.0
611,1503,0.0
611,459,0.0
611,1859,0.0
611,415,0.0
611,570,0.0
611,885,0.0
611,1442,0.0
611,510,0.0
611,367,0.0
611,911,0.0
611,1910,0.0
611,882,0.0
611,206,0.0
611,1384,0.0
611,1459,0.0
611,577,0.0
611,1797,0.0
611,1293,0.0
611,1256,0.0
611,668,0.0
611,105,0.0
611,665,0.0
611,1041,0.0
611,1518,0.0
611,259,0.0
611,1508,0.0
611,312,0.0
611,630,0.0
611,1844,0.0
612,83,3.5
612,1779,0.0
612,263,0.0
612,449,0.0
612,1274,0.0
612,1431,0.0
612,169,0.0
612,565,0.0
612,1935,0.0
612,131,0.0
612,826,0.0
612,605,0.0
612,1069,0.0
612,349,0.0
612,98,0.0
612,1769,0.0
612,1804,0.0
612,1060,0.0
612,1461,0.0
612,1968,0.0
612,1008,0.0
612,74,0.0
612,57,0.0
612,1042,0.0
612,401,0.0
612,187,0.0
612,1936,0.0
612,138,0.0
612,142,0.0
612,1991,0.0
612,107,0.0
612,220,0.0
612,144,0.0
612,857,0.0
612,509,0.0
612,375,0.0
612,4,0.0
612,1980,0.0
612,387,0.0
612,567,0.0
612,1790,0.0
612,983,0.0
612,1994,0.0
612,1757,0.0
612,1895,0.0
612,559,0.0
612,1839,0.0
612,1186,0.0
612,1771,0.0
612,1783,0.0
613,16,4.0
613,1631,0.0
613,209,0.0
613,1028,0.0
613,376,0.0
613,639,0.0
613,1077,0.0
613,1521,0.0
613,1221,0.0
613,440,0.0
613,1741,0.0
613,1203,0.0
613,240,0.0
613,1809,0.0
613,1343,0.0
613,500,0.0
613,1673,0.0
613,22,0.0
613,631,0.0
613,1650,0.0
613,1016,0.0
613,1617,0.0
613,1731,0.0
613,1203,0.0
613,1887,0.0
613,174,0.0
613,197,0.0
613,1561,0.0
613,1477,0.0
613,98,0.0
613,744,0.0
613,1450,0.0
613,452,0.0
613,1214,0.0
613,973,0.0
613,1601,0.0
613,1781,0.0
613,498,0.0
613,1639,0.0
613,1214,0.0
613,140,0.0
613,1714,0.0
613,772,0.0
613,174,0.0
613,419,0.0
613,675,0.0
613,1457,0.0
613,1463,0.0
613,1554,0.0
613,531,0.0
614,243,3.0
614,943,0.0
614,649,0.0
614,1439,0.0
614,1984,0.0
614,1047,0.0
614,1052,0.0
614,1514,0.0
614,1158,0.0
614,350,0.0
614,912,0.0
614,349,0.0
614,1304,0.0
614,475,0.0
614,291,0.0
614,1212,0.0
614,1606,0.0
614,1442,0.0
614,887,0.0
614,467,0.0
614,1229,0.0
614,1265,0.0
614,305,0.0
614,1207,0.0
614,477,0.0
614,1527,0.0
614,1151,0.0
614,448,0.0
614,229,0.0
614,1064,0.0
614,792,0.0
614,673,0.0
614,1415,0.0
614,823,0.0
614,1363,0.0
614,1693,0.0
614,835,0.0
614,1044,0.0
614,346,0.0
614,9,0.0
614,86,0.0
614,544,0.0
614,1994,0.0
614,872,0.0
614,1362,0.0
614,714,0.0
614,3,0.0
614,1046,0.0
614,1220,0.0
614,1844,0.0
615,1,3.0
615,1800,0.0
615,2036,0.0
615,261,0.0
615,645,0.0
615,2023,0.0
615,537,0.0
615,1066,0.0
615,1554,0.0
615,15,0.0
615,104,0.0
615,790,0.0
615,1226,0.0
615,719,0.0
615,1948,0.0
615,1701,0.0
615,1082,0.0
615,1008,0.0
615,47,0.0
615,659,0.0
615,1300,0.0
615,1435,0.0
615,1201,0.0
615,800,0.0
615,113,0.0
615,295,0.0
615,1753,0.0
615,437,0.0
615,265,0.0
615,161,0.0
615,1864,0.0
615,503,0.0
615,1059,0.0
615,586,0.0
615,457,0.0
615,1005,0.0
615,1670,0.0
615,1394,0.0
615,1509,0.0
615,271,0.0
615,1202,0.0
615,2009,0.0
615,479,0.0
615,956,0.0
615,158,0.0
615,754,0.0
615,1951,0.0
615,1836,0.0
615,203,0.0
615,794,0.0
616,250,4.0
616,1813,0.0
616,1733,0.0
616,183,0.0
616,1316,0.0
616,1080,0.0
616,1272,0.0
616,1979,0.0
616,1649,0.0
616,468,0.0
616,139,0.0
616,1926,0.0
616,1985,0.0
616,358,0.0
616,1576,0.0
616,1431,0.0
616,1497,0.0
616,1688,0.0
616,1469,0.0
616,979,0.0
616,1255,0.0
616,1640,0.0
616,1641,0.0
616,299,0.0
616,1665,0.0
616,425,0.0
616,994,0.0
616,160,0.0
616,400,0.0
616,1401,0.0
616,1982,0.0
616,1941,0.0
616,1280,0.0
616,740,0.0
616,861,0.0
616,493,0.0
616,1989,0.0
616,488,0.0
616,1205,0.0
616,525,0.0
616,1123,0.0
616,736,0.0
616,357,0.0
616,1254,0.0
616,564,0.0
616,1029,0.0
616,89,0.0
616,63,0.0
616,1111,0.0
616,1056,0.0
617,1,3.5
617,1305,0.0
617,397,0.0
617,1772,0.0
617,1239,0.0
617,1455,0.0
617,1344,0.0
617,813,0.0
617,638,0.0
617,492,0.0
617,950,0.0
617,1629,0.0
617,1609,0.0
617,127,0.0
617,73,0.0
617,1499,0.0
617,451,0.0
617,1485,0.0
617,1931,0.0
617,437,0.0
617,1279,0.0
617,447,0.0
617,1125,0.0
617,558,0.0
617,1700,0.0
617,969,0.0
617,1791,0.0
617,936,0.0
617,282,0.0
617,1961,0.0
617,759,0.0
617,1227,0.0
617,85,0.0
617,1347,0.0
617,1948,0.0
617,163,0.0
617,876,0.0
617,1080,0.0
617,205,0.0
617,1931,0.0
617,1452,0.0
617,147,0.0
617,1324,0.0
617,790,0.0
617,1981,0.0
617,2005,0.0
617,1313,0.0
617,1044,0.0
617,946,0.0
617,1160,0.0
618,16,3.0
618,1395,0.0
618,919,0.0
618,1913,0.0
618,566,0.0
618,717,0.0
618,726,0.0
618,1544,0.0
618,1129,0.0
618,1853,0.0
618,366,0.0
618,401,0.0
618,1780,0.0
618,1842,0.0
618,102,0.0
618,786,0.0
618,324,0.0
618,372,0.0
618,337,0.0
618,890,0.0
618,1056,0.0
618,1131,0.0
618,1445,0.0
618,1292,0.0
618,1968,0.0
618,1096,0.0
618,1881,0.0
618,1204,0.0
618,1920,0.0
618,1803,0.0
618,1175,0.0
618,1535,0.0
618,1920,0.0
618,1091,0.0
618,1926,0.0
618,1395,0.0
618,1371,0.0
618,996,0.0
618,2038,0.0
618,2035,0.0
618,1732,0.0
618,1830,0.0
618,31,0.0
618,1968,0.0
618,926,0.0
618,619,0.0
618,1102,0.0
618,1282,0.0
618,1520,0.0
618,877,0.0
619,16,3.0
619,1439,0.0
619,1799,0.0
619,26,0.0
619,1780,0.0
619,1073,0.0
619,186,0.0
619,1080,0.0
619,770,0.0
619,666,0.0
619,989,0.0
619,1057,0.0
619,537,0.0
619,1785,0.0
619,2020,0.0
619,935,0.0
619,370,0.0
619,85,0.0
619,159,0.0
619,424,0.0
619,1921,0.0
619,1902,0.0
619,1735,0.0
619,1129,0.0
619,1414,0.0
619,1535,0.0
619,274,0.0
619,1312,0.0
619,2037,0.0
619,257,0.0
619,962,0.0
619,1243,0.0
619,973,0.0
619,526,0.0
619,532,0.0
619,1869,0.0
619,1082,0.0
619,1383,0.0
619,1617,0.0
619,1653,0.0
619,112,0.0
619,1830,0.0
619,1299,0.0
619,256,0.0
619,328,0.0
619,776,0.0
619,1258,0.0
619,50,0.0
619,1701,0.0
619,1766,0.0
620,6,3.5
620,1296,0.0
620,1107,0.0
620,1647,0.0
620,709,0.0
620,359,0.0
620,1404,0.0
620,1563,0.0
620,1164,0.0
620,1948,0.0
620,1533,0.0
620,1196,0.0
620,1043,0.0
620,1977,0.0
620,2000,0.0
620,1652,0.0
620,502,0.0
620,1589,0.0
620,226,0.0
620,108,0.0
620,742,0.0
620,1343,0.0
620,1331,0.0
620,1764,0.0
620,810,0.0
620,1110,0.0
620,785,0.0
620,227,0.0
620,851,0.0
620,1333,0.0
620,827,0.0
620,378,0.0
620,1606,0.0
620,1763,0.0
620,2025,0.0
620,384,0.0
620,112,0.0
620,1316,0.0
620,1328,0.0
620,290,0.0
620,1128,0.0
620,1986,0.0
620,290,0.0
620,1500,0.0
620,1544,0.0
620,676,0.0
620,59,0.0
620,1335,0.0
620,105,0.0
620,622,0.0
621,248,3.0
621,381,0.0
621,424,0.0
621,1823,0.0
621,1459,0.0
621,1668,0.0
621,1730,0.0
621,321,0.0
621,1613,0.0
621,249,0.0
621,1767,0.0
621,179,0.0
621,1917,0.0
621,1003,0.0
621,1712,0.0
621,28,0.0
621,1519,0.0
621,1701,0.0
621,1349,0.0
621,2033,0.0
621,737,0.0
621,1671,0.0
621,186,0.0
621,54,0.0
621,877,0.0
621,513,0.0
621,1433,0.0
621,1854,0.0
621,16,0.0
621,1594,0.0
621,87,0.0
621,1246,0.0
621,1807,0.0
621,1081,0.0
621,703,0.0
621,1585,0.0
621,724,0.0
621,1253,0.0
621,1177,0.0
621,1296,0.0
621,1905,0.0
621,1069,0.0
621,1897,0.0
621,894,0.0
621,451,0.0
621,1329,0.0
621,426,0.0
621,117,0.0
621,687,0.0
621,1021,0.0
622,233,4.0
622,1185,0.0
622,35,0.0
622,1027,0.0
622,412,0.0
622,1110,0.0
622,482,0.0
622,911,0.0
622,1799,0.0
622,602,0.0
622,1830,0.0
622,1081,0.0
622,1163,0.0
622,171,0.0
622,259,0.0
622,1518,0.0
622,24,0.0
622,197,0.0
622,578,0.0
622,422,0.0
622,1141,0.0
622,791,0.0
622,2004,0.0
622,5,0.0
622,1120,0.0
622,71,0.0
622,928,0.0
622,431,0.0
622,962,0.0
622,379,0.0
622,1793,0.0
622,549,0.0
622,807,0.0
622,55,0.0
622,614,0.0
622,1126,0.0
622,215,0.0
622,20,0.0
622,1650,0.0
622,209,0.0
622,290,0.0
622,714,0.0
622,1994,0.0
622,834,0.0
622,187,0.0
622,1174,0.0
622,1984,0.0
622,190,0.0
622,406,0.0
622,213,0.0
623,16,4.0
623,1627,0.0
623,817,0.0
623,1919,0.0
623,5,0.0
623,1437,0.0
623,585,0.0
623,1521,0.0
623,1079,0.0
623,1830,0.0
623,1421,0.0
623,821,0.0
623,237,0.0
623,489,0.0
623,1045,0.0
623,440,0.0
623,1064,0.0
623,857,0.0
623,1801,0.0
623,257,0.0
623,1474,0.0
623,47,0.0
623,1833,0.0
623,502,0.0
623,138,0.0
623,1225,0.0
623,1675,0.0
623,508,0.0
623,653,0.0
623,1309,0.0
623,1256,0.0
623,1339,0.0
623,460,0.0
623,669,0.0
623,1573,0.0
623,1610,0.0
623,1344,0.0
623,2010,0.0
623,1198,0.0
623,1062,0.0
623,2026,0.0
623,432,0.0
623,484,0.0
623,1608,0.0
623,1081,0.0
623,495,0.0
623,874,0.0
623,2009,0.0
623,600,0.0
623,1808,0.0
624,231,3.0
624,874,0.0
624,346,0.0
624,348,0.0
624,1971,0.0
624,1183,0.0
624,1648,0.0
624,1275,0.0
624,1245,0.0
624,857,0.0
624,1629,0.0
624,1970,0.0
624,393,0.0
624,1419,0.0
624,2016,0.0
624,993,0.0
624,977,0.0
624,166,0.0
624,975,0.0
624,2028,0.0
624,451,0.0
624,1161,0.0
624,859,0.0
624,1896,0.0
624,209,0.0
624,767,0.0
624,1608,0.0
624,213,0.0
624,1801,0.0
624,1383,0.0
624,1686,0.0
624,1258,0.0
624,972,0.0
624,1751,0.0
624,1420,0.0
624,303,0.0
624,1132,0.0
624,856,0.0
624,1835,0.0
624,2030,0.0
624,860,0.0
624,1999,0.0
624,1855,0.0
624,807,0.0
624,1413,0.0
624,119,0.0
624,1863,0.0
624,1633,0.0
624,1233,0.0
624,426,0.0
625,2,1.5
625,1804,0.0
625,161,0.0
625,215,0.0
625,785,0.0
625,835,0.0
625,1635,0.0
625,1991,0.0
625,1194,0.0
625,1984,0.0
625,251,0.0
625,1704,0.0
625,1061,0.0
625,227,0.0
625,1957,0.0
625,908,0.0
625,1660,0.0
625,1301,0.0
625,284,0.0
625,1533,0.0
625,648,0.0
625,2010,0.0
625,365,0.0
625,1643,0.0
625,1091,0.0
625,1127,0.0
625,1424,0.0
625,1269,0.0
625,1700,0.0
625,191,0.0
625,1730,0.0
625,643,0.0
625,1319,0.0
625,1167,0.0
625,906,0.0
625,730,0.0
625,25,0.0
625,1274,0.0
625,1630,0.0
625,1889,0.0
625,711,0.0
625,614,0.0
625,192,0.0
625,380,0.0
625,1025,0.0
625,1782,0.0
625,1626,0.0
625,1068,0.0
625,938,0.0
625,2,0.0
626,0,4.0
626,1083,0.0
626,1631,0.0
626,1804,0.0
626,542,0.0
626,379,0.0
626,323,0.0
626,1651,0.0
626,1085,0.0
626,944,0.0
626,1169,0.0
626,842,0.0
626,361,0.0
626,52,0.0
626,401,0.0
626,1586,0.0
626,680,0.0
626,1892,0.0
626,992,0.0
626,868,0.0
626,706,0.0
626,1472,0.0
626,1106,0.0
626,378,0.0
626,645,0.0
626,1481,0.0
626,932,0.0
626,1803,0.0
626,2027,0.0
626,80,0.0
626,730,0.0
626,513,0.0
626,1332,0.0
626,920,0.0
626,762,0.0
626,493,0.0
626,1259,0.0
626,1691,0.0
626,940,0.0
626,1060,0.0
626,740,0.0
626,1680,0.0
626,324,0.0
626,1079,0.0
626,1144,0.0
626,313,0.0
626,1234,0.0
626,1795,0.0
626,102,0.0
626,438,0.0
627,234,1.5
627,928,0.0
627,1201,0.0
627,1467,0.0
627,327,0.0
627,1351,0.0
627,763,0.0
627,1065,0.0
627,241,0.0
627,1365,0.0
627,1114,0.0
627,1051,0.0
627,458,0.0
627,666,0.0
627,1654,0.0
627,1408,0.0
627,1510,0.0
627,219,0.0
627,858,0.0
627,263,0.0
627,120,0.0
627,1069,0.0
627,1303,0.0
627,1138,0.0
627,1191,0.0
627,434,0.0
627,1269,0.0
627,483,0.0
627,1398,0.0
627,279,0.0
627,1769,0.0
627,1045,0.0
627,713,0.0
627,67,0.0
627,1671,0.0
627,742,0.0
627,1081,0.0
627,1550,0.0
627,1287,0.0
627,2012,0.0
627,1705,0.0
627,1446,0.0
627,1021,0.0
627,1522,0.0
627,290,0.0
627,168,0.0
627,1583,0.0
627,1485,0.0
627,1631,0.0
627,1862,0.0
628,6,2.5
628,1405,0.0
628,396,0.0
628,1432,0.0
628,350,0.0
628,1557,0.0
628,1524,0.0
628,994,0.0
628,788,0.0
628,1934,0.0
628,1730,0.0
628,420,0.0
628,1580,0.0
628,921,0.0
628,2041,0.0
628,110,0.0
628,208,0.0
628,1765,0.0
628,1462,0.0
628,1201,0.0
628,930,0.0
628,1785,0.0
628,424,0.0
628,327,0.0
628,1907,0.0
628,10,0.0
628,1275,0.0
628,855,0.0
628,1258,0.0
628,1671,0.0
628,253,0.0
628,1589,0.0
628,1501,0.0
628,128,0.0
628,1761,0.0
628,1555,0.0
628,99,0.0
628,289,0.0
628,1592,0.0
628,1249,0.0
628,1676,0.0
628,1148,0.0
628,1461,0.0
628,1844,0.0
628,1587,0.0
628,645,0.0
628,1827,0.0
628,664,0.0
628,1370,0.0
628,697,0.0
629,213,3.0
629,186,0.0
629,419,0.0
629,724,0.0
629,1483,0.0
629,1133,0.0
629,186,0.0
629,470,0.0
629,1101,0.0
629,1983,0.0
629,1962,0.0
629,1397,0.0
629,809,0.0
629,329,0.0
629,1148,0.0
629,1339,0.0
629,957,0.0
629,319,0.0
629,474,0.0
629,1512,0.0
629,825,0.0
629,513,0.0
629,333,0.0
629,1094,0.0
629,464,0.0
629,1399,0.0
629,723,0.0
629,7,0.0
629,1719,0.0
629,2003,0.0
629,163,0.0
629,1988,0.0
629,780,0.0
629,1318,0.0
629,357,0.0
629,80,0.0
629,773,0.0
629,1298,0.0
629,920,0.0
629,898,0.0
629,1640,0.0
629,1844,0.0
629,1563,0.0
629,921,0.0
629,1070,0.0
629,1415,0.0
629,824,0.0
629,2040,0.0
629,1590,0.0
629,1017,0.0
630,10,4.0
630,1077,0.0
630,615,0.0
630,151,0.0
630,409,0.0
630,9,0.0
630,956,0.0
630,551,0.0
630,555,0.0
630,879,0.0
630,267,0.0
630,1013,0.0
630,1813,0.0
630,666,0.0
630,450,0.0
630,593,0.0
630,1220,0.0
630,397,0.0
630,920,0.0
630,1075,0.0
630,1758,0.0
630,1492,0.0
630,1391,0.0
630,1397,0.0
630,1082,0.0
630,293,0.0
630,2031,0.0
630,787,0.0
630,1869,0.0
630,1811,0.0
630,951,0.0
630,868,0.0
630,109,0.0
630,1565,0.0
630,106,0.0
630,1012,0.0
630,296,0.0
630,1875,0.0
630,838,0.0
630,1854,0.0
630,1988,0.0
630,1118,0.0
630,1820,0.0
630,1742,0.0
630,984,0.0
630,844,0.0
630,1707,0.0
630,1495,0.0
630,78,0.0
630,2007,0.0
631,253,2.5
631,847,0.0
631,923,0.0
631,2013,0.0
631,1195,0.0
631,1512,0.0
631,1854,0.0
631,1382,0.0
631,1129,0.0
631,188,0.0
631,2010,0.0
631,1552,0.0
631,1073,0.0
631,1272,0.0
631,409,0.0
631,1414,0.0
631,1402,0.0
631,226,0.0
631,1614,0.0
631,1807,0.0
631,212,0.0
631,1552,0.0
631,1004,0.0
631,1369,0.0
631,418,0.0
631,1786,0.0
631,1875,0.0
631,1107,0.0
631,918,0.0
631,1220,0.0
631,776,0.0
631,2006,0.0
631,1553,0.0
631,220,0.0
631,1866,0.0
631,1770,0.0
631,175,0.0
631,583,0.0
631,1626,0.0
631,1345,0.0
631,534,0.0
631,724,0.0
631,1417,0.0
631,1829,0.0
631,1663,0.0
631,1594,0.0
631,323,0.0
631,84,0.0
631,1019,0.0
631,1764,0.0
632,233,3.0
632,698,0.0
632,68,0.0
632,840,0.0
632,1546,0.0
632,1838,0.0
632,22,0.0
632,336,0.0
632,426,0.0
632,844,0.0
632,208,0.0
632,214,0.0
632,634,0.0
632,422,0.0
632,72,0.0
632,1745,0.0
632,822,0.0
632,785,0.0
632,1629,0.0
632,937,0.0
632,1771,0.0
632,1689,0.0
632,1297,0.0
632,1748,0.0
632,1663,0.0
632,1256,0.0
632,1064,0.0
632,1961,0.0
632,288,0.0
632,554,0.0
632,1293,0.0
632,438,0.0
632,1337,0.0
632,1533,0.0
632,1417,0.0
632,27,0.0
632,269,0.0
632,1490,0.0
632,1945,0.0
632,73,0.0
632,1680,0.0
632,673,0.0
632,245,0.0
632,1805,0.0
632,409,0.0
632,497,0.0
632,1441,0.0
632,1011,0.0
632,210,0.0
632,791,0.0
633,217,3.5
633,314,0.0
633,407,0.0
633,894,0.0
633,1854,0.0
633,205,0.0
633,1264,0.0
633,40,0.0
633,587,0.0
633,2010,0.0
633,713,0.0
633,1386,0.0
633,897,0.0
633,94,0.0
633,539,0.0
633,1167,0.0
633,58,0.0
633,1664,0.0
633,853,0.0
633,508,0.0
633,512,0.0
633,798,0.0
633,1045,0.0
633,737,0.0
633,1227,0.0
633,698,0.0
633,886,0.0
633,470,0.0
633,283,0.0
633,371,0.0
633,1521,0.0
633,1355,0.0
633,1050,0.0
633,854,0.0
633,128,0.0
633,1403,0.0
633,506,0.0
633,1898,0.0
633,1921,0.0
633,2027,0.0
633,1118,0.0
633,577,0.0
633,1200,0.0
633,472,0.0
633,1509,0.0
633,1007,0.0
633,1298,0.0
633,667,0.0
633,1989,0.0
633,1446,0.0
634,236,3.5
634,1935,0.0
634,505,0.0
634,301,0.0
634,652,0.0
634,1253,0.0
634,63,0.0
634,589,0.0
634,231,0.0
634,1622,0.0
634,1206,0.0
634,318,0.0
634,1681,0.0
634,828,0.0
634,91,0.0
634,1658,0.0
634,1811,0.0
634,960,0.0
634,63,0.0
634,843,0.0
634,218,0.0
634,703,0.0
634,618,0.0
634,1932,0.0
634,246,0.0
634,963,0.0
634,1496,0.0
634,1989,0.0
634,1013,0.0
634,56,0.0
634,1068,0.0
634,1911,0.0
634,1109,0.0
634,2028,0.0
634,1061,0.0
634,181,0.0
634,163,0.0
634,756,0.0
634,1858,0.0
634,1912,0.0
634,125,0.0
634,1230,0.0
634,266,0.0
634,353,0.0
634,1434,0.0
634,1622,0.0
634,1680,0.0
634,1145,0.0
634,1531,0.0
634,2006,0.0
635,244,2.5
635,1118,0.0
635,988,0.0
635,76,0.0
635,150,0.0
635,141,0.0
635,230,0.0
635,1793,0.0
635,1931,0.0
635,953,0.0
635,127,0.0
635,859,0.0
635,1759,0.0
635,695,0.0
635,496,0.0
635,1303,0.0
635,1828,0.0
635,1564,0.0
635,2035,0.0
635,809,0.0
635,1553,0.0
635,130,0.0
635,1484,0.0
635,268,0.0
635,617,0.0
635,1692,0.0
635,961,0.0
635,1594,0.0
635,1627,0.0
635,1967,0.0
635,1283,0.0
635,1074,0.0
635,1156,0.0
635,1702,0.0
635,808,0.0
635,1028,0.0
635,647,0.0
635,737,0.0
635,501,0.0
635,1207,0.0
635,408,0.0
635,1114,0.0
635,1459,0.0
635,819,0.0
635,902,0.0
635,188,0.0
635,2019,0.0
635,1503,0.0
635,980,0.0
635,814,0.0
636,1222,3.0
636,534,0.0
636,380,0.0
636,102,0.0
636,28,0.0
636,1877,0.0
636,1506,0.0
636,1080,0.0
636,1085,0.0
636,954,0.0
636,1071,0.0
636,1390,0.0
636,2001,0.0
636,546,0.0
636,1581,0.0
636,1568,0.0
636,326,0.0
636,1761,0.0
636,265,0.0
636,1751,0.0
636,728,0.0
636,1199,0.0
636,1067,0.0
636,218,0.0
636,125,0.0
636,881,0.0
636,1989,0.0
636,1402,0.0
636,318,0.0
636,1328,0.0
636,1223,0.0
636,84,0.0
636,1064,0.0
636,722,0.0
636,1889,0.0
636,1574,0.0
636,1386,0.0
636,1942,0.0
636,1292,0.0
636,361,0.0
636,366,0.0
636,1204,0.0
636,1254,0.0
636,987,0.0
636,1093,0.0
636,1848,0.0
636,587,0.0
636,962,0.0
636,1967,0.0
636,1811,0.0
637,1642,3.0
637,1427,0.0
637,1838,0.0
637,221,0.0
637,1909,0.0
637,895,0.0
637,1513,0.0
637,1817,0.0
637,1363,0.0
637,1536,0.0
637,960,0.0
637,984,0.0
637,1632,0.0
637,1622,0.0
637,842,0.0
637,251,0.0
637,1387,0.0
637,1550,0.0
637,141,0.0
637,310,0.0
637,1408,0.0
637,1824,0.0
637,581,0.0
637,1335,0.0
637,1302,0.0
637,1589,0.0
637,345,0.0
637,1410,0.0
637,301,0.0
637,1787,0.0
637,506,0.0
637,246,0.0
637,1669,0.0
637,487,0.0
637,1779,0.0
637,1944,0.0
637,1262,0.0
637,1552,0.0
637,1947,0.0
637,927,0.0
637,1372,0.0
637,790,0.0
637,1768,0.0
637,911,0.0
637,1375,0.0
637,153,0.0
637,1533,0.0
637,1952,0.0
637,1209,0.0
637,943,0.0
638,4,4.0
638,1106,0.0
638,828,0.0
638,93,0.0
638,266,0.0
638,1868,0.0
638,1399,0.0
638,1184,0.0
638,613,0.0
638,501,0.0
638,1400,0.0
638,1135,0.0
638,577,0.0
638,1645,0.0
638,631,0.0
638,278,0.0
638,753,0.0
638,1456,0.0
638,1683,0.0
638,241,0.0
638,2034,0.0
638,1245,0.0
638,782,0.0
638,961,0.0
638,1309,0.0
638,984,0.0
638,3,0.0
638,319,0.0
638,1344,0.0
638,1031,0.0
638,1075,0.0
638,1023,0.0
638,1165,0.0
638,1849,0.0
638,778,0.0
638,826,0.0
638,279,0.0
638,1111,0.0
638,1183,0.0
638,984,0.0
638,1837,0.0
638,27,0.0
638,1551,0.0
638,809,0.0
638,1894,0.0
638,271,0.0
638,1123,0.0
638,1931,0.0
638,1227,0.0
638,189,0.0
639,6,4.0
639,43,0.0
639,823,0.0
639,1501,0.0
639,1794,0.0
639,609,0.0
639,1888,0.0
639,1114,0.0
639,1850,0.0
639,1352,0.0
639,1676,0.0
639,1437,0.0
639,1844,0.0
639,1787,0.0
639,719,0.0
639,690,0.0
639,1833,0.0
639,1945,0.0
639,698,0.0
639,836,0.0
639,109,0.0
639,218,0.0
639,462,0.0
639,859,0.0
639,514,0.0
639,1576,0.0
639,636,0.0
639,1280,0.0
639,1216,0.0
639,626,0.0
639,69,0.0
639,458,0.0
639,1405,0.0
639,1841,0.0
639,1517,0.0
639,1871,0.0
639,96,0.0
639,1751,0.0
639,1850,0.0
639,223,0.0
639,1865,0.0
639,830,0.0
639,1304,0.0
639,1929,0.0
639,1356,0.0
639,1915,0.0
639,640,0.0
639,1634,0.0
639,1805,0.0
639,1428,0.0
640,16,3.0
640,1237,0.0
640,112,0.0
640,1335,0.0
640,568,0.0
640,954,0.0
640,895,0.0
640,1124,0.0
640,761,0.0
640,1670,0.0
640,937,0.0
640,652,0.0
640,83,0.0
640,718,0.0
640,1765,0.0
640,1953,0.0
640,867,0.0
640,948,0.0
640,301,0.0
640,1976,0.0
640,1596,0.0
640,1240,0.0
640,567,0.0
640,540,0.0
640,1646,0.0
640,91,0.0
640,653,0.0
640,1475,0.0
640,613,0.0
640,70,0.0
640,1548,0.0
640,1424,0.0
640,668,0.0
640,80,0.0
640,1123,0.0
640,594,0.0
640,217,0.0
640,883,0.0
640,748,0.0
640,124,0.0
640,200,0.0
640,1025,0.0
640,573,0.0
640,1043,0.0
640,982,0.0
640,721,0.0
640,951,0.0
640,1881,0.0
640,179,0.0
640,1432,0.0
641,83,2.0
641,490,0.0
641,895,0.0
641,59,0.0
641,476,0.0
641,319,0.0
641,689,0.0
641,51,0.0
641,656,0.0
641,827,0.0
641,1100,0.0
641,118,0.0
641,720,0.0
641,1205,0.0
641,505,0.0
641,1673,0.0
641,636,0.0
641,152,0.0
641,1041,0.0
641,1087,0.0
641,496,0.0
641,1771,0.0
641,78,0.0
641,58,0.0
641,1434,0.0
641,762,0.0
641,825,0.0
641,1084,0.0
641,1490,0.0
641,1653,0.0
641,1102,0.0
641,1772,0.0
641,1862,0.0
641,1706,0.0
641,1511,0.0
641,243,0.0
641,207,0.0
641,855,0.0
641,1110,0.0
641,1674,0.0
641,599,0.0
641,644,0.0
641,1977,0.0
641,38,0.0
641,1199,0.0
641,477,0.0
641,1615,0.0
641,19,0.0
641,220,0.0
641,1872,0.0
642,213,3.0
642,300,0.0
642,1660,0.0
642,1208,0.0
642,1060,0.0
642,774,0.0
642,1645,0.0
642,399,0.0
642,689,0.0
642,1165,0.0
642,992,0.0
642,133,0.0
642,1468,0.0
642,660,0.0
642,1929,0.0
642,1311,0.0
642,1925,0.0
642,257,0.0
642,1062,0.0
642,304,0.0
642,1306,0.0
642,1847,0.0
642,525,0.0
642,406,0.0
642,1382,0.0
642,885,0.0
642,377,0.0
642,468,0.0
642,872,0.0
642,1970,0.0
642,989,0.0
642,1304,0.0
642,1588,0.0
642,2007,0.0
642,10,0.0
642,674,0.0
642,694,0.0
642,1209,0.0
642,1987,0.0
642,1572,0.0
642,2019,0.0
642,972,0.0
642,8,0.0
642,27,0.0
642,822,0.0
642,685,0.0
642,1487,0.0
642,1662,0.0
642,510,0.0
642,501,0.0
643,212,3.0
643,1779,0.0
643,1819,0.0
643,600,0.0
643,441,0.0
643,1713,0.0
643,227,0.0
643,873,0.0
643,1602,0.0
643,1145,0.0
643,670,0.0
643,1380,0.0
643,1291,0.0
643,694,0.0
643,1508,0.0
643,868,0.0
643,1027,0.0
643,1501,0.0
643,120,0.0
643,741,0.0
643,1833,0.0
643,1509,0.0
643,1242,0.0
643,693,0.0
643,1301,0.0
643,256,0.0
643,1327,0.0
643,42,0.0
643,869,0.0
643,915,0.0
643,1553,0.0
643,1733,0.0
643,1712,0.0
643,587,0.0
643,912,0.0
643,1716,0.0
643,1173,0.0
643,593,0.0
643,1033,0.0
643,791,0.0
643,211,0.0
643,1675,0.0
643,1283,0.0
643,1961,0.0
643,1405,0.0
643,1412,0.0
643,921,0.0
643,1763,0.0
643,1978,0.0
643,1981,0.0
644,215,3.0
644,321,0.0
644,419,0.0
644,1521,0.0
644,1934,0.0
644,331,0.0
644,1319,0.0
644,1259,0.0
644,680,0.0
644,6,0.0
644,533,0.0
644,71,0.0
644,1523,0.0
644,617,0.0
644,138,0.0
644,1409,0.0
644,541,0.0
644,323,0.0
644,948,0.0
644,600,0.0
644,1940,0.0
644,1688,0.0
644,72,0.0
644,839,0.0
644,1412,0.0
644,1261,0.0
644,987,0.0
644,1345,0.0
644,1364,0.0
644,1786,0.0
644,1328,0.0
644,1031,0.0
644,2017,0.0
644,2006,0.0
644,1230,0.0
644,410,0.0
644,257,0.0
644,1819,0.0
644,650,0.0
644,1069,0.0
644,125,0.0
644,1044,0.0
644,1193,0.0
644,543,0.0
644,1439,0.0
644,454,0.0
644,661,0.0
644,1229,0.0
644,1356,0.0
644,1044,0.0
645,12,4.0
645,514,0.0
645,532,0.0
645,1127,0.0
645,1856,0.0
645,401,0.0
645,1804,0.0
645,966,0.0
645,1356,0.0
645,720,0.0
645,876,0.0
645,607,0.0
645,92,0.0
645,1580,0.0
645,573,0.0
645,1565,0.0
645,970,0.0
645,1805,0.0
645,436,0.0
645,1033,0.0
645,455,0.0
645,414,0.0
645,1541,0.0
645,2002,0.0
645,1398,0.0
645,1554,0.0
645,1547,0.0
645,1396,0.0
645,703,0.0
645,1638,0.0
645,881,0.0
645,761,0.0
645,1779,0.0
645,1873,0.0
645,1462,0.0
645,1218,0.0
645,264,0.0
645,506,0.0
645,645,0.0
645,896,0.0
645,1449,0.0
645,2023,0.0
645,860,0.0
645,1974,0.0
645,688,0.0
645,866,0.0
645,1122,0.0
645,1053,0.0
645,1314,0.0
645,1598,0.0
646,212,3.5
646,350,0.0
646,233,0.0
646,1670,0.0
646,36,0.0
646,1368,0.0
646,1627,0.0
646,291,0.0
646,16,0.0
646,89,0.0
646,1371,0.0
646,676,0.0
646,976,0.0
646,1467,0.0
646,252,0.0
646,816,0.0
646,1616,0.0
646,2016,0.0
646,183,0.0
646,289,0.0
646,760,0.0
646,1238,0.0
646,157,0.0
646,922,0.0
646,690,0.0
646,392,0.0
646,1043,0.0
646,1494,0.0
646,430,0.0
646,1682,0.0
646,996,0.0
646,1004,0.0
646,1091,0.0
646,1100,0.0
646,101,0.0
646,651,0.0
646,892,0.0
646,584,0.0
646,206,0.0
646,212,0.0
646,78,0.0
646,1136,0.0
646,1788,0.0
646,132,0.0
646,1220,0.0
646,1048,0.0
646,471,0.0
646,1636,0.0
646,1780,0.0
646,1566,0.0
647,0,4.0
647,1302,0.0
647,584,0.0
647,1759,0.0
647,484,0.0
647,1569,0.0
647,1268,0.0
647,1773,0.0
647,1041,0.0
647,876,0.0
647,1579,0.0
647,1166,0.0
647,500,0.0
647,1550,0.0
647,92,0.0
647,1406,0.0
647,1912,0.0
647,278,0.0
647,1750,0.0
647,1472,0.0
647,1784,0.0
647,981,0.0
647,1606,0.0
647,620,0.0
647,1311,0.0
647,475,0.0
647,881,0.0
647,671,0.0
647,800,0.0
647,170,0.0
647,1548,0.0
647,371,0.0
647,731,0.0
647,1416,0.0
647,1981,0.0
647,184,0.0
647,1533,0.0
647,1455,0.0
647,938,0.0
647,834,0.0
647,208,0.0
647,993,0.0
647,799,0.0
647,1352,0.0
647,1384,0.0
647,2031,0.0
647,1467,0.0
647,1920,0.0
647,1464,0.0
647,368,0.0
648,12,2.5
648,634,0.0
648,964,0.0
648,1993,0.0
648,627,0.0
648,1765,0.0
648,292,0.0
648,1409,0.0
648,1768,0.0
648,828,0.0
648,233,0.0
648,1319,0.0
648,1726,0.0
648,536,0.0
648,1402,0.0
648,1701,0.0
648,804,0.0
648,2036,0.0
648,1233,0.0
648,538,0.0
648,851,0.0
648,177,0.0
648,1953,0.0
648,555,0.0
648,1095,0.0
648,1923,0.0
648,1531,0.0
648,1245,0.0
648,947,0.0
648,822,0.0
648,227,0.0
648,1864,0.0
648,1256,0.0
648,1291,0.0
648,1933,0.0
648,253,0.0
648,674,0.0
648,5,0.0
648,46,0.0
648,1430,0.0
648,882,0.0
648,579,0.0
648,253,0.0
648,1472,0.0
648,58,0.0
648,1416,0.0
648,1654,0.0
648,1721,0.0
648,559,0.0
648,1014,0.0
649,9,1.5
649,228,0.0
649,895,0.0
649,630,0.0
649,269,0.0
649,80,0.0
649,1695,0.0
649,1211,0.0
649,1723,0.0
649,819,0.0
649,500,0.0
649,705,0.0
649,1510,0.0
649,1795,0.0
649,1511,0.0
649,989,0.0
649,1501,0.0
649,702,0.0
649,1312,0.0
649,105,0.0
649,640,0.0
649,608,0.0
649,995,0.0
649,1008,0.0
649,1599,0.0
649,1663,0.0
649,1246,0.0
649,1828,0.0
649,1997,0.0
649,381,0.0
649,837,0.0
649,1926,0.0
649,103,0.0
649,663,0.0
649,1137,0.0
649,1531,0.0
649,1987,0.0
649,1078,0.0
649,120,0.0
649,1240,0.0
649,1658,0.0
649,1026,0.0
649,1115,0.0
649,406,0.0
649,675,0.0
649,440,0.0
649,1654,0.0
649,431,0.0
649,908,0.0
649,60,0.0
650,83,0.5
650,420,0.0
650,322,0.0
650,1132,0.0
650,1486,0.0
650,1603,0.0
650,546,0.0
650,250,0.0
650,865,0.0
650,509,0.0
650,1571,0.0
650,440,0.0
650,453,0.0
650,643,0.0
650,816,0.0
650,1757,0.0
650,678,0.0
650,273,0.0
650,59,0.0
650,341,0.0
650,1417,0.0
650,112,0.0
650,1244,0.0
650,1814,0.0
650,67,0.0
650,1338,0.0
650,466,0.0
650,857,0.0
650,262,0.0
650,1804,0.0
650,1154,0.0
650,423,0.0
650,1290,0.0
650,719,0.0
650,1235,0.0
650,562,0.0
650,982,0.0
650,918,0.0
650,287,0.0
650,424,0.0
650,553,0.0
650,758,0.0
650,1957,0.0
650,1730,0.0
650,243,0.0
650,1735,0.0
650,1893,0.0
650,1656,0.0
650,999,0.0
650,1357,0.0
651,10,1.5
651,431,0.0
651,1348,0.0
651,1139,0.0
651,1543,0.0
651,618,0.0
651,618,0.0
651,625,0.0
651,434,0.0
651,1545,0.0
651,795,0.0
651,931,0.0
651,571,0.0
651,265,0.0
651,1421,0.0
651,101,0.0
651,1086,0.0
651,996,0.0
651,1710,0.0
651,708,0.0
651,1014,0.0
651,823,0.0
651,1925,0.0
651,1534,0.0
651,221,0.0
651,914,0.0
651,435,0.0
651,1213,0.0
651,639,0.0
651,944,0.0
651,333,0.0
651,906,0.0
651,1581,0.0
651,1604,0.0
651,1324,0.0
651,350,0.0
651,1899,0.0
651,569,0.0
651,1951,0.0
651,727,0.0
651,114,0.0
651,1545,0.0
651,908,0.0
651,366,0.0
651,2035,0.0
651,1292,0.0
651,803,0.0
651,1109,0.0
651,895,0.0
651,968,0.0
652,16,4.0
652,1707,0.0
652,1034,0.0
652,571,0.0
652,1957,0.0
652,1767,0.0
652,746,0.0
652,514,0.0
652,143,0.0
652,991,0.0
652,1765,0.0
652,1544,0.0
652,808,0.0
652,293,0.0
652,324,0.0
652,192,0.0
652,1314,0.0
652,1662,0.0
652,1442,0.0
652,459,0.0
652,2019,0.0
652,2004,0.0
652,1071,0.0
652,1130,0.0
652,1287,0.0
652,1276,0.0
652,1562,0.0
652,1544,0.0
652,1755,0.0
652,1181,0.0
652,525,0.0
652,918,0.0
652,28,0.0
652,537,0.0
652,1749,0.0
652,142,0.0
652,626,0.0
652,840,0.0
652,217,0.0
652,592,0.0
652,712,0.0
652,66,0.0
652,760,0.0
652,143,0.0
652,1164,0.0
652,1369,0.0
652,464,0.0
652,95,0.0
652,407,0.0
652,1141,0.0
653,211,3.0
653,1518,0.0
653,1729,0.0
653,616,0.0
653,1959,0.0
653,710,0.0
653,474,0.0
653,573,0.0
653,795,0.0
653,507,0.0
653,591,0.0
653,174,0.0
653,1544,0.0
653,691,0.0
653,1294,0.0
653,1697,0.0
653,787,0.0
653,1741,0.0
653,571,0.0
653,185,0.0
653,586,0.0
653,1117,0.0
653,1602,0.0
653,513,0.0
653,1201,0.0
653,653,0.0
653,1975,0.0
653,2012,0.0
653,1988,0.0
653,555,0.0
653,1709,0.0
653,1925,0.0
653,1927,0.0
653,294,0.0
653,1254,0.0
653,1259,0.0
653,1116,0.0
653,1510,0.0
653,43,0.0
653,538,0.0
653,1807,0.0
653,1498,0.0
653,38,0.0
653,2023,0.0
653,1408,0.0
653,2028,0.0
653,1458,0.0
653,1982,0.0
653,288,0.0
653,247,0.0
654,1,3.5
654,363,0.0
654,2030,0.0
654,1544,0.0
654,1884,0.0
654,97,0.0
654,1035,0.0
654,783,0.0
654,582,0.0
654,926,0.0
654,1440,0.0
654,1524,0.0
654,134,0.0
654,258,0.0
654,915,0.0
654,516,0.0
654,1986,0.0
654,1774,0.0
654,1317,0.0
654,1870,0.0
654,1634,0.0
654,1463,0.0
654,150,0.0
654,1504,0.0
654,1281,0.0
654,867,0.0
654,1172,0.0
654,973,0.0
654,141,0.0
654,250,0.0
654,957,0.0
654,1769,0.0
654,906,0.0
654,643,0.0
654,1070,0.0
654,1395,0.0
654,93,0.0
654,760,0.0
654,355,0.0
654,531,0.0
654,691,0.0
654,1295,0.0
654,2017,0.0
654,1452,0.0
654,647,0.0
654,1772,0.0
654,701,0.0
654,723,0.0
654,916,0.0
654,63,0.0
655,206,2.5
655,1143,0.0
655,541,0.0
655,559,0.0
655,178,0.0
655,1117,0.0
655,566,0.0
655,747,0.0
655,950,0.0
655,301,0.0
655,1822,0.0
655,1441,0.0
655,1883,0.0
655,585,0.0
655,1475,0.0
655,1440,0.0
655,1847,0.0
655,1977,0.0
655,1145,0.0
655,56,0.0
655,1808,0.0
655,1023,0.0
655,1162,0.0
655,1222,0.0
655,720,0.0
655,2011,0.0
655,1808,0.0
655,1384,0.0
655,1673,0.0
655,409,0.0
655,645,0.0
655,1872,0.0
655,1551,0.0
655,1638,0.0
655,1266,0.0
655,1113,0.0
655,1539,0.0
655,61,0.0
655,1235,0.0
655,247,0.0
655,1727,0.0
655,496,0.0
655,55,0.0
655,2024,0.0
655,458,0.0
655,918,0.0
655,1312,0.0
655,1566,0.0
655,1926,0.0
655,1493,0.0
656,215,2.0
656,366,0.0
656,1014,0.0
656,276,0.0
656,220,0.0
656,1752,0.0
656,1757,0.0
656,60,0.0
656,1126,0.0
656,1208,0.0
656,1930,0.0
656,1170,0.0
656,74,0.0
656,472,0.0
656,1024,0.0
656,415,0.0
656,1492,0.0
656,1388,0.0
656,1868,0.0
656,1697,0.0
656,16,0.0
656,1533,0.0
656,1778,0.0
656,1462,0.0
656,1902,0.0
656,1554,0.0
656,1865,0.0
656,1961,0.0
656,1082,0.0
656,1736,0.0
656,1138,0.0
656,202,0.0
656,1829,0.0
656,1566,0.0
656,1217,0.0
656,471,0.0
656,1129,0.0
656,878,0.0
656,964,0.0
656,817,0.0
656,1149,0.0
656,413,0.0
656,1638,0.0
656,1698,0.0
656,1533,0.0
656,500,0.0
656,1850,0.0
656,120,0.0
656,1775,0.0
656,1936,0.0
657,209,4.0
657,591,0.0
657,839,0.0
657,995,0.0
657,1631,0.0
657,1405,0.0
657,1488,0.0
657,2019,0.0
657,149,0.0
657,351,0.0
657,441,0.0
657,394,0.0
657,1388,0.0
657,5,0.0
657,533,0.0
657,1997,0.0
657,219,0.0
657,870,0.0
657,11,0.0
657,794,0.0
657,1408,0.0
657,703,0.0
657,457,0.0
657,224,0.0
657,335,0.0
657,166,0.0
657,1339,0.0
657,1139,0.0
657,1861,0.0
657,1973,0.0
657,1944,0.0
657,497,0.0
657,147,0.0
657,35,0.0
657,1430,0.0
657,1999,0.0
657,1408,0.0
657,1780,0.0
657,989,0.0
657,1434,0.0
657,307,0.0
657,641,0.0
657,239,0.0
657,916,0.0
657,904,0.0
657,1390,0.0
657,855,0.0
657,303,0.0
657,616,0.0
657,1190,0.0
658,10,4.0
658,1638,0.0
658,1299,0.0
658,1595,0.0
658,679,0.0
658,82,0.0
658,485,0.0
658,1486,0.0
658,5,0.0
658,968,0.0
658,1699,0.0
658,367,0.0
658,470,0.0
658,1737,0.0
658,1472,0.0
658,1930,0.0
658,688,0.0
658,369,0.0
658,1363,0.0
658,1691,0.0
658,277,0.0
658,339,0.0
658,814,0.0
658,613,0.0
658,1103,0.0
658,1729,0.0
658,792,0.0
658,602,0.0
658,66,0.0
658,214,0.0
658,415,0.0
658,1168,0.0
658,551,0.0
658,1747,0.0
658,1309,0.0
658,570,0.0
658,539,0.0
658,1070,0.0
658,1260,0.0
658,116,0.0
658,150,0.0
658,1106,0.0
658,1080,0.0
658,1752,0.0
658,983,0.0
658,1408,0.0
658,1243,0.0
658,1308,0.0
658,1003,0.0
658,1777,0.0
659,1741,2.0
659,257,0.0
659,114,0.0
659,333,0.0
659,348,0.0
659,232,0.0
659,1532,0.0
659,448,0.0
659,1100,0.0
659,2032,0.0
659,827,0.0
659,607,0.0
659,97,0.0
659,567,0.0
659,1653,0.0
659,461,0.0
659,499,0.0
659,630,0.0
659,1061,0.0
659,1720,0.0
659,1381,0.0
659,1265,0.0
659,1074,0.0
659,1448,0.0
659,1998,0.0
659,126,0.0
659,1126,0.0
659,1989,0.0
659,476,0.0
659,1252,0.0
659,722,0.0
659,435,0.0
659,1408,0.0
659,84,0.0
659,1382,0.0
659,785,0.0
659,26,0.0
659,859,0.0
659,71,0.0
659,1118,0.0
659,587,0.0
659,1449,0.0
659,1029,0.0
659,1113,0.0
659,1615,0.0
659,1245,0.0
659,1618,0.0
659,1617,0.0
659,151,0.0
659,1580,0.0
660,246,4.0
660,756,0.0
660,617,0.0
660,197,0.0
660,1450,0.0
660,492,0.0
660,1655,0.0
660,81,0.0
660,1331,0.0
660,1805,0.0
660,1722,0.0
660,1811,0.0
660,373,0.0
660,1587,0.0
660,1482,0.0
660,500,0.0
660,356,0.0
660,1319,0.0
660,579,0.0
660,299,0.0
660,645,0.0
660,1366,0.0
660,119,0.0
660,1592,0.0
660,185,0.0
660,583,0.0
660,1181,0.0
660,1251,0.0
660,307,0.0
660,233,0.0
660,1034,0.0
660,174,0.0
660,772,0.0
660,642,0.0
660,910,0.0
660,1921,0.0
660,1025,0.0
660,760,0.0
660,1735,0.0
660,181,0.0
660,941,0.0
660,349,0.0
660,638,0.0
660,1405,0.0
660,1320,0.0
660,1220,0.0
660,1309,0.0
660,1579,0.0
660,1545,0.0
660,224,0.0
661,83,2.5
661,1232,0.0
661,1926,0.0
661,456,0.0
661,98,0.0
661,1525,0.0
661,1160,0.0
661,1210,0.0
661,35,0.0
661,629,0.0
661,669,0.0
661,1502,0.0
661,786,0.0
661,680,0.0
661,54,0.0
661,1494,0.0
661,1107,0.0
661,1029,0.0
661,890,0.0
661,1386,0.0
661,1879,0.0
661,1006,0.0
661,767,0.0
661,917,0.0
661,1733,0.0
661,2035,0.0
661,663,0.0
661,829,0.0
661,169,0.0
661,1783,0.0
661,248,0.0
661,661,0.0
661,209,0.0
661,911,0.0
661,739,0.0
661,1267,0.0
661,140,0.0
661,631,0.0
661,804,0.0
661,179,0.0
661,919,0.0
661,636,0.0
661,2002,0.0
661,753,0.0
661,1747,0.0
661,986,0.0
661,1040,0.0
661,1039,0.0
661,384,0.0
661,1364,0.0
662,249,3.0
662,632,0.0
662,1565,0.0
662,1457,0.0
662,1569,0.0
662,1668,0.0
662,207,0.0
662,139,0.0
662,587,0.0
662,586,0.0
662,1843,0.0
662,1330,0.0
662,916,0.0
662,966,0.0
662,569,0.0
662,1121,0.0
662,124,0.0
662,1983,0.0
662,1372,0.0
662,133,0.0
662,995,0.0
662,1249,0.0
662,1968,0.0
662,1735,0.0
662,1572,0.0
662,649,0.0
662,1743,0.0
662,705,0.0
662,567,0.0
662,338,0.0
662,838,0.0
662,321,0.0
662,1836,0.0
662,1110,0.0
662,94,0.0
662,195,0.0
662,191,0.0
662,655,0.0
662,521,0.0
662,752,0.0
662,1684,0.0
662,987,0.0
662,1005,0.0
662,1675,0.0
662,12,0.0
662,253,0.0
662,2035,0.0
662,2023,0.0
662,80,0.0
662,1745,0.0
663,3,3.0
663,879,0.0
663,426,0.0
663,3,0.0
663,1642,0.0
663,807,0.0
663,783,0.0
663,502,0.0
663,231,0.0
663,872,0.0
663,749,0.0
663,71,0.0
663,87,0.0
663,527,0.0
663,885,0.0
663,602,0.0
663,449,0.0
663,438,0.0
663,1555,0.0
663,1458,0.0
663,1747,0.0
663,1107,0.0
663,1362,0.0
663,1976,0.0
663,125,0.0
663,562,0.0
663,1041,0.0
663,1996,0.0
663,848,0.0
663,1978,0.0
663,864,0.0
663,1652,0.0
663,1659,0.0
663,1563,0.0
663,1988,0.0
663,923,0.0
663,344,0.0
663,467,0.0
663,980,0.0
663,140,0.0
663,1029,0.0
663,668,0.0
663,1641,0.0
663,630,0.0
663,1672,0.0
663,1564,0.0
663,1701,0.0
663,1088,0.0
663,1079,0.0
663,797,0.0
664,234,3.5
664,729,0.0
664,316,0.0
664,1309,0.0
664,75,0.0
664,973,0.0
664,998,0.0
664,1475,0.0
664,203,0.0
664,1751,0.0
664,423,0.0
664,1758,0.0
664,192,0.0
664,1316,0.0
664,1727,0.0
664,896,0.0
664,1934,0.0
664,780,0.0
664,1436,0.0
664,1462,0.0
664,300,0.0
664,259,0.0
664,1215,0.0
664,1294,0.0
664,1003,0.0
664,615,0.0
664,431,0.0
664,715,0.0
664,695,0.0
664,1240,0.0
664,1114,0.0
664,197,0.0
664,982,0.0
664,1422,0.0
664,38,0.0
664,708,0.0
664,470,0.0
664,78,0.0
664,728,0.0
664,1851,0.0
664,1117,0.0
664,683,0.0
664,42,0.0
664,131,0.0
664,76,0.0
664,1969,0.0
664,1255,0.0
664,38,0.0
664,1589,0.0
664,150,0.0
665,1,3.5
665,96,0.0
665,1999,0.0
665,937,0.0
665,953,0.0
665,1500,0.0
665,1289,0.0
665,574,0.0
665,102,0.0
665,1277,0.0
665,1478,0.0
665,828,0.0
665,512,0.0
665,665,0.0
665,1516,0.0
665,1284,0.0
665,34,0.0
665,1404,0.0
665,396,0.0
665,26,0.0
665,1931,0.0
665,1885,0.0
665,305,0.0
665,1759,0.0
665,698,0.0
665,1694,0.0
665,580,0.0
665,164,0.0
665,1281,0.0
665,101,0.0
665,454,0.0
665,192,0.0
665,1794,0.0
665,915,0.0
665,897,0.0
665,809,0.0
665,298,0.0
665,20,0.0
665,44,0.0
665,1503,0.0
665,495,0.0
665,1811,0.0
665,682,0.0
665,1713,0.0
665,222,0.0
665,298,0.0
665,1504,0.0
665,1047,0.0
665,1361,0.0
665,1107,0.0
666,208,2.0
666,463,0.0
666,1083,0.0
666,214,0.0
666,579,0.0
666,1975,0.0
666,1896,0.0
666,1215,0.0
666,487,0.0
666,224,0.0
666,1415,0.0
666,708,0.0
666,160,0.0
666,1784,0.0
666,1944,0.0
666,454,0.0
666,1134,0.0
666,1926,0.0
666,1082,0.0
666,544,0.0
666,1576,0.0
666,1696,0.0
666,28,0.0
666,766,0.0
666,2027,0.0
666,1958,0.0
666,184,0.0
666,1896,0.0
666,1247,0.0
666,356,0.0
666,491,0.0
666,732,0.0
666,1855,0.0
666,1621,0.0
666,577,0.0
666,113,0.0
666,377,0.0
666,1800,0.0
666,1308,0.0
666,96,0.0
666,841,0.0
666,123,0.0
666,155,0.0
666,109,0.0
666,52,0.0
666,1197,0.0
666,1702,0.0
666,587,0.0
666,1337,0.0
666,725,0.0
667,12,3.5
667,868,0.0
667,1258,0.0
667,1145,0.0
667,423,0.0
667,832,0.0
667,1412,0.0
667,925,0.0
667,1140,0.0
667,1489,0.0
667,1452,0.0
667,868,0.0
667,1015,0.0
667,441,0.0
667,38,0.0
667,907,0.0
667,1185,0.0
667,1644,0.0
667,1549,0.0
667,165,0.0
667,1935,0.0
667,1897,0.0
667,1468,0.0
667,442,0.0
667,330,0.0
667,992,0.0
667,1358,0.0
667,1135,0.0
667,1769,0.0
667,713,0.0
667,834,0.0
667,138,0.0
667,1802,0.0
667,1807,0.0
667,1189,0.0
667,1437,0.0
667,1192,0.0
667,768,0.0
667,123,0.0
667,1573,0.0
667,881,0.0
667,760,0.0
667,1772,0.0
667,1121,0.0
667,1083,0.0
667,1042,0.0
667,1147,0.0
667,225,0.0
667,1978,0.0
667,611,0.0
668,238,3.0
668,1594,0.0
668,1032,0.0
668,1010,0.0
668,196,0.0
668,1140,0.0
668,1033,0.0
668,861,0.0
668,518,0.0
668,348,0.0
668,1729,0.0
668,1427,0.0
668,1658,0.0
668,574,0.0
668,1027,0.0
668,1819,0.0
668,327,0.0
668,1785,0.0
668,511,0.0
668,930,0.0
668,129,0.0
668,1960,0.0
668,1947,0.0
668,586,0.0
668,483,0.0
668,1864,0.0
668,357,0.0
668,384,0.0
668,253,0.0
668,1946,0.0
668,834,0.0
668,1190,0.0
668,1736,0.0
668,1703,0.0
668,795,0.0
668,468,0.0
668,1883,0.0
668,492,0.0
668,919,0.0
668,1361,0.0
668,50,0.0
668,1079,0.0
668,72,0.0
668,1817,0.0
668,599,0.0
668,51,0.0
668,124,0.0
668,261,0.0
668,954,0.0
668,1908,0.0
669,252,3.5
669,1637,0.0
669,1418,0.0
669,555,0.0
669,1142,0.0
669,1723,0.0
669,1766,0.0
669,1004,0.0
669,965,0.0
669,1014,0.0
669,1213,0.0
669,2018,0.0
669,2036,0.0
669,1645,0.0
669,1439,0.0
669,813,0.0
669,1814,0.0
669,105,0.0
669,164,0.0
669,637,0.0
669,1369,0.0
669,1121,0.0
669,1023,0.0
669,1509,0.0
669,2038,0.0
669,330,0.0
669,1393,0.0
669,1465,0.0
669,1143,0.0
669,1876,0.0
669,298,0.0
669,855,0.0
669,1166,0.0
669,706,0.0
669,1665,0.0
669,1990,0.0
669,1924,0.0
669,1972,0.0
669,1964,0.0
669,1639,0.0
669,1116,0.0
669,1320,0.0
669,446,0.0
669,479,0.0
669,733,0.0
669,1735,0.0
669,1823,0.0
669,873,0.0
669,1281,0.0
669,521,0.0
670,10,2.0
670,1444,0.0
670,195,0.0
670,33,0.0
670,1695,0.0
670,1620,0.0
670,1593,0.0
670,1896,0.0
670,407,0.0
670,1800,0.0
670,1320,0.0
670,1943,0.0
670,536,0.0
670,35,0.0
670,1287,0.0
670,1405,0.0
670,113,0.0
670,1640,0.0
670,604,0.0
670,1624,0.0
670,442,0.0
670,1186,0.0
670,37,0.0
670,91,0.0
670,630,0.0
670,1746,0.0
670,671,0.0
670,100,0.0
670,1904,0.0
670,506,0.0
670,178,0.0
670,283,0.0
670,1975,0.0
670,354,0.0
670,1927,0.0
670,1320,0.0
670,1909,0.0
670,1558,0.0
670,1973,0.0
670,487,0.0
670,1005,0.0
670,278,0.0
670,543,0.0
670,649,0.0
670,1616,0.0
670,930,0.0
670,354,0.0
670,1342,0.0
670,194,0.0
670,803,0.0
671,1745,3.0
671,474,0.0
671,1404,0.0
671,1740,0.0
671,1595,0.0
671,85,0.0
671,1959,0.0
671,1166,0.0
671,1886,0.0
671,1030,0.0
671,294,0.0
671,2032,0.0
671,1714,0.0
671,738,0.0
671,1542,0.0
671,1675,0.0
671,525,0.0
671,33,0.0
671,1913,0.0
671,1958,0.0
671,751,0.0
671,1352,0.0
671,1855,0.0
671,1632,0.0
671,779,0.0
671,637,0.0
671,1057,0.0
671,794,0.0
671,405,0.0
671,1041,0.0
671,1453,0.0
671,427,0.0
671,913,0.0
671,292,0.0
671,1926,0.0
671,579,0.0
671,1772,0.0
671,1103,0.0
671,1109,0.0
671,1595,0.0
671,47,0.0
671,1714,0.0
671,1891,0.0
671,83,0.0
671,606,0.0
671,307,0.0
671,251,0.0
671,1504,0.0
671,1868,0.0
671,179,0.0
672,233,4.0
672,145,0.0
672,925,0.0
672,726,0.0
672,164,0.0
672,1134,0.0
672,646,0.0
672,1097,0.0
672,1999,0.0
672,667,0.0
672,1750,0.0
672,353,0.0
672,1297,0.0
672,942,0.0
672,1302,0.0
672,2034,0.0
672,1683,0.0
672,1054,0.0
672,525,0.0
672,1558,0.0
672,509,0.0
672,1537,0.0
672,1948,0.0
672,177,0.0
672,328,0.0
672,1594,0.0
672,800,0.0
672,687,0.0
672,1195,0.0
672,1419,0.0
672,1618,0.0
672,937,0.0
672,979,0.0
672,2020,0.0
672,734,0.0
672,1058,0.0
672,296,0.0
672,1492,0.0
672,1974,0.0
672,1518,0.0
672,621,0.0
672,1258,0.0
672,908,0.0
672,1062,0.0
672,1242,0.0
672,1240,0.0
672,705,0.0
672,1698,0.0
672,627,0.0
672,1863,0.0
673,236,3.5
673,49,0.0
673,668,0.0
673,73,0.0
673,1001,0.0
673,694,0.0
673,1129,0.0
673,1724,0.0
673,1841,0.0
673,1807,0.0
673,1622,0.0
673,1885,0.0
673,1349,0.0
673,683,0.0
673,1787,0.0
673,355,0.0
673,1491,0.0
673,1679,0.0
673,1307,0.0
673,1013,0.0
673,184,0.0
673,153,0.0
673,853,0.0
673,117,0.0
673,266,0.0
673,1408,0.0
673,836,0.0
673,254,0.0
673,1264,0.0
673,170,0.0
673,1965,0.0
673,616,0.0
673,1001,0.0
673,547,0.0
673,1601,0.0
673,1208,0.0
673,1925,0.0
673,701,0.0
673,666,0.0
673,892,0.0
673,409,0.0
673,738,0.0
673,1676,0.0
673,1611,0.0
673,145,0.0
673,1061,0.0
673,489,0.0
673,261,0.0
673,1149,0.0
673,1627,0.0
674,10,2.5
674,1465,0.0
674,1328,0.0
674,1269,0.0
674,1201,0.0
674,1090,0.0
674,276,0.0
674,1231,0.0
674,306,0.0
674,1573,0.0
674,630,0.0
674,537,0.0
674,517,0.0
674,1297,0.0
674,1256,0.0
674,1137,0.0
674,133,0.0
674,1448,0.0
674,824,0.0
674,1713,0.0
674,1048,0.0
674,1583,0.0
674,1303,0.0
674,1949,0.0
674,1366,0.0
674,812,0.0
674,1834,0.0
674,71,0.0
674,1017,0.0
674,951,0.0
674,2032,0.0
674,1224,0.0
674,1349,0.0
674,32,0.0
674,96,0.0
674,1580,0.0
674,262,0.0
674,873,0.0
674,913,0.0
674,1093,0.0
674,1836,0.0
674,292,0.0
674,916,0.0
674,729,0.0
674,1230,0.0
674,171,0.0
674,757,0.0
674,925,0.0
674,1418,0.0
674,1279,0.0
675,188,4.0
675,1457,0.0
675,750,0.0
675,1457,0.0
675,142,0.0
675,528,0.0
675,1308,0.0
675,1028,0.0
675,522,0.0
675,719,0.0
675,1459,0.0
675,417,0.0
675,1104,0.0
675,544,0.0
675,1009,0.0
675,816,0.0
675,1400,0.0
675,158,0.0
675,1809,0.0
675,626,0.0
675,1240,0.0
675,772,0.0
675,1693,0.0
675,1068,0.0
675,1655,0.0
675,1238,0.0
675,1534,0.0
675,127,0.0
675,1277,0.0
675,1573,0.0
675,876,0.0
675,1745,0.0
675,1375,0.0
675,605,0.0
675,540,0.0
675,163,0.0
675,648,0.0
675,1558,0.0
675,130,0.0
675,1621,0.0
675,695,0.0
675,503,0.0
675,1447,0.0
675,1772,0.0
675,183,0.0
675,825,0.0
675,670,0.0
675,981,0.0
675,1546,0.0
675,1022,0.0
676,218,2.0
676,1289,0.0
676,1600,0.0
676,1466,0.0
676,1633,0.0
676,696,0.0
676,749,0.0
676,1508,0.0
676,984,0.0
676,1493,0.0
676,1289,0.0
676,985,0.0
676,1938,0.0
676,1767,0.0
676,1132,0.0
676,1512,0.0
676,1201,0.0
676,248,0.0
676,1859,0.0
676,1895,0.0
676,1028,0.0
676,1180,0.0
676,229,0.0
676,627,0.0
676,1284,0.0
676,827,0.0
676,320,0.0
676,1150,0.0
676,27,0.0
676,850,0.0
676,509,0.0
676,227,0.0
676,640,0.0
676,540,0.0
676,1202,0.0
676,1699,0.0
676,671,0.0
676,1855,0.0
676,909,0.0
676,1311,0.0
676,1517,0.0
676,1288,0.0
676,1490,0.0
676,1418,0.0
676,1455,0.0
676,1458,0.0
676,1411,0.0
676,808,0.0
676,1560,0.0
676,1168,0.0
677,217,2.0
677,199,0.0
677,1769,0.0
677,894,0.0
677,1875,0.0
677,1521,0.0
677,979,0.0
677,1066,0.0
677,81,0.0
677,1562,0.0
677,1327,0.0
677,1604,0.0
677,1222,0.0
677,1429,0.0
677,1953,0.0
677,1450,0.0
677,1484,0.0
677,883,0.0
677,479,0.0
677,727,0.0
677,123,0.0
677,527,0.0
677,1661,0.0
677,525,0.0
677,38,0.0
677,1222,0.0
677,107,0.0
677,267,0.0
677,2003,0.0
677,1376,0.0
677,310,0.0
677,1413,0.0
677,39,0.0
677,1882,0.0
677,780,0.0
677,580,0.0
677,151,0.0
677,1993,0.0
677,186,0.0
677,429,0.0
677,2039,0.0
677,1887,0.0
677,456,0.0
677,752,0.0
677,1250,0.0
677,1451,0.0
677,203,0.0
677,778,0.0
677,117,0.0
677,1852,0.0
678,215,3.5
678,845,0.0
678,2032,0.0
678,283,0.0
678,806,0.0
678,181,0.0
678,1635,0.0
678,1034,0.0
678,1906,0.0
678,744,0.0
678,441,0.0
678,628,0.0
678,1447,0.0
678,1523,0.0
678,387,0.0
678,575,0.0
678,1711,0.0
678,453,0.0
678,2021,0.0
678,1618,0.0
678,926,0.0
678,1025,0.0
678,810,0.0
678,1752,0.0
678,1265,0.0
678,808,0.0
678,1083,0.0
678,367,0.0
678,1738,0.0
678,941,0.0
678,39,0.0
678,1338,0.0
678,556,0.0
678,1321,0.0
678,1654,0.0
678,2027,0.0
678,916,0.0
678,1020,0.0
678,642,0.0
678,449,0.0
678,394,0.0
678,791,0.0
678,1585,0.0
678,87,0.0
678,532,0.0
678,1944,0.0
678,1411,0.0
678,743,0.0
678,380,0.0
678,1578,0.0
679,7,0.5
679,1832,0.0
679,126,0.0
679,39,0.0
679,1095,0.0
679,1770,0.0
679,881,0.0
679,944,0.0
679,2005,0.0
679,246,0.0
679,1829,0.0
679,1270,0.0
679,311,0.0
679,33,0.0
679,128,0.0
679,9,0.0
679,1191,0.0
679,1807,0.0
679,1239,0.0
679,941,0.0
679,1431,0.0
679,1775,0.0
679,1549,0.0
679,1625,0.0
679,934,0.0
679,1041,0.0
679,339,0.0
679,680,0.0
679,1591,0.0
679,1699,0.0
679,1687,0.0
679,1113,0.0
679,1308,0.0
679,2031,0.0
679,533,0.0
679,1290,0.0
679,808,0.0
679,432,0.0
679,757,0.0
679,650,0.0
679,1075,0.0
679,1090,0.0
679,596,0.0
679,249,0.0
679,1354,0.0
679,903,0.0
679,414,0.0
679,1146,0.0
679,1225,0.0
679,5,0.0
680,215,2.5
680,121,0.0
680,201,0.0
680,1743,0.0
680,1810,0.0
680,1989,0.0
680,1625,0.0
680,701,0.0
680,1288,0.0
680,557,0.0
680,1847,0.0
680,1865,0.0
680,1063,0.0
680,578,0.0
680,1136,0.0
680,1362,0.0
680,1085,0.0
680,226,0.0
680,173,0.0
680,1019,0.0
680,1157,0.0
680,1308,0.0
680,1810,0.0
680,1649,0.0
680,1131,0.0
680,142,0.0
680,568,0.0
680,1317,0.0
680,276,0.0
680,1515,0.0
680,1586,0.0
680,1958,0.0
680,1494,0.0
680,275,0.0
680,233,0.0
680,1265,0.0
680,1281,0.0
680,1772,0.0
680,31,0.0
680,1390,0.0
680,1371,0.0
680,759,0.0
680,1155,0.0
680,1798,0.0
680,1794,0.0
680,792,0.0
680,1391,0.0
680,761,0.0
680,264,0.0
680,214,0.0
681,4,3.5
681,195,0.0
681,1383,0.0
681,1795,0.0
681,1122,0.0
681,387,0.0
681,64,0.0
681,1320,0.0
681,1450,0.0
681,222,0.0
681,1780,0.0
681,1718,0.0
681,914,0.0
681,1172,0.0
681,1532,0.0
681,441,0.0
681,1437,0.0
681,1139,0.0
681,902,0.0
681,452,0.0
681,319,0.0
681,769,0.0
681,882,0.0
681,1015,0.0
681,450,0.0
681,895,0.0
681,1102,0.0
681,742,0.0
681,356,0.0
681,1142,0.0
681,1609,0.0
681,1544,0.0
681,1302,0.0
681,781,0.0
681,565,0.0
681,1915,0.0
681,1068,0.0
681,1248,0.0
681,527,0.0
681,723,0.0
681,1735,0.0
681,240,0.0
681,613,0.0
681,1505,0.0
681,94,0.0
681,364,0.0
681,1208,0.0
681,1159,0.0
681,24,0.0
681,1960,0.0
682,242,3.0
682,1896,0.0
682,568,0.0
682,952,0.0
682,1321,0.0
682,1522,0.0
682,560,0.0
682,696,0.0
682,710,0.0
682,529,0.0
682,1221,0.0
682,1530,0.0
682,488,0.0
682,1767,0.0
682,26,0.0
682,1141,0.0
682,1077,0.0
682,503,0.0
682,2024,0.0
682,151,0.0
682,736,0.0
682,478,0.0
682,1185,0.0
682,1685,0.0
682,1239,0.0
682,830,0.0
682,1443,0.0
682,1371,0.0
682,1363,0.0
682,1852,0.0
682,849,0.0
682,553,0.0
682,1375,0.0
682,1696,0.0
682,1609,0.0
682,1928,0.0
682,1398,0.0
682,1560,0.0
682,1932,0.0
682,1326,0.0
682,1265,0.0
682,1401,0.0
682,1708,0.0
682,1412,0.0
682,286,0.0
682,1182,0.0
682,1377,0.0
682,1753,0.0
682,454,0.0
682,1960,0.0
683,234,3.5
683,1879,0.0
683,1278,0.0
683,1068,0.0
683,1008,0.0
683,827,0.0
683,597,0.0
683,1016,0.0
683,200,0.0
683,1382,0.0
683,342,0.0
683,1235,0.0
683,630,0.0
683,297,0.0
683,2004,0.0
683,1178,0.0
683,697,0.0
683,1220,0.0
683,1872,0.0
683,1505,0.0
683,712,0.0
683,929,0.0
683,777,0.0
683,378,0.0
683,747,0.0
683,705,0.0
683,366,0.0
683,1560,0.0
683,770,0.0
683,1953,0.0
683,1094,0.0
683,1051,0.0
683,1416,0.0
683,1546,0.0
683,348,0.0
683,1141,0.0
683,1403,0.0
683,1231,0.0
683,1446,0.0
683,92,0.0
683,140,0.0
683,354,0.0
683,1546,0.0
683,1826,0.0
683,1774,0.0
683,1799,0.0
683,1798,0.0
683,1092,0.0
683,581,0.0
683,1720,0.0
684,206,4.0
684,1139,0.0
684,1394,0.0
684,650,0.0
684,1255,0.0
684,447,0.0
684,1237,0.0
684,207,0.0
684,1001,0.0
684,1125,0.0
684,1833,0.0
684,9,0.0
684,1496,0.0
684,1146,0.0
684,786,0.0
684,3,0.0
684,466,0.0
684,258,0.0
684,720,0.0
684,1933,0.0
684,1801,0.0
684,1797,0.0
684,286,0.0
684,30,0.0
684,1711,0.0
684,520,0.0
684,2036,0.0
684,715,0.0
684,1643,0.0
684,123,0.0
684,1773,0.0
684,921,0.0
684,129,0.0
684,745,0.0
684,515,0.0
684,1503,0.0
684,1755,0.0
684,773,0.0
684,1565,0.0
684,950,0.0
684,1947,0.0
684,1852,0.0
684,76,0.0
684,1206,0.0
684,365,0.0
684,291,0.0
684,1993,0.0
684,1737,0.0
684,1412,0.0
684,156,0.0
685,456,3.0
685,1028,0.0
685,235,0.0
685,235,0.0
685,1849,0.0
685,968,0.0
685,500,0.0
685,1128,0.0
685,1230,0.0
685,238,0.0
685,1854,0.0
685,828,0.0
685,51,0.0
685,107,0.0
685,1380,0.0
685,1056,0.0
685,21,0.0
685,306,0.0
685,10,0.0
685,1662,0.0
685,1465,0.0
685,561,0.0
685,197,0.0
685,1552,0.0
685,1965,0.0
685,1067,0.0
685,1208,0.0
685,388,0.0
685,550,0.0
685,1530,0.0
685,1465,0.0
685,495,0.0
685,504,0.0
685,136,0.0
685,988,0.0
685,1302,0.0
685,1966,0.0
685,163,0.0
685,1566,0.0
685,851,0.0
685,1046,0.0
685,1975,0.0
685,710,0.0
685,506,0.0
685,685,0.0
685,1533,0.0
685,1593,0.0
685,1955,0.0
685,707,0.0
685,1623,0.0
686,429,4.0
686,35,0.0
686,313,0.0
686,1563,0.0
686,550,0.0
686,1345,0.0
686,426,0.0
686,516,0.0
686,2011,0.0
686,652,0.0
686,1763,0.0
686,8,0.0
686,1382,0.0
686,1501,0.0
686,56,0.0
686,282,0.0
686,1468,0.0
686,460,0.0
686,1513,0.0
686,1382,0.0
686,1713,0.0
686,2011,0.0
686,593,0.0
686,929,0.0
686,1620,0.0
686,64,0.0
686,1452,0.0
686,854,0.0
686,801,0.0
686,1891,0.0
686,1480,0.0
686,135,0.0
686,761,0.0
686,1009,0.0
686,1629,0.0
686,1071,0.0
686,1955,0.0
686,611,0.0
686,849,0.0
686,1217,0.0
686,116,0.0
686,778,0.0
686,819,0.0
686,1022,0.0
686,2039,0.0
686,1187,0.0
686,478,0.0
686,1310,0.0
686,535,0.0
686,493,0.0
687,213,4.0
687,93,0.0
687,1877,0.0
687,1204,0.0
687,1344,0.0
687,282,0.0
687,1414,0.0
687,1344,0.0
687,569,0.0
687,24,0.0
687,1839,0.0
687,259,0.0
687,2013,0.0
687,1927,0.0
687,496,0.0
687,1236,0.0
687,114,0.0
687,451,0.0
687,699,0.0
687,771,0.0
687,1671,0.0
687,1513,0.0
687,1625,0.0
687,1756,0.0
687,1551,0.0
687,1682,0.0
687,384,0.0
687,612,0.0
687,1441,0.0
687,988,0.0
687,218,0.0
687,879,0.0
687,556,0.0
687,1086,0.0
687,349,0.0
687,389,0.0
687,803,0.0
687,376,0.0
687,870,0.0
687,65,0.0
687,1142,0.0
687,745,0.0
687,1997,0.0
687,7,0.0
687,1730,0.0
687,1762,0.0
687,26,0.0
687,289,0.0
687,27,0.0
687,1182,0.0
688,1077,3.0
688,902,0.0
688,1912,0.0
688,1237,0.0
688,1480,0.0
688,1610,0.0
688,417,0.0
688,2010,0.0
688,753,0.0
688,1533,0.0
688,661,0.0
688,1346,0.0
688,1201,0.0
688,687,0.0
688,103,0.0
688,1142,0.0
688,711,0.0
688,581,0.0
688,56,0.0
688,1432,0.0
688,577,0.0
688,1935,0.0
688,1081,0.0
688,116,0.0
688,1448,0.0
688,818,0.0
688,1044,0.0
688,78,0.0
688,1847,0.0
688,1889,0.0
688,558,0.0
688,885,0.0
688,1706,0.0
688,1619,0.0
688,107,0.0
688,798,0.0
688,1294,0.0
688,687,0.0
688,1853,0.0
688,1499,0.0
688,69,0.0
688,386,0.0
688,1189,0.0
688,854,0.0
688,1081,0.0
688,1474,0.0
688,244,0.0
688,1068,0.0
688,683,0.0
688,1799,0.0
689,1,3.5
689,1918,0.0
689,798,0.0
689,1198,0.0
689,1467,0.0
689,200,0.0
689,1640,0.0
689,742,0.0
689,97,0.0
689,1126,0.0
689,1576,0.0
689,1969,0.0
689,1174,0.0
689,1291,0.0
689,838,0.0
689,351,0.0
689,466,0.0
689,1301,0.0
689,1591,0.0
689,1039,0.0
689,1977,0.0
689,455,0.0
689,1757,0.0
689,1202,0.0
689,1157,0.0
689,257,0.0
689,61,0.0
689,481,0.0
689,1500,0.0
689,999,0.0
689,634,0.0
689,1065,0.0
689,1396,0.0
689,1396,0.0
689,1322,0.0
689,1075,0.0
689,1402,0.0
689,1977,0.0
689,915,0.0
689,311,0.0
689,578,0.0
689,58,0.0
689,303,0.0
689,34,0.0
689,647,0.0
689,1010,0.0
689,1611,0.0
689,1777,0.0
689,492,0.0
689,490,0.0
690,234,1.5
690,372,0.0
690,1758,0.0
690,468,0.0
690,759,0.0
690,1159,0.0
690,832,0.0
690,1922,0.0
690,1948,0.0
690,1269,0.0
690,69,0.0
690,480,0.0
690,529,0.0
690,489,0.0
690,502,0.0
690,1008,0.0
690,1721,0.0
690,116,0.0
690,1280,0.0
690,1813,0.0
690,606,0.0
690,918,0.0
690,903,0.0
690,1948,0.0
690,427,0.0
690,1138,0.0
690,493,0.0
690,61,0.0
690,1810,0.0
690,1850,0.0
690,496,0.0
690,635,0.0
690,79,0.0
690,1682,0.0
690,484,0.0
690,1045,0.0
690,594,0.0
690,1347,0.0
690,1540,0.0
690,260,0.0
690,1944,0.0
690,1815,0.0
690,128,0.0
690,625,0.0
690,283,0.0
690,1070,0.0
690,1876,0.0
690,1211,0.0
690,18,0.0
690,598,0.0
691,1243,0.5
691,604,0.0
691,1502,0.0
691,1151,0.0
691,1772,0.0
691,16,0.0
691,1576,0.0
691,1496,0.0
691,300,0.0
691,1807,0.0
691,1811,0.0
691,41,0.0
691,1801,0.0
691,51,0.0
691,187,0.0
691,1967,0.0
691,150,0.0
691,1267,0.0
691,1824,0.0
691,1514,0.0
691,1150,0.0
691,1740,0.0
691,408,0.0
691,1841,0.0
691,1892,0.0
691,1635,0.0
691,343,0.0
691,1989,0.0
691,590,0.0
691,1718,0.0
691,1121,0.0
691,1091,0.0
691,845,0.0
691,899,0.0
691,27,0.0
691,1052,0.0
691,1873,0.0
691,633,0.0
691,211,0.0
691,687,0.0
691,1640,0.0
691,1503,0.0
691,71,0.0
691,1514,0.0
691,109,0.0
691,1136,0.0
691,1420,0.0
691,231,0.0
691,2029,0.0
691,42,0.0
692,6,2.5
692,1906,0.0
692,1588,0.0
692,1464,0.0
692,1245,0.0
692,993,0.0
692,1048,0.0
692,1058,0.0
692,668,0.0
692,971,0.0
692,342,0.0
692,987,0.0
692,1389,0.0
692,1680,0.0
692,1359,0.0
692,1456,0.0
692,951,0.0
692,456,0.0
692,898,0.0
692,1813,0.0
692,1502,0.0
692,397,0.0
692,898,0.0
692,1829,0.0
692,342,0.0
692,1812,0.0
692,1714,0.0
692,1303,0.0
692,1375,0.0
692,812,0.0
692,1220,0.0
692,1248,0.0
692,939,0.0
692,46,0.0
692,1208,0.0
692,914,0.0
692,161,0.0
692,1666,0.0
692,294,0.0
692,91,0.0
692,1610,0.0
692,1979,0.0
692,1673,0.0
692,1191,0.0
692,1281,0.0
692,749,0.0
692,556,0.0
692,2022,0.0
692,1946,0.0
692,308,0.0
693,1074,3.5
693,1889,0.0
693,273,0.0
693,1407,0.0
693,207,0.0
693,274,0.0
693,1006,0.0
693,1752,0.0
693,1949,0.0
693,495,0.0
693,901,0.0
693,1562,0.0
693,1550,0.0
693,158,0.0
693,939,0.0
693,1749,0.0
693,459,0.0
693,393,0.0
693,916,0.0
693,942,0.0
693,438,0.0
693,1402,0.0
693,1886,0.0
693,163,0.0
693,638,0.0
693,1353,0.0
693,569,0.0
693,146,0.0
693,982,0.0
693,959,0.0
693,767,0.0
693,109,0.0
693,393,0.0
693,1584,0.0
693,1205,0.0
693,1596,0.0
693,442,0.0
693,2010,0.0
693,746,0.0
693,753,0.0
693,129,0.0
693,1866,0.0
693,1799,0.0
693,1426,0.0
693,504,0.0
693,719,0.0
693,1987,0.0
693,1677,0.0
693,21,0.0
693,1040,0.0
694,251,4.0
694,1265,0.0
694,1465,0.0
694,1856,0.0
694,187,0.0
694,403,0.0
694,1849,0.0
694,426,0.0
694,412,0.0
694,1537,0.0
694,153,0.0
694,202,0.0
694,216,0.0
694,481,0.0
694,1338,0.0
694,1640,0.0
694,1024,0.0
694,765,0.0
694,502,0.0
694,798,0.0
694,805,0.0
694,1301,0.0
694,1217,0.0
694,942,0.0
694,768,0.0
694,761,0.0
694,1271,0.0
694,87,0.0
694,433,0.0
694,419,0.0
694,1276,0.0
694,428,0.0
694,1187,0.0
694,1518,0.0
694,161,0.0
694,506,0.0
694,264,0.0
694,1995,0.0
694,109,0.0
694,1875,0.0
694,899,0.0
694,1742,0.0
694,1342,0.0
694,1155,0.0
694,1156,0.0
694,393,0.0
694,619,0.0
694,683,0.0
694,551,0.0
694,803,0.0
695,253,3.5
695,2035,0.0
695,1974,0.0
695,879,0.0
695,1416,0.0
695,178,0.0
695,1935,0.0
695,948,0.0
695,1529,0.0
695,1850,0.0
695,1836,0.0
695,498,0.0
695,676,0.0
695,1626,0.0
695,1857,0.0
695,1727,0.0
695,291,0.0
695,587,0.0
695,817,0.0
695,98,0.0
695,1630,0.0
695,180,0.0
695,952,0.0
695,1426,0.0
695,1689,0.0
695,373,0.0
695,1891,0.0
695,1859,0.0
695,623,0.0
695,1706,0.0
695,252,0.0
695,1918,0.0
695,862,0.0
695,121,0.0
695,441,0.0
695,1740,0.0
695,244,0.0
695,1662,0.0
695,1514,0.0
695,870,0.0
695,826,0.0
695,1069,0.0
695,451,0.0
695,295,0.0
695,1771,0.0
695,1164,0.0
695,1656,0.0
695,1896,0.0
695,1544,0.0
695,1089,0.0
696,213,3.0
696,129,0.0
696,1776,0.0
696,1408,0.0
696,1616,0.0
696,1048,0.0
696,1284,0.0
696,1583,0.0
696,1421,0.0
696,563,0.0
696,1353,0.0
696,148,0.0
696,1432,0.0
696,1634,0.0
696,578,0.0
696,1019,0.0
696,1745,0.0
696,1783,0.0
696,118,0.0
696,1457,0.0
696,227,0.0
696,614,0.0
696,1824,0.0
696,239,0.0
696,912,0.0
696,1255,0.0
696,965,0.0
696,1313,0.0
696,1177,0.0
696,1705,0.0
696,158,0.0
696,1648,0.0
696,562,0.0
696,475,0.0
696,547,0.0
696,1036,0.0
696,852,0.0
696,1530,0.0
696,217,0.0
696,754,0.0
696,734,0.0
696,1743,0.0
696,990,0.0
696,780,0.0
696,221,0.0
696,287,0.0
696,1924,0.0
696,523,0.0
696,1510,0.0
696,698,0.0
697,206,3.0
697,1368,0.0
697,1242,0.0
697,93,0.0
697,1181,0.0
697,1898,0.0
697,33,0.0
697,800,0.0
697,415,0.0
697,1529,0.0
697,1513,0.0
697,523,0.0
697,232,0.0
697,1622,0.0
697,2041,0.0
697,604,0.0
697,106,0.0
697,1216,0.0
697,1491,0.0
697,521,0.0
697,636,0.0
697,786,0.0
697,1018,0.0
697,1302,0.0
697,1151,0.0
697,340,0.0
697,696,0.0
697,1898,0.0
697,1890,0.0
697,58,0.0
697,2031,0.0
697,2015,0.0
697,1205,0.0
697,585,0.0
697,1537,0.0
697,242,0.0
697,227,0.0
697,559,0.0
697,517,0.0
697,554,0.0
697,1168,0.0
697,126,0.0
697,334,0.0
697,757,0.0
697,1955,0.0
697,1431,0.0
697,120,0.0
697,1767,0.0
697,1911,0.0
697,700,0.0
698,1805,3.5
698,579,0.0
698,875,0.0
698,150,0.0
698,1639,0.0
698,599,0.0
698,94,0.0
698,381,0.0
698,1821,0.0
698,1854,0.0
698,514,0.0
698,1743,0.0
698,929,0.0
698,1637,0.0
698,1883,0.0
698,1712,0.0
698,1451,0.0
698,1448,0.0
698,1839,0.0
698,198,0.0
698,7,0.0
698,1926,0.0
698,1780,0.0
698,804,0.0
698,1974,0.0
698,326,0.0
698,1713,0.0
698,1617,0.0
698,1647,0.0
698,870,0.0
698,1044,0.0
698,1569,0.0
698,254,0.0
698,1456,0.0
698,1528,0.0
698,1050,0.0
698,519,0.0
698,929,0.0
698,529,0.0
698,946,0.0
698,499,0.0
698,1256,0.0
698,1419,0.0
698,2005,0.0
698,1330,0.0
698,509,0.0
698,1726,0.0
698,423,0.0
698,149,0.0
698,1415,0.0
699,251,2.5
699,1922,0.0
699,1697,0.0
699,1688,0.0
699,1437,0.0
699,512,0.0
699,1914,0.0
699,657,0.0
699,672,0.0
699,1928,0.0
699,646,0.0
699,797,0.0
699,76,0.0
699,80,0.0
699,1804,0.0
699,1804,0.0
699,553,0.0
699,635,0.0
699,741,0.0
699,1892,0.0
699,1225,0.0
699,845,0.0
699,1470,0.0
699,106,0.0
699,964,0.0
699,1315,0.0
699,1826,0.0
699,685,0.0
699,940,0.0
699,311,0.0
699,598,0.0
699,1540,0.0
699,683,0.0
699,632,0.0
699,667,0.0
699,598,0.0
699,1449,0.0
699,1633,0.0
699,414,0.0
699,1158,0.0
699,1542,0.0
699,771,0.0
699,1387,0.0
699,383,0.0
699,1055,0.0
699,539,0.0
699,1975,0.0
699,1795,0.0
699,486,0.0
699,1779,0.0
700,594,1.5
700,1923,0.0
700,1172,0.0
700,168,0.0
700,556,0.0
700,984,0.0
700,1107,0.0
700,519,0.0
700,106,0.0
700,884,0.0
700,1288,0.0
700,657,0.0
700,30,0.0
700,1779,0.0
700,1570,0.0
700,246,0.0
700,925,0.0
700,1553,0.0
700,2002,0.0
700,1960,0.0
700,23,0.0
700,497,0.0
700,853,0.0
700,303,0.0
700,1421,0.0
700,1426,0.0
700,315,0.0
700,1884,0.0
700,277,0.0
700,541,0.0
700,1166,0.0
700,788,0.0
700,1433,0.0
700,355,0.0
700,1547,0.0
700,1926,0.0
700,1226,0.0
700,249,0.0
700,102,0.0
700,1491,0.0
700,34,0.0
700,1347,0.0
700,1921,0.0
700,531,0.0
700,558,0.0
700,1619,0.0
700,1291,0.0
700,1076,0.0
700,784,0.0
700,17,0.0
701,9,2.0
701,1716,0.0
701,603,0.0
701,1753,0.0
701,289,0.0
701,601,0.0
701,995,0.0
701,1220,0.0
701,695,0.0
701,1601,0.0
701,1439,0.0
701,609,0.0
701,305,0.0
701,1501,0.0
701,535,0.0
701,1243,0.0
701,1709,0.0
701,1922,0.0
701,756,0.0
701,1649,0.0
701,1013,0.0
701,1801,0.0
701,1925,0.0
701,353,0.0
701,734,0.0
701,1843,0.0
701,234,0.0
701,305,0.0
701,1133,0.0
701,313,0.0
701,947,0.0
701,1036,0.0
701,1660,0.0
701,826,0.0
701,166,0.0
701,52,0.0
701,1209,0.0
701,275,0.0
701,446,0.0
701,351,0.0
701,9,0.0
701,409,0.0
701,146,0.0
701,1500,0.0
701,828,0.0
701,1868,0.0
701,629,0.0
701,1953,0.0
701,851,0.0
701,427,0.0
702,433,3.5
702,497,0.0
702,900,0.0
702,790,0.0
702,104,0.0
702,9,0.0
702,1648,0.0
702,1050,0.0
702,2040,0.0
702,610,0.0
702,768,0.0
702,326,0.0
702,1518,0.0
702,882,0.0
702,1671,0.0
702,906,0.0
702,737,0.0
702,126,0.0
702,1139,0.0
702,923,0.0
702,1825,0.0
702,170,0.0
702,211,0.0
702,923,0.0
702,1968,0.0
702,188,0.0
702,1513,0.0
702,932,0.0
702,386,0.0
702,776,0.0
702,1011,0.0
702,725,0.0
702,1624,0.0
702,1153,0.0
702,22,0.0
702,1202,0.0
702,400,0.0
702,504,0.0
702,920,0.0
702,1995,0.0
702,1434,0.0
702,1555,0.0
702,328,0.0
702,470,0.0
702,1443,0.0
702,411,0.0
702,753,0.0
702,1775,0.0
702,28,0.0
702,244,0.0
703,208,2.0
703,1009,0.0
703,489,0.0
703,1852,0.0
703,1888,0.0
703,423,0.0
703,386,0.0
703,925,0.0
703,239,0.0
703,1687,0.0
703,1474,0.0
703,257,0.0
703,43,0.0
703,1191,0.0
703,1810,0.0
703,1214,0.0
703,663,0.0
703,1585,0.0
703,1299,0.0
703,1848,0.0
703,1006,0.0
703,1392,0.0
703,1329,0.0
703,1630,0.0
703,753,0.0
703,104,0.0
703,953,0.0
703,926,0.0
703,1444,0.0
703,1898,0.0
703,1372,0.0
703,1795,0.0
703,953,0.0
703,1673,0.0
703,1342,0.0
703,1443,0.0
703,694,0.0
703,2018,0.0
703,56,0.0
703,239,0.0
703,980,0.0
703,426,0.0
703,616,0.0
703,576,0.0
703,1001,0.0
703,139,0.0
703,61,0.0
703,151,0.0
703,129,0.0
703,430,0.0
704,7,3.0
704,758,0.0
704,652,0.0
704,817,0.0
704,692,0.0
704,499,0.0
704,1449,0.0
704,1900,0.0
704,1688,0.0
704,1067,0.0
704,1132,0.0
704,1121,0.0
704,1762,0.0
704,1468,0.0
704,1104,0.0
704,1241,0.0
704,148,0.0
704,946,0.0
704,1099,0.0
704,1615,0.0
704,563,0.0
704,62,0.0
704,1619,0.0
704,1973,0.0
704,393,0.0
704,1878,0.0
704,1526,0.0
704,1390,0.0
704,1501,0.0
704,1278,0.0
704,58,0.0
704,519,0.0
704,818,0.0
704,388,0.0
704,587,0.0
704,1449,0.0
704,1013,0.0
704,1613,0.0
704,635,0.0
704,1525,0.0
704,523,0.0
704,279,0.0
704,1068,0.0
704,564,0.0
704,1204,0.0
704,1424,0.0
704,1984,0.0
704,1397,0.0
704,233,0.0
704,185,0.0
705,206,2.5
705,1620,0.0
705,1615,0.0
705,150,0.0
705,755,0.0
705,729,0.0
705,14,0.0
705,100,0.0
705,779,0.0
705,1411,0.0
705,1058,0.0
705,350,0.0
705,956,0.0
705,282,0.0
705,636,0.0
705,1759,0.0
705,1696,0.0
705,524,0.0
705,164,0.0
705,427,0.0
705,1281,0.0
705,933,0.0
705,1828,0.0
705,442,0.0
705,625,0.0
705,1143,0.0
705,68,0.0
705,273,0.0
705,559,0.0
705,848,0.0
705,1345,0.0
705,1968,0.0
705,1385,0.0
705,569,0.0
705,1954,0.0
705,589,0.0
705,498,0.0
705,203,0.0
705,1977,0.0
705,1760,0.0
705,774,0.0
705,1529,0.0
705,1638,0.0
705,1132,0.0
705,1288,0.0
705,1860,0.0
705,387,0.0
705,415,0.0
705,900,0.0
705,1591,0.0
706,16,3.0
706,132,0.0
706,980,0.0
706,1050,0.0
706,936,0.0
706,1280,0.0
706,1586,0.0
706,655,0.0
706,1890,0.0
706,1379,0.0
706,235,0.0
706,1695,0.0
706,988,0.0
706,1382,0.0
706,814,0.0
706,918,0.0
706,1294,0.0
706,1689,0.0
706,1572,0.0
706,1533,0.0
706,1752,0.0
706,438,0.0
706,1665,0.0
706,587,0.0
706,1938,0.0
706,1823,0.0
706,1494,0.0
706,1732,0.0
706,1334,0.0
706,1240,0.0
706,2040,0.0
706,610,0.0
706,1335,0.0
706,1820,0.0
706,229,0.0
706,1644,0.0
706,339,0.0
706,1518,0.0
706,163,0.0
706,115,0.0
706,70,0.0
706,1749,0.0
706,849,0.0
706,1076,0.0
706,1620,0.0
706,341,0.0
706,934,0.0
706,587,0.0
706,778,0.0
706,1783,0.0
707,248,2.5
707,1737,0.0
707,250,0.0
707,1533,0.0
707,386,0.0
707,1620,0.0
707,995,0.0
707,1718,0.0
707,265,0.0
707,1606,0.0
707,21,0.0
707,1430,0.0
707,75,0.0
707,1510,0.0
707,1804,0.0
707,679,0.0
707,890,0.0
707,1932,0.0
707,864,0.0
707,1374,0.0
707,239,0.0
707,50,0.0
707,959,0.0
707,475,0.0
707,1618,0.0
707,2004,0.0
707,863,0.0
707,1625,0.0
707,893,0.0
707,524,0.0
707,156,0.0
707,198,0.0
707,1023,0.0
707,1454,0.0
707,665,0.0
707,1733,0.0
707,735,0.0
707,2019,0.0
707,1141,0.0
707,1686,0.0
707,1779,0.0
707,74,0.0
707,951,0.0
707,724,0.0
707,1810,0.0
707,1889,0.0
707,1008,0.0
707,366,0.0
707,755,0.0
707,1201,0.0
708,209,3.5
708,434,0.0
708,1357,0.0
708,1303,0.0
708,1565,0.0
708,1529,0.0
708,1266,0.0
708,1587,0.0
708,945,0.0
708,1592,0.0
708,701,0.0
708,1102,0.0
708,1908,0.0
708,436,0.0
708,707,0.0
708,1484,0.0
708,1220,0.0
708,1054,0.0
708,1867,0.0
708,29,0.0
708,1136,0.0
708,1673,0.0
708,1757,0.0
708,985,0.0
708,683,0.0
708,389,0.0
708,1690,0.0
708,275,0.0
708,1243,0.0
708,1299,0.0
708,11,0.0
708,1516,0.0
708,1620,0.0
708,1757,0.0
708,48,0.0
708,1715,0.0
708,9,0.0
708,2034,0.0
708,260,0.0
708,319,0.0
708,185,0.0
708,228,0.0
708,1927,0.0
708,669,0.0
708,784,0.0
708,834,0.0
708,20,0.0
708,15,0.0
708,479,0.0
708,1818,0.0
709,254,2.5
709,781,0.0
709,317,0.0
709,1414,0.0
709,150,0.0
709,610,0.0
709,1470,0.0
709,540,0.0
709,149,0.0
709,1231,0.0
709,1372,0.0
709,261,0.0
709,1745,0.0
709,412,0.0
709,1112,0.0
709,1772,0.0
709,1783,0.0
709,1281,0.0
709,491,0.0
709,1727,0.0
709,1631,0.0
709,1571,0.0
709,1119,0.0
709,1000,0.0
709,1427,0.0
709,1462,0.0
709,36,0.0
709,1769,0.0
709,1637,0.0
709,480,0.0
709,179,0.0
709,1348,0.0
709,581,0.0
709,1429,0.0
709,1492,0.0
709,978,0.0
709,1642,0.0
709,1294,0.0
709,353,0.0
709,1582,0.0
709,966,0.0
709,1488,0.0
709,1643,0.0
709,363,0.0
709,68,0.0
709,307,0.0
709,422,0.0
709,513,0.0
709,218,0.0
709,1068,0.0
710,218,3.5
710,818,0.0
710,748,0.0
710,411,0.0
710,1710,0.0
710,1607,0.0
710,383,0.0
710,874,0.0
710,1662,0.0
710,896,0.0
710,707,0.0
710,1208,0.0
710,1685,0.0
710,213,0.0
710,1117,0.0
710,569,0.0
710,218,0.0
710,218,0.0
710,12,0.0
710,422,0.0
710,1818,0.0
710,1446,0.0
710,485,0.0
710,1400,0.0
710,967,0.0
710,1675,0.0
710,1431,0.0
710,785,0.0
710,118,0.0
710,270,0.0
710,1979,0.0
710,911,0.0
710,1120,0.0
710,841,0.0
710,1070,0.0
710,663,0.0
710,1023,0.0
710,172,0.0
710,786,0.0
710,346,0.0
710,236,0.0
710,936,0.0
710,542,0.0
710,1236,0.0
710,1295,0.0
710,406,0.0
710,77,0.0
710,1814,0.0
710,1576,0.0
710,1169,0.0
711,0,2.0
711,1517,0.0
711,1811,0.0
711,1889,0.0
711,2013,0.0
711,72,0.0
711,1097,0.0
711,634,0.0
711,1605,0.0
711,400,0.0
711,1102,0.0
711,992,0.0
711,1271,0.0
711,1210,0.0
711,1973,0.0
711,1676,0.0
711,1833,0.0
711,1579,0.0
711,1782,0.0
711,469,0.0
711,1871,0.0
711,1761,0.0
711,578,0.0
711,455,0.0
711,1299,0.0
711,1788,0.0
711,1838,0.0
711,1815,0.0
711,1202,0.0
711,913,0.0
711,1814,0.0
711,128,0.0
711,378,0.0
711,1138,0.0
711,1345,0.0
711,388,0.0
711,785,0.0
711,463,0.0
711,1225,0.0
711,1652,0.0
711,988,0.0
711,546,0.0
711,408,0.0
711,617,0.0
711,760,0.0
711,1175,0.0
711,652,0.0
711,1428,0.0
711,1001,0.0
711,490,0.0
712,238,3.5
712,669,0.0
712,1513,0.0
712,89,0.0
712,1445,0.0
712,1514,0.0
712,615,0.0
712,562,0.0
712,1277,0.0
712,1130,0.0
712,1317,0.0
712,1534,0.0
712,1259,0.0
712,1521,0.0
712,834,0.0
712,1868,0.0
712,355,0.0
712,616,0.0
712,766,0.0
712,303,0.0
712,1931,0.0
712,1555,0.0
712,1894,0.0
712,1515,0.0
712,583,0.0
712,1140,0.0
712,366,0.0
712,1665,0.0
712,458,0.0
712,119,0.0
712,1236,0.0
712,1764,0.0
712,1206,0.0
712,1669,0.0
712,1362,0.0
712,1501,0.0
712,1517,0.0
712,1254,0.0
712,1919,0.0
712,363,0.0
712,1469,0.0
712,1968,0.0
712,483,0.0
712,851,0.0
712,949,0.0
712,245,0.0
712,1929,0.0
712,1943,0.0
712,763,0.0
712,1248,0.0
713,1288,3.0
713,1704,0.0
713,1549,0.0
713,1966,0.0
713,242,0.0
713,1854,0.0
713,2009,0.0
713,7,0.0
713,1306,0.0
713,622,0.0
713,1575,0.0
713,923,0.0
713,579,0.0
713,1658,0.0
713,1852,0.0
713,165,0.0
713,1226,0.0
713,1663,0.0
713,363,0.0
713,1175,0.0
713,1947,0.0
713,1448,0.0
713,657,0.0
713,1584,0.0
713,1492,0.0
713,1433,0.0
713,514,0.0
713,1274,0.0
713,1100,0.0
713,1445,0.0
713,731,0.0
713,909,0.0
713,1408,0.0
713,1883,0.0
713,1402,0.0
713,1251,0.0
713,117,0.0
713,1009,0.0
713,1290,0.0
713,1258,0.0
713,1191,0.0
713,771,0.0
713,929,0.0
713,1728,0.0
713,695,0.0
713,521,0.0
713,336,0.0
713,1350,0.0
713,1382,0.0
713,447,0.0
714,120,3.5
714,480,0.0
714,1969,0.0
714,1814,0.0
714,1741,0.0
714,1681,0.0
714,1112,0.0
714,1557,0.0
714,1323,0.0
714,43,0.0
714,1060,0.0
714,1542,0.0
714,1497,0.0
714,1303,0.0
714,460,0.0
714,1192,0.0
714,69,0.0
714,212,0.0
714,1606,0.0
714,913,0.0
714,1742,0.0
714,71,0.0
714,827,0.0
714,179,0.0
714,207,0.0
714,176,0.0
714,706,0.0
714,1324,0.0
714,1928,0.0
714,883,0.0
714,750,0.0
714,1177,0.0
714,153,0.0
714,29,0.0
714,1050,0.0
714,975,0.0
714,1263,0.0
714,1778,0.0
714,643,0.0
714,690,0.0
714,1874,0.0
714,97,0.0
714,325,0.0
714,236,0.0
714,1870,0.0
714,137,0.0
714,629,0.0
714,617,0.0
714,1571,0.0
714,1069,0.0
715,931,3.5
715,296,0.0
715,2011,0.0
715,174,0.0
715,968,0.0
715,342,0.0
715,1734,0.0
715,599,0.0
715,170,0.0
715,1060,0.0
715,1658,0.0
715,1224,0.0
715,1087,0.0
715,1509,0.0
715,454,0.0
715,1723,0.0
715,726,0.0
715,1432,0.0
715,886,0.0
715,1005,0.0
715,754,0.0
715,149,0.0
715,1525,0.0
715,1962,0.0
715,635,0.0
715,966,0.0
715,709,0.0
715,1571,0.0
715,1837,0.0
715,277,0.0
715,34,0.0
715,1648,0.0
715,174,0.0
715,1056,0.0
715,1748,0.0
715,714,0.0
715,1420,0.0
715,253,0.0
715,567,0.0
715,322,0.0
715,12,0.0
715,49,0.0
715,1783,0.0
715,1256,0.0
715,952,0.0
715,993,0.0
715,1563,0.0
715,615,0.0
715,865,0.0
715,95,0.0
716,1734,1.0
716,244,0.0
716,1206,0.0
716,1032,0.0
716,1459,0.0
716,1179,0.0
716,829,0.0
716,687,0.0
716,113,0.0
716,1778,0.0
716,166,0.0
716,487,0.0
716,436,0.0
716,222,0.0
716,190,0.0
716,1810,0.0
716,1824,0.0
716,575,0.0
716,793,0.0
716,172,0.0
716,1280,0.0
716,1738,0.0
716,449,0.0
716,1524,0.0
716,1954,0.0
716,76,0.0
716,614,0.0
716,225,0.0
716,1249,0.0
716,738,0.0
716,1631,0.0
716,940,0.0
716,75,0.0
716,1056,0.0
716,1617,0.0
716,68,0.0
716,1874,0.0
716,414,0.0
716,730,0.0
716,1471,0.0
716,361,0.0
716,869,0.0
716,1393,0.0
716,1422,0.0
716,1837,0.0
716,1143,0.0
716,1071,0.0
716,67,0.0
716,1362,0.0
716,1108,0.0
717,0,3.5
717,1698,0.0
717,2029,0.0
717,460,0.0
717,848,0.0
717,1161,0.0
717,1474,0.0
717,1347,0.0
717,472,0.0
717,1764,0.0
717,2026,0.0
717,1637,0.0
717,1500,0.0
717,192,0.0
717,306,0.0
717,1565,0.0
717,1830,0.0
717,758,0.0
717,905,0.0
717,220,0.0
717,171,0.0
717,1183,0.0
717,171,0.0
717,1086,0.0
717,1596,0.0
717,1088,0.0
717,1192,0.0
717,80,0.0
717,758,0.0
717,1291,0.0
717,1403,0.0
717,1793,0.0
717,72,0.0
717,331,0.0
717,1211,0.0
717,1048,0.0
717,2040,0.0
717,227,0.0
717,1141,0.0
717,1468,0.0
717,1131,0.0
717,241,0.0
717,1634,0.0
717,1557,0.0
717,1504,0.0
717,502,0.0
717,1521,0.0
717,1079,0.0
717,1172,0.0
717,1334,0.0
718,212,3.0
718,996,0.0
718,528,0.0
718,1459,0.0
718,1283,0.0
718,958,0.0
718,1268,0.0
718,1841,0.0
718,1361,0.0
718,2011,0.0
718,49,0.0
718,1295,0.0
718,1258,0.0
718,583,0.0
718,1852,0.0
718,1579,0.0
718,913,0.0
718,2037,0.0
718,1329,0.0
718,476,0.0
718,487,0.0
718,79,0.0
718,1309,0.0
718,560,0.0
718,1121,0.0
718,1501,0.0
718,1940,0.0
718,405,0.0
718,1966,0.0
718,536,0.0
718,1749,0.0
718,1591,0.0
718,254,0.0
718,959,0.0
718,1691,0.0
718,486,0.0
718,1696,0.0
718,1217,0.0
718,515,0.0
718,463,0.0
718,779,0.0
718,1936,0.0
718,1527,0.0
718,35,0.0
718,15,0.0
718,2022,0.0
718,918,0.0
718,1991,0.0
718,1912,0.0
718,648,0.0
719,250,3.0
719,595,0.0
719,1013,0.0
719,539,0.0
719,1302,0.0
719,11,0.0
719,1943,0.0
719,1330,0.0
719,363,0.0
719,661,0.0
719,1341,0.0
719,537,0.0
719,1237,0.0
719,313,0.0
719,1478,0.0
719,1422,0.0
719,1775,0.0
719,1245,0.0
719,579,0.0
719,261,0.0
719,495,0.0
719,622,0.0
719,129,0.0
719,1182,0.0
719,791,0.0
719,1314,0.0
719,1838,0.0
719,1566,0.0
719,88,0.0
719,967,0.0
719,1355,0.0
719,629,0.0
719,505,0.0
719,1153,0.0
719,206,0.0
719,1383,0.0
719,1082,0.0
719,1119,0.0
719,1854,0.0
719,1269,0.0
719,1482,0.0
719,1168,0.0
719,1333,0.0
719,1660,0.0
719,1940,0.0
719,533,0.0
719,1404,0.0
719,1376,0.0
719,883,0.0
719,950,0.0
720,6,1.5
720,1741,0.0
720,1923,0.0
720,1815,0.0
720,750,0.0
720,1812,0.0
720,393,0.0
720,1581,0.0
720,2008,0.0
720,197,0.0
720,1487,0.0
720,1144,0.0
720,1323,0.0
720,219,0.0
720,867,0.0
720,1824,0.0
720,93,0.0
720,1315,0.0
720,152,0.0
720,524,0.0
720,1958,0.0
720,718,0.0
720,766,0.0
720,1445,0.0
720,1181,0.0
720,1293,0.0
720,817,0.0
720,1603,0.0
720,256,0.0
720,700,0.0
720,514,0.0
720,1260,0.0
720,1969,0.0
720,444,0.0
720,1955,0.0
720,1667,0.0
720,170,0.0
720,269,0.0
720,600,0.0
720,1638,0.0
720,636,0.0
720,66,0.0
720,774,0.0
720,7,0.0
720,1579,0.0
720,1471,0.0
720,134,0.0
720,1783,0.0
720,815,0.0
720,829,0.0
721,215,2.5
721,436,0.0
721,857,0.0
721,1453,0.0
721,1670,0.0
721,1681,0.0
721,344,0.0
721,2020,0.0
721,148,0.0
721,627,0.0
721,1415,0.0
721,186,0.0
721,19,0.0
721,1361,0.0
721,372,0.0
721,978,0.0
721,1779,0.0
721,66,0.0
721,1462,0.0
721,1085,0.0
721,1509,0.0
721,785,0.0
721,1882,0.0
721,1998,0.0
721,621,0.0
721,1591,0.0
721,84,0.0
721,1429,0.0
721,1799,0.0
721,1418,0.0
721,1642,0.0
721,1547,0.0
721,175,0.0
721,358,0.0
721,830,0.0
721,1562,0.0
721,290,0.0
721,129,0.0
721,1762,0.0
721,478,0.0
721,647,0.0
721,531,0.0
721,263,0.0
721,958,0.0
721,1859,0.0
721,1694,0.0
721,502,0.0
721,1183,0.0
721,908,0.0
721,1877,0.0
722,208,3.5
722,663,0.0
722,442,0.0
722,377,0.0
722,1653,0.0
722,1013,0.0
722,962,0.0
722,572,0.0
722,357,0.0
722,537,0.0
722,620,0.0
722,1903,0.0
722,1830,0.0
722,1233,0.0
722,1794,0.0
722,805,0.0
722,1065,0.0
722,815,0.0
722,2008,0.0
722,12,0.0
722,1624,0.0
722,1623,0.0
722,823,0.0
722,488,0.0
722,1210,0.0
722,1086,0.0
722,1359,0.0
722,554,0.0
722,744,0.0
722,1769,0.0
722,74,0.0
722,764,0.0
722,824,0.0
722,1172,0.0
722,2014,0.0
722,1717,0.0
722,206,0.0
722,692,0.0
722,1708,0.0
722,1264,0.0
722,675,0.0
722,574,0.0
722,893,0.0
722,1258,0.0
722,124,0.0
722,256,0.0
722,1115,0.0
722,736,0.0
722,1730,0.0
722,1910,0.0
723,707,3.5
723,1236,0.0
723,390,0.0
723,280,0.0
723,1976,0.0
723,1675,0.0
723,1694,0.0
723,2030,0.0
723,538,0.0
723,341,0.0
723,673,0.0
723,1653,0.0
723,1360,0.0
723,1018,0.0
723,1098,0.0
723,92,0.0
723,1569,0.0
723,1019,0.0
723,114,0.0
723,1444,0.0
723,1977,0.0
723,112,0.0
723,1391,0.0
723,1083,0.0
723,1305,0.0
723,236,0.0
723,637,0.0
723,1964,0.0
723,1068,0.0
723,1823,0.0
723,1764,0.0
723,1220,0.0
723,723,0.0
723,498,0.0
723,1606,0.0
723,1770,0.0
723,1814,0.0
723,448,0.0
723,1702,0.0
723,194,0.0
723,1708,0.0
723,1218,0.0
723,574,0.0
723,581,0.0
723,1758,0.0
723,309,0.0
723,1818,0.0
723,1884,0.0
723,590,0.0
723,547,0.0
724,206,0.5
724,1595,0.0
724,684,0.0
724,1607,0.0
724,485,0.0
724,1610,0.0
724,833,0.0
724,465,0.0
724,465,0.0
724,21,0.0
724,395,0.0
724,1232,0.0
724,1586,0.0
724,144,0.0
724,419,0.0
724,1372,0.0
724,304,0.0
724,1807,0.0
724,1000,0.0
724,1994,0.0
724,43,0.0
724,106,0.0
724,2028,0.0
724,149,0.0
724,1629,0.0
724,1287,0.0
724,109,0.0
724,1041,0.0
724,749,0.0
724,1359,0.0
724,238,0.0
724,1909,0.0
724,723,0.0
724,742,0.0
724,327,0.0
724,861,0.0
724,1317,0.0
724,1436,0.0
724,460,0.0
724,1104,0.0
724,1278,0.0
724,743,0.0
724,362,0.0
724,1744,0.0
724,1480,0.0
724,897,0.0
724,442,0.0
724,1833,0.0
724,885,0.0
724,983,0.0
725,6,4.0
725,1104,0.0
725,764,0.0
725,2035,0.0
725,651,0.0
725,484,0.0
725,1380,0.0
725,1334,0.0
725,931,0.0
725,505,0.0
725,518,0.0
725,1687,0.0
725,801,0.0
725,1661,0.0
725,448,0.0
725,284,0.0
725,1305,0.0
725,73,0.0
725,1984,0.0
725,44,0.0
725,1552,0.0
725,744,0.0
725,675,0.0
725,1480,0.0
725,2022,0.0
725,574,0.0
725,1430,0.0
725,92,0.0
725,321,0.0
725,465,0.0
725,603,0.0
725,884,0.0
725,1006,0.0
725,553,0.0
725,752,0.0
725,326,0.0
725,1790,0.0
725,1866,0.0
725,1606,0.0
725,1834,0.0
725,727,0.0
725,1846,0.0
725,1591,0.0
725,590,0.0
725,1438,0.0
725,1522,0.0
725,850,0.0
725,439,0.0
725,1656,0.0
725,713,0.0
726,3,4.0
726,1418,0.0
726,1497,0.0
726,138,0.0
726,1214,0.0
726,1988,0.0
726,567,0.0
726,1542,0.0
726,1074,0.0
726,990,0.0
726,1574,0.0
726,297,0.0
726,1095,0.0
726,255,0.0
726,308,0.0
726,90,0.0
726,148,0.0
726,1053,0.0
726,461,0.0
726,634,0.0
726,1408,0.0
726,1772,0.0
726,1815,0.0
726,636,0.0
726,645,0.0
726,517,0.0
726,1918,0.0
726,1396,0.0
726,1220,0.0
726,189,0.0
726,1826,0.0
726,1919,0.0
726,1771,0.0
726,78,0.0
726,1570,0.0
726,815,0.0
726,1905,0.0
726,1896,0.0
726,71,0.0
726,42,0.0
726,802,0.0
726,1156,0.0
726,1822,0.0
726,1129,0.0
726,1694,0.0
726,356,0.0
726,7,0.0
726,1797,0.0
726,1366,0.0
726,436,0.0
727,5,3.5
727,386,0.0
727,904,0.0
727,1523,0.0
727,13,0.0
727,1253,0.0
727,90,0.0
727,1427,0.0
727,1528,0.0
727,3,0.0
727,1021,0.0
727,1687,0.0
727,1242,0.0
727,1611,0.0
727,795,0.0
727,1890,0.0
727,215,0.0
727,1182,0.0
727,1786,0.0
727,1602,0.0
727,1757,0.0
727,703,0.0
727,730,0.0
727,1396,0.0
727,16,0.0
727,1925,0.0
727,494,0.0
727,1642,0.0
727,1489,0.0
727,443,0.0
727,1762,0.0
727,2010,0.0
727,1104,0.0
727,778,0.0
727,165,0.0
727,356,0.0
727,233,0.0
727,1185,0.0
727,174,0.0
727,1695,0.0
727,1386,0.0
727,1399,0.0
727,696,0.0
727,1197,0.0
727,237,0.0
727,1186,0.0
727,987,0.0
727,1013,0.0
727,1941,0.0
727,911,0.0
728,208,2.0
728,186,0.0
728,248,0.0
728,1150,0.0
728,1111,0.0
728,1068,0.0
728,1935,0.0
728,1817,0.0
728,1023,0.0
728,245,0.0
728,926,0.0
728,1434,0.0
728,1241,0.0
728,1450,0.0
728,14,0.0
728,1791,0.0
728,825,0.0
728,688,0.0
728,1358,0.0
728,726,0.0
728,536,0.0
728,491,0.0
728,1859,0.0
728,291,0.0
728,116,0.0
728,591,0.0
728,686,0.0
728,743,0.0
728,1850,0.0
728,1492,0.0
728,947,0.0
728,1575,0.0
728,682,0.0
728,628,0.0
728,1719,0.0
728,592,0.0
728,386,0.0
728,1606,0.0
728,651,0.0
728,192,0.0
728,1706,0.0
728,100,0.0
728,1093,0.0
728,1197,0.0
728,443,0.0
728,1724,0.0
728,432,0.0
728,1238,0.0
728,536,0.0
728,600,0.0
729,4,2.5
729,348,0.0
729,26,0.0
729,637,0.0
729,400,0.0
729,315,0.0
729,1705,0.0
729,1582,0.0
729,367,0.0
729,342,0.0
729,692,0.0
729,1388,0.0
729,1940,0.0
729,903,0.0
729,1096,0.0
729,1145,0.0
729,1888,0.0
729,185,0.0
729,835,0.0
729,318,0.0
729,954,0.0
729,593,0.0
729,991,0.0
729,1565,0.0
729,792,0.0
729,1656,0.0
729,352,0.0
729,354,0.0
729,105,0.0
729,1847,0.0
729,417,0.0
729,1969,0.0
729,641,0.0
729,204,0.0
729,564,0.0
729,1405,0.0
729,1320,0.0
729,1302,0.0
729,188,0.0
729,1750,0.0
729,542,0.0
729,1473,0.0
729,257,0.0
729,452,0.0
729,1595,0.0
729,77,0.0
729,1046,0.0
729,502,0.0
729,184,0.0
729,546,0.0
730,214,3.5
730,416,0.0
730,1106,0.0
730,253,0.0
730,944,0.0
730,4,0.0
730,302,0.0
730,979,0.0
730,1559,0.0
730,1656,0.0
730,606,0.0
730,1451,0.0
730,963,0.0
730,735,0.0
730,1774,0.0
730,1250,0.0
730,1677,0.0
730,1955,0.0
730,1586,0.0
730,389,0.0
730,1680,0.0
730,849,0.0
730,1863,0.0
730,818,0.0
730,1587,0.0
730,11,0.0
730,336,0.0
730,606,0.0
730,1906,0.0
730,128,0.0
730,10,0.0
730,489,0.0
730,271,0.0
730,1380,0.0
730,880,0.0
730,1115,0.0
730,8,0.0
730,886,0.0
730,1146,0.0
730,775,0.0
730,280,0.0
730,457,0.0
730,935,0.0
730,450,0.0
730,1654,0.0
730,1430,0.0
730,1725,0.0
730,790,0.0
730,811,0.0
730,55,0.0
731,238,3.0
731,994,0.0
731,768,0.0
731,1042,0.0
731,544,0.0
731,978,0.0
731,931,0.0
731,90,0.0
731,972,0.0
731,2010,0.0
731,237,0.0
731,461,0.0
731,1047,0.0
731,1250,0.0
731,850,0.0
731,1404,0.0
731,920,0.0
731,906,0.0
731,776,0.0
731,1029,0.0
731,569,0.0
731,611,0.0
731,633,0.0
731,1380,0.0
731,1180,0.0
731,1224,0.0
731,1248,0.0
731,982,0.0
731,462,0.0
731,1802,0.0
731,662,0.0
731,1945,0.0
731,1280,0.0
731,989,0.0
731,1616,0.0
731,430,0.0
731,877,0.0
731,424,0.0
731,1430,0.0
731,1635,0.0
731,104,0.0
731,251,0.0
731,644,0.0
731,1122,0.0
731,177,0.0
731,1288,0.0
731,1155,0.0
731,1222,0.0
731,1728,0.0
731,719,0.0
732,253,3.5
732,1050,0.0
732,647,0.0
732,747,0.0
732,1780,0.0
732,1475,0.0
732,1492,0.0
732,1108,0.0
732,925,0.0
732,12,0.0
732,1593,0.0
732,258,0.0
732,979,0.0
732,1123,0.0
732,615,0.0
732,1284,0.0
732,277,0.0
732,953,0.0
732,1089,0.0
732,1624,0.0
732,807,0.0
732,1623,0.0
732,1401,0.0
732,1540,0.0
732,655,0.0
732,1140,0.0
732,782,0.0
732,498,0.0
732,204,0.0
732,586,0.0
732,1103,0.0
732,1041,0.0
732,1752,0.0
732,1966,0.0
732,613,0.0
732,999,0.0
732,643,0.0
732,820,0.0
732,57,0.0
732,1135,0.0
732,596,0.0
732,1866,0.0
732,1849,0.0
732,1651,0.0
732,314,0.0
732,161,0.0
732,1821,0.0
732,1973,0.0
732,323,0.0
732,717,0.0
733,11,3.0
733,767,0.0
733,1169,0.0
733,414,0.0
733,426,0.0
733,1235,0.0
733,248,0.0
733,1058,0.0
733,838,0.0
733,252,0.0
733,861,0.0
733,1795,0.0
733,818,0.0
733,861,0.0
733,1309,0.0
733,1885,0.0
733,1716,0.0
733,209,0.0
733,2026,0.0
733,109,0.0
733,329,0.0
733,141,0.0
733,675,0.0
733,86,0.0
733,139,0.0
733,1355,0.0
733,673,0.0
733,25,0.0
733,645,0.0
733,1892,0.0
733,1650,0.0
733,1716,0.0
733,910,0.0
733,361,0.0
733,1894,0.0
733,1682,0.0
733,359,0.0
733,1966,0.0
733,1238,0.0
733,995,0.0
733,76,0.0
733,94,0.0
733,956,0.0
733,996,0.0
733,217,0.0
733,1898,0.0
733,367,0.0
733,51,0.0
733,1297,0.0
733,1467,0.0
734,244,1.0
734,21,0.0
734,211,0.0
734,476,0.0
734,465,0.0
734,988,0.0
734,1257,0.0
734,171,0.0
734,1626,0.0
734,674,0.0
734,796,0.0
734,1541,0.0
734,243,0.0
734,420,0.0
734,378,0.0
734,1496,0.0
734,340,0.0
734,953,0.0
734,1983,0.0
734,670,0.0
734,122,0.0
734,871,0.0
734,433,0.0
734,1999,0.0
734,187,0.0
734,1037,0.0
734,69,0.0
734,650,0.0
734,1434,0.0
734,1893,0.0
734,836,0.0
734,590,0.0
734,1829,0.0
734,317,0.0
734,436,0.0
734,1615,0.0
734,1169,0.0
734,1908,0.0
734,1760,0.0
734,226,0.0
734,1405,0.0
734,2038,0.0
734,179,0.0
734,535,0.0
734,1122,0.0
734,1414,0.0
734,269,0.0
734,945,0.0
734,1117,0.0
734,1815,0.0
735,232,2.0
735,1025,0.0
735,949,0.0
735,375,0.0
735,913,0.0
735,565,0.0
735,1189,0.0
735,864,0.0
735,1352,0.0
735,1678,0.0
735,1471,0.0
735,1115,0.0
735,1543,0.0
735,1275,0.0
735,1965,0.0
735,611,0.0
735,1062,0.0
735,435,0.0
735,647,0.0
735,361,0.0
735,1969,0.0
735,561,0.0
735,82,0.0
735,1789,0.0
735,1731,0.0
735,1050,0.0
735,1612,0.0
735,1829,0.0
735,1790,0.0
735,20,0.0
735,1241,0.0
735,1068,0.0
735,953,0.0
735,1430,0.0
735,693,0.0
735,797,0.0
735,478,0.0
735,862,0.0
735,655,0.0
735,1587,0.0
735,762,0.0
735,617,0.0
735,1832,0.0
735,710,0.0
735,336,0.0
735,1815,0.0
735,1171,0.0
735,1638,0.0
735,1434,0.0
735,1537,0.0
736,217,4.0
736,1328,0.0
736,27,0.0
736,1311,0.0
736,354,0.0
736,1990,0.0
736,1862,0.0
736,2004,0.0
736,1567,0.0
736,677,0.0
736,1427,0.0
736,135,0.0
736,1091,0.0
736,153,0.0
736,1486,0.0
736,325,0.0
736,815,0.0
736,1119,0.0
736,1220,0.0
736,107,0.0
736,1069,0.0
736,1209,0.0
736,453,0.0
736,322,0.0
736,284,0.0
736,1106,0.0
736,649,0.0
736,1350,0.0
736,748,0.0
736,448,0.0
736,320,0.0
736,1168,0.0
736,277,0.0
736,611,0.0
736,1037,0.0
736,1285,0.0
736,413,0.0
736,493,0.0
736,46,0.0
736,1760,0.0
736,1939,0.0
736,655,0.0
736,1219,0.0
736,1313,0.0
736,768,0.0
736,1996,0.0
736,431,0.0
736,1543,0.0
736,1813,0.0
736,1347,0.0
737,254,3.5
737,289,0.0
737,1930,0.0
737,696,0.0
737,1258,0.0
737,156,0.0
737,405,0.0
737,1696,0.0
737,1528,0.0
737,1735,0.0
737,1145,0.0
737,1968,0.0
737,1247,0.0
737,2023,0.0
737,876,0.0
737,1046,0.0
737,196,0.0
737,478,0.0
737,284,0.0
737,1541,0.0
737,307,0.0
737,344,0.0
737,1624,0.0
737,1020,0.0
737,990,0.0
737,1913,0.0
737,397,0.0
737,784,0.0
737,1487,0.0
737,795,0.0
737,1800,0.0
737,1138,0.0
737,635,0.0
737,449,0.0
737,771,0.0
737,1427,0.0
737,680,0.0
737,547,0.0
737,228,0.0
737,1669,0.0
737,243,0.0
737,64,0.0
737,1260,0.0
737,945,0.0
737,1983,0.0
737,1026,0.0
737,1523,0.0
737,1060,0.0
737,1644,0.0
737,1001,0.0
738,213,4.0
738,594,0.0
738,1120,0.0
738,1202,0.0
738,866,0.0
738,1171,0.0
738,1820,0.0
738,383,0.0
738,1095,0.0
738,216,0.0
738,1744,0.0
738,832,0.0
738,805,0.0
738,1456,0.0
738,1659,0.0
738,1524,0.0
738,1885,0.0
738,1691,0.0
738,1056,0.0
738,780,0.0
738,215,0.0
738,1963,0.0
738,100,0.0
738,469,0.0
738,179,0.0
738,638,0.0
738,1356,0.0
738,1511,0.0
738,1483,0.0
738,376,0.0
738,680,0.0
738,816,0.0
738,1901,0.0
738,1158,0.0
738,1827,0.0
738,1628,0.0
738,1756,0.0
738,1433,0.0
738,1178,0.0
738,279,0.0
738,1502,0.0
738,1222,0.0
738,848,0.0
738,752,0.0
738,1440,0.0
738,1121,0.0
738,249,0.0
738,913,0.0
738,1128,0.0
738,772,0.0
739,246,3.5
739,781,0.0
739,1031,0.0
739,356,0.0
739,580,0.0
739,1927,0.0
739,138,0.0
739,1534,0.0
739,1271,0.0
739,1564,0.0
739,1206,0.0
739,1748,0.0
739,422,0.0
739,396,0.0
739,831,0.0
739,304,0.0
739,1042,0.0
739,1406,0.0
739,1986,0.0
739,225,0.0
739,1253,0.0
739,850,0.0
739,1631,0.0
739,494,0.0
739,1507,0.0
739,626,0.0
739,1382,0.0
739,1715,0.0
739,1396,0.0
739,1101,0.0
739,326,0.0
739,1299,0.0
739,1375,0.0
739,1901,0.0
739,1205,0.0
739,504,0.0
739,606,0.0
739,1621,0.0
739,1412,0.0
739,606,0.0
739,1358,0.0
739,1003,0.0
739,1469,0.0
739,508,0.0
739,656,0.0
739,1271,0.0
739,1716,0.0
739,1316,0.0
739,530,0.0
739,1161,0.0
740,9,2.0
740,1173,0.0
740,674,0.0
740,1417,0.0
740,654,0.0
740,257,0.0
740,1268,0.0
740,1001,0.0
740,1173,0.0
740,623,0.0
740,98,0.0
740,1126,0.0
740,1746,0.0
740,2030,0.0
740,11,0.0
740,1916,0.0
740,1249,0.0
740,1981,0.0
740,812,0.0
740,1465,0.0
740,1171,0.0
740,178,0.0
740,1030,0.0
740,151,0.0
740,834,0.0
740,581,0.0
740,1376,0.0
740,564,0.0
740,1697,0.0
740,1440,0.0
740,1628,0.0
740,1686,0.0
740,1593,0.0
740,195,0.0
740,324,0.0
740,481,0.0
740,207,0.0
740,935,0.0
740,1326,0.0
740,1322,0.0
740,956,0.0
740,425,0.0
740,1085,0.0
740,1218,0.0
740,566,0.0
740,1386,0.0
740,1584,0.0
740,617,0.0
740,944,0.0
740,1101,0.0
741,206,3.5
741,1503,0.0
741,1994,0.0
741,1327,0.0
741,1305,0.0
741,694,0.0
741,1368,0.0
741,134,0.0
741,1491,0.0
741,360,0.0
741,568,0.0
741,1138,0.0
741,185,0.0
741,477,0.0
741,887,0.0
741,0,0.0
741,849,0.0
741,967,0.0
741,540,0.0
741,1767,0.0
741,1685,0.0
741,991,0.0
741,1447,0.0
741,701,0.0
741,269,0.0
741,1783,0.0
741,897,0.0
741,418,0.0
741,1350,0.0
741,194,0.0
741,1916,0.0
741,254,0.0
741,78,0.0
741,1898,0.0
741,1121,0.0
741,1173,0.0
741,785,0.0
741,813,0.0
741,1873,0.0
741,446,0.0
741,122,0.0
741,1633,0.0
741,675,0.0
741,1581,0.0
741,358,0.0
741,238,0.0
741,1765,0.0
741,804,0.0
741,1779,0.0
741,1553,0.0
742,706,4.0
742,1272,0.0
742,566,0.0
742,629,0.0
742,1885,0.0
742,687,0.0
742,1377,0.0
742,469,0.0
742,724,0.0
742,264,0.0
742,1675,0.0
742,2000,0.0
742,1487,0.0
742,836,0.0
742,850,0.0
742,1464,0.0
742,1307,0.0
742,784,0.0
742,533,0.0
742,1954,0.0
742,368,0.0
742,698,0.0
742,1742,0.0
742,1682,0.0
742,1518,0.0
742,945,0.0
742,153,0.0
742,619,0.0
742,315,0.0
742,1323,0.0
742,1463,0.0
742,2018,0.0
742,810,0.0
742,150,0.0
742,1993,0.0
742,1429,0.0
742,174,0.0
742,1078,0.0
742,778,0.0
742,1334,0.0
742,153,0.0
742,1920,0.0
742,1523,0.0
742,2019,0.0
742,500,0.0
742,1213,0.0
742,505,0.0
742,148,0.0
742,7,0.0
742,1683,0.0
743,218,3.5
743,1206,0.0
743,838,0.0
743,1599,0.0
743,1799,0.0
743,1862,0.0
743,1109,0.0
743,1579,0.0
743,805,0.0
743,1908,0.0
743,1172,0.0
743,771,0.0
743,927,0.0
743,1846,0.0
743,860,0.0
743,955,0.0
743,58,0.0
743,605,0.0
743,1858,0.0
743,4,0.0
743,82,0.0
743,839,0.0
743,1406,0.0
743,548,0.0
743,1502,0.0
743,1050,0.0
743,524,0.0
743,1001,0.0
743,1925,0.0
743,1600,0.0
743,413,0.0
743,714,0.0
743,179,0.0
743,1832,0.0
743,2014,0.0
743,1487,0.0
743,782,0.0
743,900,0.0
743,526,0.0
743,0,0.0
743,270,0.0
743,483,0.0
743,955,0.0
743,1071,0.0
743,693,0.0
743,2022,0.0
743,1206,0.0
743,839,0.0
743,372,0.0
743,1749,0.0
744,10,3.5
744,1867,0.0
744,1905,0.0
744,1944,0.0
744,996,0.0
744,1886,0.0
744,309,0.0
744,1936,0.0
744,943,0.0
744,907,0.0
744,700,0.0
744,477,0.0
744,1537,0.0
744,335,0.0
744,1600,0.0
744,51,0.0
744,545,0.0
744,300,0.0
744,1775,0.0
744,640,0.0
744,1266,0.0
744,355,0.0
744,819,0.0
744,834,0.0
744,1633,0.0
744,587,0.0
744,1847,0.0
744,1465,0.0
744,876,0.0
744,730,0.0
744,1841,0.0
744,1636,0.0
744,1142,0.0
744,1432,0.0
744,1675,0.0
744,1394,0.0
744,736,0.0
744,1790,0.0
744,1096,0.0
744,1472,0.0
744,823,0.0
744,1841,0.0
744,1494,0.0
744,155,0.0
744,770,0.0
744,933,0.0
744,575,0.0
744,1333,0.0
744,1059,0.0
744,247,0.0
745,247,2.5
745,852,0.0
745,1389,0.0
745,948,0.0
745,27,0.0
745,876,0.0
745,1754,0.0
745,900,0.0
745,848,0.0
745,100,0.0
745,57,0.0
745,1047,0.0
745,414,0.0
745,1250,0.0
745,1192,0.0
745,1512,0.0
745,1269,0.0
745,1859,0.0
745,1747,0.0
745,362,0.0
745,1488,0.0
745,1453,0.0
745,1801,0.0
745,420,0.0
745,1940,0.0
745,20,0.0
745,635,0.0
745,1392,0.0
745,463,0.0
745,96,0.0
745,1673,0.0
745,1515,0.0
745,1873,0.0
745,1376,0.0
745,1628,0.0
745,1118,0.0
745,23,0.0
745,379,0.0
745,395,0.0
745,1427,0.0
745,1989,0.0
745,1671,0.0
745,1869,0.0
745,1156,0.0
745,53,0.0
745,1315,0.0
745,1013,0.0
745,1135,0.0
745,421,0.0
745,130,0.0
746,213,4.0
746,232,0.0
746,1539,0.0
746,1311,0.0
746,684,0.0
746,183,0.0
746,250,0.0
746,290,0.0
746,948,0.0
746,797,0.0
746,1382,0.0
746,623,0.0
746,304,0.0
746,349,0.0
746,2000,0.0
746,1362,0.0
746,1971,0.0
746,478,0.0
746,1488,0.0
746,1015,0.0
746,129,0.0
746,186,0.0
746,1444,0.0
746,1519,0.0
746,1564,0.0
746,669,0.0
746,1909,0.0
746,234,0.0
746,277,0.0
746,1125,0.0
746,1482,0.0
746,1760,0.0
746,786,0.0
746,834,0.0
746,1255,0.0
746,1877,0.0
746,273,0.0
746,364,0.0
746,1501,0.0
746,1984,0.0
746,467,0.0
746,1648,0.0
746,1924,0.0
746,1995,0.0
746,650,0.0
746,1751,0.0
746,825,0.0
746,1297,0.0
746,1351,0.0
746,860,0.0
747,1064,3.0
747,1885,0.0
747,1166,0.0
747,422,0.0
747,333,0.0
747,1864,0.0
747,1988,0.0
747,1952,0.0
747,687,0.0
747,1156,0.0
747,1879,0.0
747,263,0.0
747,146,0.0
747,1459,0.0
747,11,0.0
747,1863,0.0
747,1927,0.0
747,54,0.0
747,229,0.0
747,2003,0.0
747,1145,0.0
747,860,0.0
747,1256,0.0
747,161,0.0
747,1617,0.0
747,1984,0.0
747,1994,0.0
747,1582,0.0
747,1899,0.0
747,802,0.0
747,2034,0.0
747,1523,0.0
747,1695,0.0
747,178,0.0
747,1385,0.0
747,1231,0.0
747,1925,0.0
747,904,0.0
747,551,0.0
747,725,0.0
747,1455,0.0
747,1479,0.0
747,1527,0.0
747,1887,0.0
747,1177,0.0
747,2037,0.0
747,1361,0.0
747,292,0.0
747,435,0.0
747,395,0.0
748,206,4.0
748,1090,0.0
748,46,0.0
748,968,0.0
748,1397,0.0
748,821,0.0
748,659,0.0
748,761,0.0
748,1160,0.0
748,1118,0.0
748,237,0.0
748,795,0.0
748,1855,0.0
748,34,0.0
748,1319,0.0
748,1916,0.0
748,869,0.0
748,491,0.0
748,257,0.0
748,386,0.0
748,269,0.0
748,2000,0.0
748,866,0.0
748,1347,0.0
748,1070,0.0
748,605,0.0
748,693,0.0
748,953,0.0
748,1725,0.0
748,1510,0.0
748,1586,0.0
748,1741,0.0
748,1839,0.0
748,410,0.0
748,844,0.0
748,1974,0.0
748,124,0.0
748,211,0.0
748,1392,0.0
748,944,0.0
748,919,0.0
748,1289,0.0
748,134,0.0
748,1907,0.0
748,784,0.0
748,789,0.0
748,314,0.0
748,299,0.0
748,1802,0.0
748,1321,0.0
749,1,4.0
749,447,0.0
749,868,0.0
749,446,0.0
749,431,0.0
749,766,0.0
749,1192,0.0
749,1104,0.0
749,797,0.0
749,1233,0.0
749,1282,0.0
749,987,0.0
749,548,0.0
749,1309,0.0
749,1077,0.0
749,468,0.0
749,368,0.0
749,1747,0.0
749,853,0.0
749,2019,0.0
749,1123,0.0
749,1620,0.0
749,983,0.0
749,724,0.0
749,1926,0.0
749,1799,0.0
749,981,0.0
749,597,0.0
749,1598,0.0
749,1470,0.0
749,1215,0.0
749,413,0.0
749,1505,0.0
749,92,0.0
749,1276,0.0
749,1673,0.0
749,964,0.0
749,560,0.0
749,1656,0.0
749,1062,0.0
749,545,0.0
749,1381,0.0
749,777,0.0
749,1032,0.0
749,187,0.0
749,607,0.0
749,644,0.0
749,674,0.0
749,138,0.0
749,297,0.0
750,120,3.0
750,1656,0.0
750,490,0.0
750,1706,0.0
750,1133,0.0
750,143,0.0
750,1601,0.0
750,833,0.0
750,1220,0.0
750,1069,0.0
750,1172,0.0
750,1595,0.0
750,137,0.0
750,489,0.0
750,401,0.0
750,601,0.0
750,723,0.0
750,680,0.0
750,931,0.0
750,624,0.0
750,340,0.0
750,1601,0.0
750,301,0.0
750,117,0.0
750,1760,0.0
750,150,0.0
750,1190,0.0
750,606,0.0
750,771,0.0
750,1448,0.0
750,1794,0.0
750,996,0.0
750,436,0.0
750,631,0.0
750,1097,0.0
750,361,0.0
750,95,0.0
750,291,0.0
750,1200,0.0
750,26,0.0
750,820,0.0
750,304,0.0
750,722,0.0
750,869,0.0
750,768,0.0
750,985,0.0
750,941,0.0
750,1853,0.0
750,204,0.0
750,866,0.0
751,215,3.5
751,1318,0.0
751,1481,0.0
751,1951,0.0
751,668,0.0
751,1985,0.0
751,894,0.0
751,512,0.0
751,1235,0.0
751,118,0.0
751,384,0.0
751,259,0.0
751,1422,0.0
751,1198,0.0
751,1437,0.0
751,133,0.0
751,101,0.0
751,384,0.0
751,454,0.0
751,1085,0.0
751,959,0.0
751,900,0.0
751,565,0.0
751,1840,0.0
751,6,0.0
751,867,0.0
751,514,0.0
751,331,0.0
751,1402,0.0
751,444,0.0
751,334,0.0
751,1491,0.0
751,1960,0.0
751,660,0.0
751,287,0.0
751,1035,0.0
751,996,0.0
751,1127,0.0
751,1646,0.0
751,1286,0.0
751,1458,0.0
751,172,0.0
751,1630,0.0
751,320,0.0
751,1979,0.0
751,1738,0.0
751,1068,0.0
751,1569,0.0
751,210,0.0
751,906,0.0
752,211,3.5
752,460,0.0
752,1612,0.0
752,968,0.0
752,1348,0.0
752,1233,0.0
752,1767,0.0
752,1148,0.0
752,691,0.0
752,1485,0.0
752,289,0.0
752,1237,0.0
752,1455,0.0
752,1120,0.0
752,919,0.0
752,248,0.0
752,1526,0.0
752,732,0.0
752,524,0.0
752,1528,0.0
752,1841,0.0
752,1114,0.0
752,704,0.0
752,1734,0.0
752,771,0.0
752,575,0.0
752,841,0.0
752,743,0.0
752,1762,0.0
752,2038,0.0
752,166,0.0
752,1274,0.0
752,1470,0.0
752,1209,0.0
752,248,0.0
752,1807,0.0
752,2010,0.0
752,339,0.0
752,1469,0.0
752,1161,0.0
752,108,0.0
752,829,0.0
752,416,0.0
752,1990,0.0
752,425,0.0
752,1067,0.0
752,1965,0.0
752,341,0.0
752,1002,0.0
752,1872,0.0
753,213,3.5
753,885,0.0
753,1136,0.0
753,1667,0.0
753,1439,0.0
753,70,0.0
753,1948,0.0
753,1084,0.0
753,443,0.0
753,968,0.0
753,1337,0.0
753,482,0.0
753,1267,0.0
753,1844,0.0
753,516,0.0
753,1393,0.0
753,316,0.0
753,1044,0.0
753,697,0.0
753,720,0.0
753,230,0.0
753,1549,0.0
753,863,0.0
753,1614,0.0
753,1492,0.0
753,1717,0.0
753,1101,0.0
753,1832,0.0
753,1807,0.0
753,562,0.0
753,768,0.0
753,807,0.0
753,529,0.0
753,289,0.0
753,1241,0.0
753,1980,0.0
753,99,0.0
753,148,0.0
753,1408,0.0
753,1178,0.0
753,1970,0.0
753,394,0.0
753,375,0.0
753,101,0.0
753,1650,0.0
753,781,0.0
753,91,0.0
753,1974,0.0
753,410,0.0
753,405,0.0
754,204,3.0
754,540,0.0
754,826,0.0
754,935,0.0
754,1044,0.0
754,1877,0.0
754,1634,0.0
754,1598,0.0
754,813,0.0
754,644,0.0
754,526,0.0
754,1021,0.0
754,1128,0.0
754,622,0.0
754,850,0.0
754,1359,0.0
754,423,0.0
754,622,0.0
754,1898,0.0
754,1878,0.0
754,3,0.0
754,468,0.0
754,663,0.0
754,1577,0.0
754,886,0.0
754,537,0.0
754,1897,0.0
754,1217,0.0
754,359,0.0
754,519,0.0
754,1096,0.0
754,1985,0.0
754,1101,0.0
754,1683,0.0
754,1857,0.0
754,67,0.0
754,1890,0.0
754,694,0.0
754,1357,0.0
754,84,0.0
754,1519,0.0
754,78,0.0
754,1574,0.0
754,1329,0.0
754,19,0.0
754,1605,0.0
754,155,0.0
754,1140,0.0
754,879,0.0
754,938,0.0
755,1,3.0
755,1473,0.0
755,440,0.0
755,1212,0.0
755,284,0.0
755,103,0.0
755,568,0.0
755,456,0.0
755,310,0.0
755,1907,0.0
755,1707,0.0
755,1407,0.0
755,1691,0.0
755,1188,0.0
755,406,0.0
755,844,0.0
755,580,0.0
755,2015,0.0
755,1499,0.0
755,1081,0.0
755,718,0.0
755,2007,0.0
755,1439,0.0
755,596,0.0
755,1860,0.0
755,1636,0.0
755,1827,0.0
755,1274,0.0
755,1243,0.0
755,1183,0.0
755,186,0.0
755,895,0.0
755,1979,0.0
755,1622,0.0
755,463,0.0
755,1521,0.0
755,329,0.0
755,348,0.0
755,499,0.0
755,1690,0.0
755,1890,0.0
755,489,0.0
755,1004,0.0
755,279,0.0
755,854,0.0
755,1858,0.0
755,1187,0.0
755,1004,0.0
755,397,0.0
755,1091,0.0
756,3,4.0
756,944,0.0
756,538,0.0
756,71,0.0
756,377,0.0
756,1519,0.0
756,1208,0.0
756,133,0.0
756,1197,0.0
756,1816,0.0
756,1633,0.0
756,392,0.0
756,1087,0.0
756,995,0.0
756,414,0.0
756,402,0.0
756,1136,0.0
756,64,0.0
756,1751,0.0
756,865,0.0
756,400,0.0
756,289,0.0
756,1506,0.0
756,1443,0.0
756,1932,0.0
756,1338,0.0
756,1112,0.0
756,758,0.0
756,843,0.0
756,660,0.0
756,356,0.0
756,877,0.0
756,997,0.0
756,1984,0.0
756,751,0.0
756,1541,0.0
756,748,0.0
756,364,0.0
756,266,0.0
756,1871,0.0
756,405,0.0
756,1773,0.0
756,138,0.0
756,1188,0.0
756,1817,0.0
756,1720,0.0
756,665,0.0
756,1129,0.0
756,1172,0.0
756,184,0.0
757,252,3.0
757,1663,0.0
757,1833,0.0
757,189,0.0
757,866,0.0
757,980,0.0
757,1669,0.0
757,980,0.0
757,135,0.0
757,1348,0.0
757,39,0.0
757,1673,0.0
757,1310,0.0
757,2041,0.0
757,255,0.0
757,1821,0.0
757,946,0.0
757,1620,0.0
757,1443,0.0
757,1852,0.0
757,538,0.0
757,1765,0.0
757,1314,0.0
757,1339,0.0
757,1823,0.0
757,857,0.0
757,131,0.0
757,1626,0.0
757,867,0.0
757,740,0.0
757,538,0.0
757,1326,0.0
757,2031,0.0
757,1925,0.0
757,2001,0.0
757,281,0.0
757,491,0.0
757,279,0.0
757,1523,0.0
757,1222,0.0
757,1398,0.0
757,1323,0.0
757,1933,0.0
757,908,0.0
757,665,0.0
757,1322,0.0
757,554,0.0
757,1345,0.0
757,1133,0.0
757,1646,0.0
758,232,3.5
758,1605,0.0
758,1181,0.0
758,1846,0.0
758,1633,0.0
758,1740,0.0
758,85,0.0
758,1925,0.0
758,360,0.0
758,1005,0.0
758,791,0.0
758,1108,0.0
758,358,0.0
758,726,0.0
758,1156,0.0
758,1926,0.0
758,1410,0.0
758,1270,0.0
758,1164,0.0
758,1973,0.0
758,446,0.0
758,1099,0.0
758,1925,0.0
758,1121,0.0
758,1998,0.0
758,1326,0.0
758,1489,0.0
758,1078,0.0
758,304,0.0
758,1976,0.0
758,770,0.0
758,533,0.0
758,34,0.0
758,1563,0.0
758,1512,0.0
758,681,0.0
758,1163,0.0
758,1014,0.0
758,640,0.0
758,1123,0.0
758,989,0.0
758,1396,0.0
758,758,0.0
758,1046,0.0
758,1892,0.0
758,283,0.0
758,112,0.0
758,372,0.0
758,196,0.0
758,1187,0.0
759,206,2.0
759,847,0.0
759,2002,0.0
759,1764,0.0
759,1915,0.0
759,950,0.0
759,1341,0.0
759,639,0.0
759,1861,0.0
759,407,0.0
759,1744,0.0
759,815,0.0
759,1103,0.0
759,1830,0.0
759,175,0.0
759,1768,0.0
759,1014,0.0
759,1861,0.0
759,847,0.0
759,1800,0.0
759,1308,0.0
759,1987,0.0
759,1979,0.0
759,1945,0.0
759,1653,0.0
759,1701,0.0
759,317,0.0
759,409,0.0
759,1165,0.0
759,2018,0.0
759,246,0.0
759,176,0.0
759,810,0.0
759,1367,0.0
759,263,0.0
759,167,0.0
759,1048,0.0
759,702,0.0
759,1923,0.0
759,1550,0.0
759,527,0.0
759,1333,0.0
759,1662,0.0
759,1802,0.0
759,27,0.0
759,1798,0.0
759,1393,0.0
759,1407,0.0
759,1317,0.0
759,663,0.0
760,1,4.0
760,469,0.0
760,5,0.0
760,218,0.0
760,1939,0.0
760,1536,0.0
760,575,0.0
760,1744,0.0
760,512,0.0
760,868,0.0
760,1212,0.0
760,974,0.0
760,1270,0.0
760,768,0.0
760,976,0.0
760,685,0.0
760,620,0.0
760,1595,0.0
760,554,0.0
760,1451,0.0
760,549,0.0
760,362,0.0
760,1793,0.0
760,593,0.0
760,1419,0.0
760,1756,0.0
760,1942,0.0
760,622,0.0
760,1800,0.0
760,1159,0.0
760,433,0.0
760,1871,0.0
760,317,0.0
760,534,0.0
760,1524,0.0
760,1372,0.0
760,1082,0.0
760,777,0.0
760,139,0.0
760,1981,0.0
760,892,0.0
760,627,0.0
760,1227,0.0
760,157,0.0
760,1353,0.0
760,973,0.0
760,195,0.0
760,1454,0.0
760,723,0.0
760,552,0.0
761,252,2.5
761,1059,0.0
761,1406,0.0
761,815,0.0
761,1197,0.0
761,927,0.0
761,646,0.0
761,1353,0.0
761,651,0.0
761,1078,0.0
761,763,0.0
761,2023,0.0
761,278,0.0
761,458,0.0
761,691,0.0
761,524,0.0
761,1739,0.0
761,1478,0.0
761,1844,0.0
761,1598,0.0
761,491,0.0
761,73,0.0
761,1478,0.0
761,818,0.0
761,1977,0.0
761,154,0.0
761,518,0.0
761,374,0.0
761,1329,0.0
761,1943,0.0
761,342,0.0
761,664,0.0
761,43,0.0
761,547,0.0
761,1464,0.0
761,1120,0.0
761,164,0.0
761,745,0.0
761,1126,0.0
761,435,0.0
761,1404,0.0
761,446,0.0
761,1030,0.0
761,1117,0.0
761,443,0.0
761,478,0.0
761,1656,0.0
761,1900,0.0
761,1517,0.0
761,36,0.0
762,217,3.5
762,335,0.0
762,1736,0.0
762,52,0.0
762,1967,0.0
762,1992,0.0
762,1776,0.0
762,1867,0.0
762,686,0.0
762,1065,0.0
762,1283,0.0
762,1392,0.0
762,209,0.0
762,1489,0.0
762,1065,0.0
762,1962,0.0
762,1012,0.0
762,1376,0.0
762,681,0.0
762,893,0.0
762,1282,0.0
762,1978,0.0
762,2021,0.0
762,336,0.0
762,715,0.0
762,1418,0.0
762,848,0.0
762,674,0.0
762,104,0.0
762,1713,0.0
762,702,0.0
762,1147,0.0
762,1733,0.0
762,1122,0.0
762,5,0.0
762,799,0.0
762,1290,0.0
762,1066,0.0
762,1830,0.0
762,652,0.0
762,1292,0.0
762,550,0.0
762,941,0.0
762,673,0.0
762,1218,0.0
762,927,0.0
762,323,0.0
762,615,0.0
762,756,0.0
762,1088,0.0
763,6,3.0
763,733,0.0
763,752,0.0
763,308,0.0
763,147,0.0
763,1925,0.0
763,1020,0.0
763,1078,0.0
763,926,0.0
763,570,0.0
763,1938,0.0
763,1733,0.0
763,1633,0.0
763,667,0.0
763,1785,0.0
763,1932,0.0
763,691,0.0
763,509,0.0
763,585,0.0
763,1596,0.0
763,936,0.0
763,44,0.0
763,1670,0.0
763,1745,0.0
763,85,0.0
763,1805,0.0
763,1315,0.0
763,263,0.0
763,1291,0.0
763,1959,0.0
763,1007,0.0
763,1248,0.0
763,215,0.0
763,1897,0.0
763,230,0.0
763,1725,0.0
763,653,0.0
763,1200,0.0
763,1586,0.0
763,701,0.0
763,1540,0.0
763,1746,0.0
763,706,0.0
763,512,0.0
763,1127,0.0
763,1896,0.0
763,1124,0.0
763,1663,0.0
763,1888,0.0
763,304,0.0
764,4,4.0
764,1060,0.0
764,1549,0.0
764,633,0.0
764,1420,0.0
764,749,0.0
764,395,0.0
764,1590,0.0
764,1947,0.0
764,1045,0.0
764,1363,0.0
764,494,0.0
764,1426,0.0
764,1226,0.0
764,925,0.0
764,949,0.0
764,1369,0.0
764,1038,0.0
764,1053,0.0
764,1052,0.0
764,1787,0.0
764,159,0.0
764,1652,0.0
764,669,0.0
764,619,0.0
764,626,0.0
764,271,0.0
764,419,0.0
764,849,0.0
764,488,0.0
764,175,0.0
764,1254,0.0
764,795,0.0
764,1341,0.0
764,761,0.0
764,466,0.0
764,439,0.0
764,1079,0.0
764,1354,0.0
764,272,0.0
764,701,0.0
764,1044,0.0
764,164,0.0
764,1515,0.0
764,882,0.0
764,1441,0.0
764,2016,0.0
764,1820,0.0
764,1603,0.0
764,991,0.0
765,8,1.5
765,2011,0.0
765,641,0.0
765,1161,0.0
765,82,0.0
765,1947,0.0
765,1710,0.0
765,647,0.0
765,618,0.0
765,150,0.0
765,943,0.0
765,1644,0.0
765,1757,0.0
765,859,0.0
765,318,0.0
765,1868,0.0
765,1270,0.0
765,1060,0.0
765,1291,0.0
765,1609,0.0
765,114,0.0
765,1104,0.0
765,704,0.0
765,725,0.0
765,1550,0.0
765,1359,0.0
765,1107,0.0
765,886,0.0
765,777,0.0
765,809,0.0
765,153,0.0
765,1840,0.0
765,252,0.0
765,501,0.0
765,1942,0.0
765,447,0.0
765,1296,0.0
765,929,0.0
765,1896,0.0
765,824,0.0
765,853,0.0
765,506,0.0
765,131,0.0
765,1734,0.0
765,1348,0.0
765,350,0.0
765,1106,0.0
765,1987,0.0
765,817,0.0
765,125,0.0
766,7,2.0
766,1775,0.0
766,349,0.0
766,1356,0.0
766,1103,0.0
766,1409,0.0
766,1427,0.0
766,1739,0.0
766,2012,0.0
766,1773,0.0
766,1351,0.0
766,1317,0.0
766,1517,0.0
766,183,0.0
766,2030,0.0
766,211,0.0
766,1274,0.0
766,1762,0.0
766,166,0.0
766,1566,0.0
766,1871,0.0
766,1686,0.0
766,1185,0.0
766,1631,0.0
766,1296,0.0
766,874,0.0
766,1559,0.0
766,1442,0.0
766,1653,0.0
766,406,0.0
766,1415,0.0
766,437,0.0
766,1110,0.0
766,404,0.0
766,274,0.0
766,1438,0.0
766,561,0.0
766,1350,0.0
766,111,0.0
766,791,0.0
766,301,0.0
766,135,0.0
766,332,0.0
766,1026,0.0
766,1185,0.0
766,1535,0.0
766,76,0.0
766,184,0.0
766,1909,0.0
766,569,0.0
767,238,4.0
767,765,0.0
767,1944,0.0
767,1168,0.0
767,1340,0.0
767,1586,0.0
767,292,0.0
767,1602,0.0
767,535,0.0
767,633,0.0
767,2037,0.0
767,465,0.0
767,48,0.0
767,2009,0.0
767,660,0.0
767,458,0.0
767,696,0.0
767,761,0.0
767,424,0.0
767,1680,0.0
767,754,0.0
767,876,0.0
767,1893,0.0
767,660,0.0
767,67,0.0
767,508,0.0
767,735,0.0
767,209,0.0
767,703,0.0
767,1323,0.0
767,123,0.0
767,795,0.0
767,291,0.0
767,420,0.0
767,1918,0.0
767,811,0.0
767,49,0.0
767,2009,0.0
767,1904,0.0
767,182,0.0
767,246,0.0
767,1111,0.0
767,649,0.0
767,549,0.0
767,560,0.0
767,71,0.0
767,769,0.0
767,555,0.0
767,1314,0.0
767,503,0.0
768,214,3.5
768,932,0.0
768,1374,0.0
768,1541,0.0
768,1515,0.0
768,407,0.0
768,1531,0.0
768,623,0.0
768,1128,0.0
768,718,0.0
768,551,0.0
768,779,0.0
768,319,0.0
768,1069,0.0
768,1264,0.0
768,1293,0.0
768,666,0.0
768,627,0.0
768,1060,0.0
768,1228,0.0
768,1784,0.0
768,1509,0.0
768,1133,0.0
768,1509,0.0
768,1341,0.0
768,1858,0.0
768,1615,0.0
768,75,0.0
768,1805,0.0
768,609,0.0
768,1521,0.0
768,478,0.0
768,1958,0.0
768,1412,0.0
768,587,0.0
768,1817,0.0
768,592,0.0
768,363,0.0
768,308,0.0
768,1086,0.0
768,266,0.0
768,32,0.0
768,1832,0.0
768,39,0.0
768,685,0.0
768,259,0.0
768,735,0.0
768,1758,0.0
768,266,0.0
768,2000,0.0
769,16,2.5
769,528,0.0
769,1427,0.0
769,1193,0.0
769,877,0.0
769,1198,0.0
769,1097,0.0
769,453,0.0
769,508,0.0
769,1263,0.0
769,95,0.0
769,1537,0.0
769,201,0.0
769,1060,0.0
769,90,0.0
769,232,0.0
769,658,0.0
769,1010,0.0
769,808,0.0
769,911,0.0
769,252,0.0
769,1394,0.0
769,723,0.0
769,1467,0.0
769,440,0.0
769,995,0.0
769,63,0.0
769,4,0.0
769,1681,0.0
769,71,0.0
769,1420,0.0
769,616,0.0
769,329,0.0
769,1571,0.0
769,1170,0.0
769,1438,0.0
769,1791,0.0
769,1763,0.0
769,348,0.0
769,364,0.0
769,790,0.0
769,415,0.0
769,624,0.0
769,506,0.0
769,522,0.0
769,705,0.0
769,1759,0.0
769,249,0.0
769,900,0.0
769,248,0.0
770,206,4.0
770,1308,0.0
770,12,0.0
770,1408,0.0
770,540,0.0
770,689,0.0
770,1316,0.0
770,256,0.0
770,107,0.0
770,1604,0.0
770,1908,0.0
770,1711,0.0
770,182,0.0
770,1777,0.0
770,1729,0.0
770,366,0.0
770,1019,0.0
770,830,0.0
770,1557,0.0
770,861,0.0
770,1546,0.0
770,1308,0.0
770,873,0.0
770,1282,0.0
770,172,0.0
770,1740,0.0
770,759,0.0
770,770,0.0
770,1353,0.0
770,451,0.0
770,1805,0.0
770,470,0.0
770,1104,0.0
770,320,0.0
770,440,0.0
770,398,0.0
770,187,0.0
770,1461,0.0
770,884,0.0
770,1921,0.0
770,849,0.0
770,1471,0.0
770,742,0.0
770,1493,0.0
770,1563,0.0
770,861,0.0
770,1484,0.0
770,2039,0.0
770,1858,0.0
770,514,0.0
771,244,2.0
771,1366,0.0
771,690,0.0
771,733,0.0
771,1910,0.0
771,1040,0.0
771,218,0.0
771,595,0.0
771,190,0.0
771,1414,0.0
771,1462,0.0
771,643,0.0
771,1520,0.0
771,1822,0.0
771,93,0.0
771,1118,0.0
771,1719,0.0
771,1667,0.0
771,1105,0.0
771,339,0.0
771,807,0.0
771,359,0.0
771,2036,0.0
771,111,0.0
771,302,0.0
771,1841,0.0
771,1942,0.0
771,50,0.0
771,805,0.0
771,1928,0.0
771,700,0.0
771,1743,0.0
771,660,0.0
771,1800,0.0
771,1907,0.0
771,1304,0.0
771,1136,0.0
771,35,0.0
771,622,0.0
771,682,0.0
771,1101,0.0
771,848,0.0
771,1563,0.0
771,959,0.0
771,44,0.0
771,872,0.0
771,951,0.0
771,1327,0.0
771,1415,0.0
771,653,0.0
772,448,2.5
772,1371,0.0
772,1928,0.0
772,351,0.0
772,1761,0.0
772,847,0.0
772,47,0.0
772,1269,0.0
772,30,0.0
772,1718,0.0
772,474,0.0
772,476,0.0
772,1280,0.0
772,1149,0.0
772,218,0.0
772,244,0.0
772,1503,0.0
772,442,0.0
772,1674,0.0
772,500,0.0
772,1250,0.0
772,897,0.0
772,1837,0.0
772,768,0.0
772,254,0.0
772,69,0.0
772,454,0.0
772,577,0.0
772,1025,0.0
772,494,0.0
772,2036,0.0
772,324,0.0
772,780,0.0
772,402,0.0
772,850,0.0
772,1838,0.0
772,128,0.0
772,1506,0.0
772,2040,0.0
772,145,0.0
772,1648,0.0
772,2040,0.0
772,1823,0.0
772,1119,0.0
772,500,0.0
772,1479,0.0
772,1802,0.0
772,1427,0.0
772,7,0.0
772,219,0.0
773,252,1.5
773,513,0.0
773,1526,0.0
773,1067,0.0
773,40,0.0
773,837,0.0
773,262,0.0
773,1317,0.0
773,2001,0.0
773,684,0.0
773,1032,0.0
773,1076,0.0
773,1819,0.0
773,1022,0.0
773,127,0.0
773,530,0.0
773,1987,0.0
773,643,0.0
773,524,0.0
773,1755,0.0
773,2040,0.0
773,1802,0.0
773,756,0.0
773,1793,0.0
773,965,0.0
773,1163,0.0
773,893,0.0
773,758,0.0
773,231,0.0
773,932,0.0
773,1591,0.0
773,87,0.0
773,765,0.0
773,1587,0.0
773,1782,0.0
773,1787,0.0
773,636,0.0
773,200,0.0
773,985,0.0
773,1411,0.0
773,360,0.0
773,2027,0.0
773,131,0.0
773,176,0.0
773,1075,0.0
773,1569,0.0
773,21,0.0
773,652,0.0
773,1342,0.0
773,782,0.0
774,1032,3.5
774,1854,0.0
774,1437,0.0
774,1904,0.0
774,1618,0.0
774,1948,0.0
774,1985,0.0
774,475,0.0
774,1479,0.0
774,1752,0.0
774,1737,0.0
774,1813,0.0
774,1954,0.0
774,1961,0.0
774,1175,0.0
774,537,0.0
774,1438,0.0
774,342,0.0
774,1789,0.0
774,1409,0.0
774,1786,0.0
774,1190,0.0
774,1888,0.0
774,1495,0.0
774,139,0.0
774,1252,0.0
774,72,0.0
774,427,0.0
774,1322,0.0
774,1259,0.0
774,1730,0.0
774,2027,0.0
774,982,0.0
774,599,0.0
774,96,0.0
774,477,0.0
774,1701,0.0
774,1021,0.0
774,490,0.0
774,1985,0.0
774,1319,0.0
774,405,0.0
774,714,0.0
774,446,0.0
774,698,0.0
774,1995,0.0
774,1298,0.0
774,1043,0.0
774,1910,0.0
774,584,0.0
775,213,3.5
775,838,0.0
775,319,0.0
775,2036,0.0
775,224,0.0
775,455,0.0
775,650,0.0
775,1312,0.0
775,1304,0.0
775,416,0.0
775,1507,0.0
775,1561,0.0
775,803,0.0
775,778,0.0
775,797,0.0
775,1336,0.0
775,608,0.0
775,1673,0.0
775,2012,0.0
775,792,0.0
775,1631,0.0
775,1987,0.0
775,1014,0.0
775,1080,0.0
775,1146,0.0
775,1766,0.0
775,1313,0.0
775,597,0.0
775,972,0.0
775,1333,0.0
775,1586,0.0
775,1251,0.0
775,5,0.0
775,1466,0.0
775,309,0.0
775,784,0.0
775,1945,0.0
775,855,0.0
775,904,0.0
775,1025,0.0
775,1811,0.0
775,1626,0.0
775,773,0.0
775,753,0.0
775,2010,0.0
775,1398,0.0
775,1269,0.0
775,1495,0.0
775,1614,0.0
775,822,0.0
776,7,1.5
776,1425,0.0
776,832,0.0
776,503,0.0
776,1438,0.0
776,275,0.0
776,325,0.0
776,1279,0.0
776,556,0.0
776,512,0.0
776,1170,0.0
776,294,0.0
776,374,0.0
776,1690,0.0
776,55,0.0
776,911,0.0
776,1997,0.0
776,1249,0.0
776,1542,0.0
776,19,0.0
776,1182,0.0
776,1493,0.0
776,851,0.0
776,590,0.0
776,920,0.0
776,365,0.0
776,0,0.0
776,912,0.0
776,847,0.0
776,1252,0.0
776,724,0.0
776,1306,0.0
776,759,0.0
776,1142,0.0
776,1914,0.0
776,226,0.0
776,1047,0.0
776,701,0.0
776,307,0.0
776,1330,0.0
776,961,0.0
776,568,0.0
776,1517,0.0
776,1531,0.0
776,1334,0.0
776,1844,0.0
776,1112,0.0
776,1298,0.0
776,620,0.0
776,652,0.0
777,499,3.5
777,1968,0.0
777,12,0.0
777,1384,0.0
777,288,0.0
777,430,0.0
777,575,0.0
777,1362,0.0
777,1640,0.0
777,1936,0.0
777,1774,0.0
777,33,0.0
777,1347,0.0
777,1574,0.0
777,1479,0.0
777,1248,0.0
777,640,0.0
777,132,0.0
777,1503,0.0
777,1575,0.0
777,1854,0.0
777,896,0.0
777,1954,0.0
777,981,0.0
777,1244,0.0
777,400,0.0
777,605,0.0
777,610,0.0
777,1083,0.0
777,640,0.0
777,131,0.0
777,392,0.0
777,812,0.0
777,927,0.0
777,580,0.0
777,13,0.0
777,434,0.0
777,473,0.0
777,150,0.0
777,1709,0.0
777,469,0.0
777,410,0.0
777,344,0.0
777,803,0.0
777,1219,0.0
777,543,0.0
777,1096,0.0
777,193,0.0
777,937,0.0
777,1585,0.0
778,120,1.5
778,427,0.0
778,470,0.0
778,865,0.0
778,512,0.0
778,323,0.0
778,1639,0.0
778,254,0.0
778,720,0.0
778,1753,0.0
778,589,0.0
778,1965,0.0
778,50,0.0
778,799,0.0
778,99,0.0
778,1747,0.0
778,463,0.0
778,498,0.0
778,914,0.0
778,236,0.0
778,1830,0.0
778,471,0.0
778,1421,0.0
778,156,0.0
778,297,0.0
778,1037,0.0
778,115,0.0
778,138,0.0
778,74,0.0
778,814,0.0
778,1383,0.0
778,1047,0.0
778,405,0.0
778,1712,0.0
778,950,0.0
778,566,0.0
778,1748,0.0
778,325,0.0
778,1357,0.0
778,328,0.0
778,1698,0.0
778,1323,0.0
778,1699,0.0
778,88,0.0
778,14,0.0
778,1324,0.0
778,633,0.0
778,1341,0.0
778,1883,0.0
778,177,0.0
779,215,3.5
779,1534,0.0
779,536,0.0
779,897,0.0
779,269,0.0
779,1936,0.0
779,1384,0.0
779,615,0.0
779,935,0.0
779,294,0.0
779,1688,0.0
779,1498,0.0
779,1839,0.0
779,882,0.0
779,471,0.0
779,816,0.0
779,1184,0.0
779,1818,0.0
779,44,0.0
779,798,0.0
779,1854,0.0
779,879,0.0
779,677,0.0
779,206,0.0
779,1131,0.0
779,1527,0.0
779,935,0.0
779,441,0.0
779,1088,0.0
779,266,0.0
779,398,0.0
779,1888,0.0
779,1720,0.0
779,1903,0.0
779,223,0.0
779,664,0.0
779,934,0.0
779,1312,0.0
779,1308,0.0
779,1209,0.0
779,225,0.0
779,199,0.0
779,503,0.0
779,10,0.0
779,908,0.0
779,836,0.0
779,1521,0.0
779,978,0.0
779,276,0.0
779,1026,0.0
780,147,3.5
780,801,0.0
780,100,0.0
780,652,0.0
780,86,0.0
780,1929,0.0
780,469,0.0
780,1324,0.0
780,639,0.0
780,1229,0.0
780,1624,0.0
780,1105,0.0
780,1235,0.0
780,118,0.0
780,1883,0.0
780,1159,0.0
780,1796,0.0
780,2004,0.0
780,787,0.0
780,376,0.0
780,427,0.0
780,719,0.0
780,313,0.0
780,1427,0.0
780,242,0.0
780,984,0.0
780,1990,0.0
780,1368,0.0
780,1635,0.0
780,626,0.0
780,1865,0.0
780,1447,0.0
780,15,0.0
780,515,0.0
780,265,0.0
780,1970,0.0
780,559,0.0
780,734,0.0
780,715,0.0
780,19,0.0
780,1823,0.0
780,1729,0.0
780,827,0.0
780,10,0.0
780,1043,0.0
780,278,0.0
780,894,0.0
780,332,0.0
780,1570,0.0
780,1424,0.0
781,10,4.0
781,1475,0.0
781,930,0.0
781,454,0.0
781,985,0.0
781,543,0.0
781,2026,0.0
781,864,0.0
781,373,0.0
781,1047,0.0
781,1329,0.0
781,373,0.0
781,1210,0.0
781,960,0.0
781,2012,0.0
781,639,0.0
781,111,0.0
781,492,0.0
781,293,0.0
781,421,0.0
781,148,0.0
781,150,0.0
781,1197,0.0
781,1220,0.0
781,1278,0.0
781,1437,0.0
781,167,0.0
781,1105,0.0
781,69,0.0
781,1860,0.0
781,425,0.0
781,1425,0.0
781,1978,0.0
781,524,0.0
781,1654,0.0
781,211,0.0
781,101,0.0
781,1812,0.0
781,1731,0.0
781,1612,0.0
781,1361,0.0
781,332,0.0
781,204,0.0
781,1510,0.0
781,228,0.0
781,1212,0.0
781,1122,0.0
781,1957,0.0
781,1959,0.0
781,1434,0.0
782,231,2.0
782,1383,0.0
782,2011,0.0
782,309,0.0
782,473,0.0
782,735,0.0
782,635,0.0
782,1775,0.0
782,1969,0.0
782,875,0.0
782,299,0.0
782,340,0.0
782,1027,0.0
782,634,0.0
782,553,0.0
782,1192,0.0
782,419,0.0
782,1303,0.0
782,736,0.0
782,388,0.0
782,1208,0.0
782,1346,0.0
782,10,0.0
782,1708,0.0
782,607,0.0
782,277,0.0
782,1162,0.0
782,1017,0.0
782,1701,0.0
782,1722,0.0
782,1109,0.0
782,1923,0.0
782,230,0.0
782,1474,0.0
782,2037,0.0
782,137,0.0
782,996,0.0
782,530,0.0
782,1361,0.0
782,1179,0.0
782,606,0.0
782,1040,0.0
782,791,0.0
782,1920,0.0
782,1284,0.0
782,1183,0.0
782,1332,0.0
782,80,0.0
782,696,0.0
782,212,0.0
783,775,3.5
783,908,0.0
783,1872,0.0
783,395,0.0
783,976,0.0
783,0,0.0
783,7,0.0
783,143,0.0
783,1678,0.0
783,274,0.0
783,1688,0.0
783,286,0.0
783,489,0.0
783,1665,0.0
783,632,0.0
783,1594,0.0
783,728,0.0
783,30,0.0
783,963,0.0
783,1475,0.0
783,243,0.0
783,139,0.0
783,400,0.0
783,724,0.0
783,1564,0.0
783,981,0.0
783,163,0.0
783,103,0.0
783,1999,0.0
783,62,0.0
783,14,0.0
783,1821,0.0
783,1517,0.0
783,178,0.0
783,1546,0.0
783,440,0.0
783,524,0.0
783,726,0.0
783,1511,0.0
783,310,0.0
783,2024,0.0
783,737,0.0
783,1598,0.0
783,1790,0.0
783,2003,0.0
783,129,0.0
783,967,0.0
783,1489,0.0
783,1975,0.0
783,1525,0.0
784,213,4.0
784,904,0.0
784,343,0.0
784,1424,0.0
784,603,0.0
784,1318,0.0
784,1590,0.0
784,195,0.0
784,892,0.0
784,732,0.0
784,1836,0.0
784,155,0.0
784,439,0.0
784,100,0.0
784,1948,0.0
784,747,0.0
784,499,0.0
784,1308,0.0
784,1092,0.0
784,1802,0.0
784,385,0.0
784,1475,0.0
784,137,0.0
784,247,0.0
784,102,0.0
784,1643,0.0
784,1735,0.0
784,509,0.0
784,1398,0.0
784,726,0.0
784,1178,0.0
784,86,0.0
784,879,0.0
784,1505,0.0
784,930,0.0
784,1232,0.0
784,1006,0.0
784,1201,0.0
784,1609,0.0
784,1013,0.0
784,257,0.0
784,272,0.0
784,862,0.0
784,847,0.0
784,1047,0.0
784,824,0.0
784,1606,0.0
784,594,0.0
784,399,0.0
784,352,0.0
785,232,3.5
785,2030,0.0
785,1907,0.0
785,1943,0.0
785,1647,0.0
785,680,0.0
785,615,0.0
785,1983,0.0
785,522,0.0
785,1882,0.0
785,328,0.0
785,271,0.0
785,13,0.0
785,174,0.0
785,157,0.0
785,621,0.0
785,1687,0.0
785,233,0.0
785,140,0.0
785,1504,0.0
785,118,0.0
785,381,0.0
785,1544,0.0
785,688,0.0
785,1433,0.0
785,48,0.0
785,1833,0.0
785,1964,0.0
785,1393,0.0
785,1356,0.0
785,148,0.0
785,156,0.0
785,603,0.0
785,151,0.0
785,1484,0.0
785,375,0.0
785,681,0.0
785,595,0.0
785,1894,0.0
785,1862,0.0
785,1448,0.0
785,1071,0.0
785,1358,0.0
785,1752,0.0
785,2018,0.0
785,588,0.0
785,1022,0.0
785,1578,0.0
785,775,0.0
785,1492,0.0
786,217,3.5
786,1746,0.0
786,1224,0.0
786,164,0.0
786,560,0.0
786,2031,0.0
786,1931,0.0
786,1156,0.0
786,581,0.0
786,1907,0.0
786,118,0.0
786,1674,0.0
786,1778,0.0
786,692,0.0
786,1509,0.0
786,1206,0.0
786,1481,0.0
786,334,0.0
786,1585,0.0
786,1716,0.0
786,636,0.0
786,230,0.0
786,310,0.0
786,1883,0.0
786,2,0.0
786,1911,0.0
786,1935,0.0
786,684,0.0
786,80,0.0
786,1955,0.0
786,1298,0.0
786,387,0.0
786,826,0.0
786,1368,0.0
786,218,0.0
786,651,0.0
786,62,0.0
786,439,0.0
786,1050,0.0
786,707,0.0
786,1404,0.0
786,1687,0.0
786,2000,0.0
786,1787,0.0
786,1271,0.0
786,1177,0.0
786,209,0.0
786,1045,0.0
786,1605,0.0
786,1042,0.0
787,6,3.5
787,1013,0.0
787,680,0.0
787,1848,0.0
787,1515,0.0
787,951,0.0
787,1311,0.0
787,414,0.0
787,752,0.0
787,1423,0.0
787,415,0.0
787,875,0.0
787,809,0.0
787,889,0.0
787,1825,0.0
787,1506,0.0
787,1274,0.0
787,676,0.0
787,399,0.0
787,852,0.0
787,140,0.0
787,377,0.0
787,1143,0.0
787,1361,0.0
787,449,0.0
787,887,0.0
787,1184,0.0
787,1128,0.0
787,849,0.0
787,91,0.0
787,484,0.0
787,1442,0.0
787,420,0.0
787,715,0.0
787,551,0.0
787,903,0.0
787,1077,0.0
787,600,0.0
787,1670,0.0
787,1537,0.0
787,1120,0.0
787,1591,0.0
787,2016,0.0
787,1895,0.0
787,1659,0.0
787,184,0.0
787,1456,0.0
787,1494,0.0
787,964,0.0
787,1148,0.0
788,213,2.0
788,1596,0.0
788,567,0.0
788,1243,0.0
788,605,0.0
788,551,0.0
788,336,0.0
788,318,0.0
788,1976,0.0
788,1783,0.0
788,465,0.0
788,728,0.0
788,899,0.0
788,1177,0.0
788,350,0.0
788,1085,0.0
788,1483,0.0
788,949,0.0
788,1263,0.0
788,189,0.0
788,1169,0.0
788,1545,0.0
788,1315,0.0
788,1665,0.0
788,1083,0.0
788,1496,0.0
788,686,0.0
788,72,0.0
788,1262,0.0
788,415,0.0
788,1988,0.0
788,178,0.0
788,1090,0.0
788,1616,0.0
788,76,0.0
788,247,0.0
788,706,0.0
788,987,0.0
788,67,0.0
788,849,0.0
788,1591,0.0
788,1122,0.0
788,1805,0.0
788,1935,0.0
788,587,0.0
788,842,0.0
788,1601,0.0
788,1568,0.0
788,780,0.0
788,1565,0.0
789,234,3.5
789,733,0.0
789,1851,0.0
789,376,0.0
789,1353,0.0
789,394,0.0
789,1195,0.0
789,469,0.0
789,770,0.0
789,1445,0.0
789,1279,0.0
789,1703,0.0
789,2006,0.0
789,2028,0.0
789,1143,0.0
789,18,0.0
789,807,0.0
789,1844,0.0
789,246,0.0
789,1228,0.0
789,1443,0.0
789,1090,0.0
789,341,0.0
789,344,0.0
789,1939,0.0
789,923,0.0
789,1720,0.0
789,386,0.0
789,341,0.0
789,107,0.0
789,676,0.0
789,632,0.0
789,997,0.0
789,1425,0.0
789,595,0.0
789,1325,0.0
789,1796,0.0
789,1130,0.0
789,1658,0.0
789,584,0.0
789,476,0.0
789,336,0.0
789,1483,0.0
789,312,0.0
789,1177,0.0
789,1824,0.0
789,608,0.0
789,1827,0.0
789,1372,0.0
789,789,0.0
790,8,0.5
790,883,0.0
790,1137,0.0
790,1120,0.0
790,1405,0.0
790,1399,0.0
790,982,0.0
790,505,0.0
790,1345,0.0
790,327,0.0
790,348,0.0
790,1193,0.0
790,306,0.0
790,198,0.0
790,1200,0.0
790,1147,0.0
790,1180,0.0
790,606,0.0
790,1309,0.0
790,610,0.0
790,920,0.0
790,1902,0.0
790,1987,0.0
790,1904,0.0
790,234,0.0
790,1725,0.0
790,1317,0.0
790,784,0.0
790,841,0.0
790,1920,0.0
790,1041,0.0
790,958,0.0
790,1197,0.0
790,1426,0.0
790,380,0.0
790,1841,0.0
790,1143,0.0
790,767,0.0
790,95,0.0
790,1845,0.0
790,30,0.0
790,96,0.0
790,1493,0.0
790,704,0.0
790,1768,0.0
790,1069,0.0
790,1826,0.0
790,235,0.0
790,1584,0.0
790,336,0.0
791,1,3.5
791,1316,0.0
791,445,0.0
791,1422,0.0
791,1537,0.0
791,1418,0.0
791,863,0.0
791,1757,0.0
791,1040,0.0
791,2007,0.0
791,1964,0.0
791,1731,0.0
791,1655,0.0
791,1265,0.0
791,1980,0.0
791,685,0.0
791,1567,0.0
791,1810,0.0
791,1730,0.0
791,1027,0.0
791,280,0.0
791,968,0.0
791,532,0.0
791,1494,0.0
791,1261,0.0
791,604,0.0
791,477,0.0
791,88,0.0
791,1136,0.0
791,1756,0.0
791,609,0.0
791,141,0.0
791,661,0.0
791,559,0.0
791,50,0.0
791,207,0.0
791,522,0.0
791,1531,0.0
791,1978,0.0
791,1293,0.0
791,1286,0.0
791,708,0.0
791,1209,0.0
791,807,0.0
791,1244,0.0
791,80,0.0
791,1757,0.0
791,408,0.0
791,973,0.0
791,890,0.0
792,2,3.0
792,355,0.0
792,1812,0.0
792,744,0.0
792,1999,0.0
792,2015,0.0
792,1019,0.0
792,532,0.0
792,372,0.0
792,1435,0.0
792,1275,0.0
792,1938,0.0
792,1015,0.0
792,13,0.0
792,214,0.0
792,535,0.0
792,1043,0.0
792,927,0.0
792,1511,0.0
792,1737,0.0
792,435,0.0
792,1344,0.0
792,990,0.0
792,1075,0.0
792,356,0.0
792,1721,0.0
792,718,0.0
792,871,0.0
792,606,0.0
792,1371,0.0
792,777,0.0
792,325,0.0
792,526,0.0
792,686,0.0
792,218,0.0
792,521,0.0
792,404,0.0
792,1042,0.0
792,579,0.0
792,789,0.0
792,1854,0.0
792,293,0.0
792,14,0.0
792,325,0.0
792,1649,0.0
792,970,0.0
792,1835,0.0
792,157,0.0
792,1127,0.0
792,1815,0.0
793,494,4.0
793,717,0.0
793,1127,0.0
793,113,0.0
793,1723,0.0
793,1294,0.0
793,562,0.0
793,305,0.0
793,1757,0.0
793,622,0.0
793,54,0.0
793,523,0.0
793,433,0.0
793,189,0.0
793,388,0.0
793,666,0.0
793,1358,0.0
793,345,0.0
793,264,0.0
793,871,0.0
793,1127,0.0
793,1698,0.0
793,140,0.0
793,748,0.0
793,555,0.0
793,238,0.0
793,1453,0.0
793,1632,0.0
793,1121,0.0
793,1910,0.0
793,835,0.0
793,1484,0.0
793,969,0.0
793,564,0.0
793,620,0.0
793,256,0.0
793,1034,0.0
793,177,0.0
793,1416,0.0
793,1317,0.0
793,982,0.0
793,396,0.0
793,1412,0.0
793,536,0.0
793,637,0.0
793,265,0.0
793,1156,0.0
793,1301,0.0
793,1577,0.0
793,984,0.0
794,758,3.0
794,1770,0.0
794,1776,0.0
794,1663,0.0
794,983,0.0
794,1045,0.0
794,1590,0.0
794,1950,0.0
794,1865,0.0
794,46,0.0
794,745,0.0
794,538,0.0
794,1407,0.0
794,1505,0.0
794,1071,0.0
794,678,0.0
794,983,0.0
794,1940,0.0
794,1806,0.0
794,1104,0.0
794,1653,0.0
794,44,0.0
794,274,0.0
794,1716,0.0
794,984,0.0
794,1334,0.0
794,231,0.0
794,85,0.0
794,1128,0.0
794,1778,0.0
794,176,0.0
794,1769,0.0
794,1613,0.0
794,637,0.0
794,1212,0.0
794,1083,0.0
794,1243,0.0
794,587,0.0
794,602,0.0
794,1139,0.0
794,1815,0.0
794,1493,0.0
794,1190,0.0
794,637,0.0
794,1468,0.0
794,1256,0.0
794,113,0.0
794,998,0.0
794,1531,0.0
794,611,0.0
795,218,3.0
795,1184,0.0
795,1955,0.0
795,1654,0.0
795,934,0.0
795,1399,0.0
795,331,0.0
795,684,0.0
795,1688,0.0
795,910,0.0
795,19,0.0
795,545,0.0
795,1849,0.0
795,571,0.0
795,461,0.0
795,1181,0.0
795,1387,0.0
795,908,0.0
795,1741,0.0
795,604,0.0
795,1753,0.0
795,322,0.0
795,88,0.0
795,2010,0.0
795,172,0.0
795,39,0.0
795,1999,0.0
795,933,0.0
795,202,0.0
795,1756,0.0
795,1582,0.0
795,242,0.0
795,1529,0.0
795,87,0.0
795,1692,0.0
795,673,0.0
795,1930,0.0
795,531,0.0
795,659,0.0
795,712,0.0
795,1847,0.0
795,1174,0.0
795,1123,0.0
795,246,0.0
795,624,0.0
795,730,0.0
795,1879,0.0
795,1895,0.0
795,1560,0.0
795,984,0.0
796,993,3.0
796,1512,0.0
796,1781,0.0
796,271,0.0
796,1968,0.0
796,1423,0.0
796,1373,0.0
796,1445,0.0
796,260,0.0
796,1542,0.0
796,716,0.0
796,263,0.0
796,800,0.0
796,317,0.0
796,1737,0.0
796,1139,0.0
796,1235,0.0
796,159,0.0
796,476,0.0
796,640,0.0
796,858,0.0
796,147,0.0
796,1846,0.0
796,1470,0.0
796,1101,0.0
796,974,0.0
796,1285,0.0
796,51,0.0
796,257,0.0
796,1019,0.0
796,1756,0.0
796,1574,0.0
796,247,0.0
796,2040,0.0
796,1912,0.0
796,287,0.0
796,1277,0.0
796,1651,0.0
796,946,0.0
796,1732,0.0
796,213,0.0
796,1115,0.0
796,543,0.0
796,1628,0.0
796,231,0.0
796,642,0.0
796,1853,0.0
796,1758,0.0
796,12,0.0
796,837,0.0
797,2,2.5
797,588,0.0
797,811,0.0
797,1998,0.0
797,1319,0.0
797,1228,0.0
797,1962,0.0
797,490,0.0
797,317,0.0
797,1194,0.0
797,217,0.0
797,1938,0.0
797,500,0.0
797,1840,0.0
797,1216,0.0
797,332,0.0
797,1176,0.0
797,2003,0.0
797,552,0.0
797,1046,0.0
797,1721,0.0
797,215,0.0
797,1066,0.0
797,1384,0.0
797,1648,0.0
797,742,0.0
797,935,0.0
797,413,0.0
797,1441,0.0
797,621,0.0
797,1673,0.0
797,616,0.0
797,315,0.0
797,1920,0.0
797,1675,0.0
797,1453,0.0
797,766,0.0
797,498,0.0
797,348,0.0
797,74,0.0
797,232,0.0
797,912,0.0
797,723,0.0
797,569,0.0
797,37,0.0
797,261,0.0
797,1469,0.0
797,211,0.0
797,1481,0.0
797,1673,0.0
798,10,3.0
798,72,0.0
798,1102,0.0
798,1067,0.0
798,744,0.0
798,1026,0.0
798,442,0.0
798,78,0.0
798,1400,0.0
798,1716,0.0
798,138,0.0
798,1925,0.0
798,814,0.0
798,1030,0.0
798,882,0.0
798,1901,0.0
798,1859,0.0
798,724,0.0
798,512,0.0
798,695,0.0
798,1786,0.0
798,726,0.0
798,76,0.0
798,1066,0.0
798,1947,0.0
798,1180,0.0
798,529,0.0
798,1878,0.0
798,1243,0.0
798,1608,0.0
798,1012,0.0
798,189,0.0
798,874,0.0
798,261,0.0
798,143,0.0
798,1508,0.0
798,640,0.0
798,277,0.0
798,813,0.0
798,1725,0.0
798,1686,0.0
798,1940,0.0
798,306,0.0
798,1919,0.0
798,606,0.0
798,549,0.0
798,1179,0.0
798,299,0.0
798,346,0.0
798,1446,0.0
799,210,3.5
799,260,0.0
799,1837,0.0
799,1866,0.0
799,1665,0.0
799,1023,0.0
799,1640,0.0
799,565,0.0
799,1643,0.0
799,1495,0.0
799,1850,0.0
799,800,0.0
799,1278,0.0
799,1301,0.0
799,1582,0.0
799,645,0.0
799,1047,0.0
799,988,0.0
799,1456,0.0
799,991,0.0
799,628,0.0
799,1774,0.0
799,477,0.0
799,1517,0.0
799,381,0.0
799,818,0.0
799,373,0.0
799,552,0.0
799,761,0.0
799,1346,0.0
799,1112,0.0
799,91,0.0
799,376,0.0
799,1998,0.0
799,1104,0.0
799,1665,0.0
799,602,0.0
799,99,0.0
799,1613,0.0
799,1578,0.0
799,1146,0.0
799,799,0.0
799,1419,0.0
799,22,0.0
799,655,0.0
799,1963,0.0
799,769,0.0
799,518,0.0
799,1300,0.0
799,1721,0.0
800,242,4.0
800,1524,0.0
800,1170,0.0
800,315,0.0
800,453,0.0
800,1210,0.0
800,1348,0.0
800,812,0.0
800,317,0.0
800,393,0.0
800,378,0.0
800,704,0.0
800,793,0.0
800,1497,0.0
800,1723,0.0
800,1041,0.0
800,826,0.0
800,148,0.0
800,557,0.0
800,1035,0.0
800,741,0.0
800,461,0.0
800,1648,0.0
800,1183,0.0
800,1958,0.0
800,1762,0.0
800,976,0.0
800,694,0.0
800,566,0.0
800,265,0.0
800,546,0.0
800,79,0.0
800,517,0.0
800,1662,0.0
800,1091,0.0
800,701,0.0
800,243,0.0
800,8,0.0
800,1180,0.0
800,1606,0.0
800,463,0.0
800,645,0.0
800,1323,0.0
800,1343,0.0
800,248,0.0
800,322,0.0
800,555,0.0
800,1651,0.0
800,1485,0.0
800,1421,0.0
801,16,3.0
801,325,0.0
801,1708,0.0
801,1209,0.0
801,1264,0.0
801,1362,0.0
801,1117,0.0
801,918,0.0
801,1439,0.0
801,1086,0.0
801,1015,0.0
801,732,0.0
801,519,0.0
801,1748,0.0
801,1232,0.0
801,1232,0.0
801,1399,0.0
801,84,0.0
801,206,0.0
801,1370,0.0
801,1688,0.0
801,160,0.0
801,449,0.0
801,115,0.0
801,361,0.0
801,1274,0.0
801,911,0.0
801,182,0.0
801,675,0.0
801,1351,0.0
801,591,0.0
801,1030,0.0
801,1860,0.0
801,1622,0.0
801,1543,0.0
801,1410,0.0
801,930,0.0
801,1393,0.0
801,1571,0.0
801,762,0.0
801,611,0.0
801,78,0.0
801,1821,0.0
801,1806,0.0
801,1244,0.0
801,1731,0.0
801,1761,0.0
801,1622,0.0
801,1593,0.0
801,2018,0.0
802,489,4.0
802,421,0.0
802,645,0.0
802,1967,0.0
802,1963,0.0
802,206,0.0
802,774,0.0
802,833,0.0
802,1725,0.0
802,1693,0.0
802,1500,0.0
802,587,0.0
802,563,0.0
802,225,0.0
802,1629,0.0
802,803,0.0
802,1826,0.0
802,1857,0.0
802,689,0.0
802,1410,0.0
802,105,0.0
802,1099,0.0
802,515,0.0
802,1846,0.0
802,947,0.0
802,186,0.0
802,1990,0.0
802,531,0.0
802,274,0.0
802,1671,0.0
802,1986,0.0
802,538,0.0
802,1998,0.0
802,647,0.0
802,17,0.0
802,284,0.0
802,1325,0.0
802,1522,0.0
802,931,0.0
802,1922,0.0
802,1013,0.0
802,904,0.0
802,649,0.0
802,1767,0.0
802,851,0.0
802,1985,0.0
802,2041,0.0
802,256,0.0
802,1242,0.0
802,643,0.0
803,1426,4.0
803,1430,0.0
803,580,0.0
803,477,0.0
803,1823,0.0
803,1047,0.0
803,1904,0.0
803,1970,0.0
803,882,0.0
803,1209,0.0
803,169,0.0
803,1826,0.0
803,1567,0.0
803,437,0.0
803,1016,0.0
803,300,0.0
803,687,0.0
803,1387,0.0
803,1877,0.0
803,2004,0.0
803,987,0.0
803,1200,0.0
803,1825,0.0
803,143,0.0
803,522,0.0
803,1504,0.0
803,1515,0.0
803,1509,0.0
803,658,0.0
803,1883,0.0
803,1948,0.0
803,484,0.0
803,821,0.0
803,1460,0.0
803,194,0.0
803,465,0.0
803,977,0.0
803,1099,0.0
803,2001,0.0
803,1183,0.0
803,489,0.0
803,99,0.0
803,115,0.0
803,379,0.0
803,1618,0.0
803,823,0.0
803,62,0.0
803,131,0.0
803,1271,0.0
803,394,0.0
804,210,3.5
804,1815,0.0
804,945,0.0
804,260,0.0
804,788,0.0
804,1541,0.0
804,1155,0.0
804,1800,0.0
804,1348,0.0
804,1091,0.0
804,1149,0.0
804,1416,0.0
804,401,0.0
804,826,0.0
804,1706,0.0
804,335,0.0
804,961,0.0
804,28,0.0
804,1711,0.0
804,1842,0.0
804,1961,0.0
804,803,0.0
804,843,0.0
804,2041,0.0
804,1640,0.0
804,44,0.0
804,1124,0.0
804,1249,0.0
804,418,0.0
804,615,0.0
804,261,0.0
804,764,0.0
804,1700,0.0
804,291,0.0
804,1235,0.0
804,1679,0.0
804,1479,0.0
804,1259,0.0
804,533,0.0
804,1092,0.0
804,1604,0.0
804,1269,0.0
804,574,0.0
804,236,0.0
804,1354,0.0
804,362,0.0
804,530,0.0
804,742,0.0
804,464,0.0
804,1252,0.0
805,10,3.0
805,1497,0.0
805,1664,0.0
805,1168,0.0
805,1077,0.0
805,121,0.0
805,1147,0.0
805,166,0.0
805,943,0.0
805,833,0.0
805,1678,0.0
805,21,0.0
805,1299,0.0
805,1884,0.0
805,2008,0.0
805,1962,0.0
805,1975,0.0
805,407,0.0
805,481,0.0
805,298,0.0
805,276,0.0
805,815,0.0
805,321,0.0
805,114,0.0
805,271,0.0
805,1191,0.0
805,1812,0.0
805,1459,0.0
805,1892,0.0
805,263,0.0
805,249,0.0
805,1485,0.0
805,877,0.0
805,438,0.0
805,1790,0.0
805,1365,0.0
805,1489,0.0
805,1081,0.0
805,4,0.0
805,1961,0.0
805,1646,0.0
805,1900,0.0
805,1821,0.0
805,862,0.0
805,264,0.0
805,1272,0.0
805,94,0.0
805,1886,0.0
805,1832,0.0
805,818,0.0
806,234,4.0
806,783,0.0
806,1209,0.0
806,939,0.0
806,451,0.0
806,560,0.0
806,1528,0.0
806,93,0.0
806,1330,0.0
806,1761,0.0
806,516,0.0
806,1888,0.0
806,953,0.0
806,173,0.0
806,694,0.0
806,1096,0.0
806,1168,0.0
806,907,0.0
806,1687,0.0
806,55,0.0
806,694,0.0
806,633,0.0
806,243,0.0
806,893,0.0
806,203,0.0
806,1614,0.0
806,15,0.0
806,125,0.0
806,598,0.0
806,465,0.0
806,789,0.0
806,1901,0.0
806,1451,0.0
806,1374,0.0
806,1578,0.0
806,78,0.0
806,1524,0.0
806,788,0.0
806,1402,0.0
806,263,0.0
806,304,0.0
806,1511,0.0
806,739,0.0
806,124,0.0
806,617,0.0
806,741,0.0
806,1669,0.0
806,80,0.0
806,871,0.0
806,1644,0.0
807,238,3.0
807,608,0.0
807,1684,0.0
807,1250,0.0
807,1812,0.0
807,1842,0.0
807,1870,0.0
807,227,0.0
807,1850,0.0
807,760,0.0
807,257,0.0
807,1437,0.0
807,825,0.0
807,1243,0.0
807,2000,0.0
807,1259,0.0
807,1043,0.0
807,423,0.0
807,412,0.0
807,1412,0.0
807,344,0.0
807,649,0.0
807,466,0.0
807,188,0.0
807,1640,0.0
807,1391,0.0
807,1408,0.0
807,1966,0.0
807,1121,0.0
807,952,0.0
807,269,0.0
807,664,0.0
807,1241,0.0
807,20,0.0
807,1295,0.0
807,713,0.0
807,1183,0.0
807,1515,0.0
807,428,0.0
807,575,0.0
807,595,0.0
807,584,0.0
807,1595,0.0
807,1017,0.0
807,1889,0.0
807,990,0.0
807,658,0.0
807,1070,0.0
807,222,0.0
807,959,0.0
808,7,3.0
808,1281,0.0
808,1611,0.0
808,1640,0.0
808,352,0.0
808,1110,0.0
808,1850,0.0
808,1020,0.0
808,1549,0.0
808,870,0.0
808,1968,0.0
808,1821,0.0
808,758,0.0
808,877,0.0
808,752,0.0
808,865,0.0
808,1032,0.0
808,1486,0.0
808,1559,0.0
808,1647,0.0
808,1320,0.0
808,1979,0.0
808,1240,0.0
808,227,0.0
808,1055,0.0
808,430,0.0
808,788,0.0
808,169,0.0
808,1254,0.0
808,69,0.0
808,1134,0.0
808,1112,0.0
808,1,0.0
808,1950,0.0
808,1079,0.0
808,669,0.0
808,1982,0.0
808,270,0.0
808,1297,0.0
808,543,0.0
808,269,0.0
808,189,0.0
808,721,0.0
808,1506,0.0
808,1331,0.0
808,21,0.0
808,13,0.0
808,1509,0.0
808,1741,0.0
808,1569,0.0
809,507,4.0
809,1919,0.0
809,168,0.0
809,888,0.0
809,1209,0.0
809,121,0.0
809,440,0.0
809,1759,0.0
809,638,0.0
809,1701,0.0
809,473,0.0
809,1145,0.0
809,1857,0.0
809,731,0.0
809,940,0.0
809,1814,0.0
809,2033,0.0
809,659,0.0
809,291,0.0
809,937,0.0
809,246,0.0
809,1941,0.0
809,187,0.0
809,1546,0.0
809,1307,0.0
809,556,0.0
809,1147,0.0
809,889,0.0
809,246,0.0
809,1429,0.0
809,1360,0.0
809,958,0.0
809,1182,0.0
809,1290,0.0
809,291,0.0
809,1613,0.0
809,1826,0.0
809,894,0.0
809,150,0.0
809,1308,0.0
809,150,0.0
809,2027,0.0
809,123,0.0
809,1763,0.0
809,271,0.0
809,1894,0.0
809,1363,0.0
809,1752,0.0
809,658,0.0
809,1753,0.0
810,83,3.5
810,1759,0.0
810,841,0.0
810,1633,0.0
810,1342,0.0
810,1418,0.0
810,1071,0.0
810,2032,0.0
810,1636,0.0
810,1461,0.0
810,474,0.0
810,945,0.0
810,751,0.0
810,1609,0.0
810,549,0.0
810,2005,0.0
810,727,0.0
810,135,0.0
810,517,0.0
810,758,0.0
810,323,0.0
810,1220,0.0
810,1925,0.0
810,110,0.0
810,1823,0.0
810,1573,0.0
810,1138,0.0
810,1720,0.0
810,723,0.0
810,487,0.0
810,364,0.0
810,1507,0.0
810,766,0.0
810,831,0.0
810,1333,0.0
810,112,0.0
810,1293,0.0
810,319,0.0
810,1969,0.0
810,174,0.0
810,1845,0.0
810,1042,0.0
810,1226,0.0
810,1958,0.0
810,1984,0.0
810,125,0.0
810,994,0.0
810,1490,0.0
810,253,0.0
810,1851,0.0
811,3,3.5
811,1397,0.0
811,2029,0.0
811,730,0.0
811,1169,0.0
811,1257,0.0
811,28,0.0
811,1844,0.0
811,1696,0.0
811,1666,0.0
811,659,0.0
811,899,0.0
811,1617,0.0
811,903,0.0
811,1493,0.0
811,360,0.0
811,1877,0.0
811,1618,0.0
811,1947,0.0
811,961,0.0
811,1608,0.0
811,1378,0.0
811,1749,0.0
811,25,0.0
811,1313,0.0
811,70,0.0
811,1885,0.0
811,1712,0.0
811,1112,0.0
811,176,0.0
811,1992,0.0
811,26,0.0
811,1984,0.0
811,1312,0.0
811,839,0.0
811,816,0.0
811,574,0.0
811,1951,0.0
811,999,0.0
811,530,0.0
811,1507,0.0
811,1457,0.0
811,492,0.0
811,277,0.0
811,998,0.0
811,1369,0.0
811,1602,0.0
811,1261,0.0
811,1160,0.0
811,1186,0.0
812,1594,4.0
812,101,0.0
812,9,0.0
812,1064,0.0
812,369,0.0
812,125,0.0
812,784,0.0
812,382,0.0
812,326,0.0
812,449,0.0
812,522,0.0
812,1854,0.0
812,1009,0.0
812,1730,0.0
812,941,0.0
812,1555,0.0
812,1932,0.0
812,982,0.0
812,272,0.0
812,2012,0.0
812,501,0.0
812,1770,0.0
812,1510,0.0
812,1951,0.0
812,1250,0.0
812,1250,0.0
812,865,0.0
812,340,0.0
812,271,0.0
812,1814,0.0
812,394,0.0
812,1147,0.0
812,909,0.0
812,194,0.0
812,1606,0.0
812,1767,0.0
812,1196,0.0
812,2034,0.0
812,1226,0.0
812,1056,0.0
812,210,0.0
812,812,0.0
812,693,0.0
812,752,0.0
812,1000,0.0
812,1074,0.0
812,1906,0.0
812,891,0.0
812,1878,0.0
812,1430,0.0
813,281,4.0
813,1670,0.0
813,642,0.0
813,36,0.0
813,770,0.0
813,1425,0.0
813,1010,0.0
813,635,0.0
813,425,0.0
813,1928,0.0
813,1976,0.0
813,407,0.0
813,774,0.0
813,864,0.0
813,216,0.0
813,169,0.0
813,609,0.0
813,357,0.0
813,185,0.0
813,724,0.0
813,869,0.0
813,823,0.0
813,1767,0.0
813,1977,0.0
813,1937,0.0
813,678,0.0
813,1841,0.0
813,1184,0.0
813,283,0.0
813,183,0.0
813,1560,0.0
813,141,0.0
813,1718,0.0
813,1619,0.0
813,230,0.0
813,1491,0.0
813,1926,0.0
813,387,0.0
813,734,0.0
813,157,0.0
813,1341,0.0
813,1208,0.0
813,1444,0.0
813,1206,0.0
813,2039,0.0
813,1620,0.0
813,576,0.0
813,1075,0.0
813,1026,0.0
813,76,0.0
814,241,3.0
814,1890,0.0
814,102,0.0
814,434,0.0
814,1931,0.0
814,649,0.0
814,1828,0.0
814,380,0.0
814,65,0.0
814,578,0.0
814,269,0.0
814,46,0.0
814,915,0.0
814,364,0.0
814,1904,0.0
814,1203,0.0
814,67,0.0
814,1138,0.0
814,1049,0.0
814,1582,0.0
814,206,0.0
814,72,0.0
814,1282,0.0
814,1409,0.0
814,2022,0.0
814,1960,0.0
814,2037,0.0
814,29,0.0
814,1444,0.0
814,2000,0.0
814,1026,0.0
814,1544,0.0
814,1543,0.0
814,520,0.0
814,887,0.0
814,400,0.0
814,1687,0.0
814,1991,0.0
814,2036,0.0
814,653,0.0
814,949,0.0
814,847,0.0
814,1297,0.0
814,2032,0.0
814,1495,0.0
814,934,0.0
814,1395,0.0
814,430,0.0
814,538,0.0
814,1371,0.0
815,0,3.0
815,303,0.0
815,1912,0.0
815,1537,0.0
815,1220,0.0
815,1469,0.0
815,1364,0.0
815,780,0.0
815,1084,0.0
815,266,0.0
815,2007,0.0
815,1120,0.0
815,1306,0.0
815,1270,0.0
815,34,0.0
815,785,0.0
815,1492,0.0
815,67,0.0
815,188,0.0
815,40,0.0
815,607,0.0
815,682,0.0
815,944,0.0
815,906,0.0
815,1090,0.0
815,946,0.0
815,1331,0.0
815,1142,0.0
815,852,0.0
815,1706,0.0
815,1209,0.0
815,973,0.0
815,1093,0.0
815,1010,0.0
815,756,0.0
815,1948,0.0
815,1694,0.0
815,1006,0.0
815,1307,0.0
815,1642,0.0
815,1969,0.0
815,547,0.0
815,1371,0.0
815,914,0.0
815,1218,0.0
815,1803,0.0
815,483,0.0
815,2007,0.0
815,587,0.0
815,1303,0.0
816,204,0.5
816,112,0.0
816,1172,0.0
816,559,0.0
816,1081,0.0
816,196,0.0
816,1760,0.0
816,1672,0.0
816,1730,0.0
816,1741,0.0
816,1041,0.0
816,779,0.0
816,214,0.0
816,1741,0.0
816,635,0.0
816,1039,0.0
816,676,0.0
816,659,0.0
816,1811,0.0
816,1422,0.0
816,232,0.0
816,24,0.0
816,1424,0.0
816,1803,0.0
816,1388,0.0
816,937,0.0
816,1318,0.0
816,1018,0.0
816,1975,0.0
816,1460,0.0
816,70,0.0
816,1735,0.0
816,2007,0.0
816,1582,0.0
816,24,0.0
816,1748,0.0
816,1969,0.0
816,1397,0.0
816,1568,0.0
816,457,0.0
816,1237,0.0
816,210,0.0
816,540,0.0
816,770,0.0
816,1062,0.0
816,1283,0.0
816,676,0.0
816,94,0.0
816,1413,0.0
816,219,0.0
817,218,4.0
817,1835,0.0
817,416,0.0
817,1689,0.0
817,888,0.0
817,1173,0.0
817,403,0.0
817,513,0.0
817,1832,0.0
817,565,0.0
817,440,0.0
817,1937,0.0
817,1924,0.0
817,1269,0.0
817,991,0.0
817,1069,0.0
817,74,0.0
817,1172,0.0
817,405,0.0
817,2,0.0
817,1032,0.0
817,513,0.0
817,1261,0.0
817,539,0.0
817,289,0.0
817,180,0.0
817,1338,0.0
817,265,0.0
817,82,0.0
817,1884,0.0
817,1788,0.0
817,257,0.0
817,1583,0.0
817,1669,0.0
817,1835,0.0
817,949,0.0
817,198,0.0
817,1315,0.0
817,647,0.0
817,1106,0.0
817,265,0.0
817,1440,0.0
817,996,0.0
817,869,0.0
817,730,0.0
817,860,0.0
817,18,0.0
817,1553,0.0
817,370,0.0
817,1714,0.0
818,209,3.5
818,168,0.0
818,1102,0.0
818,70,0.0
818,262,0.0
818,711,0.0
818,722,0.0
818,529,0.0
818,784,0.0
818,209,0.0
818,2002,0.0
818,116,0.0
818,615,0.0
818,1100,0.0
818,314,0.0
818,10,0.0
818,1916,0.0
818,1074,0.0
818,1030,0.0
818,1946,0.0
818,954,0.0
818,1572,0.0
818,260,0.0
818,1597,0.0
818,1535,0.0
818,199,0.0
818,329,0.0
818,2020,0.0
818,89,0.0
818,590,0.0
818,54,0.0
818,1935,0.0
818,1244,0.0
818,91,0.0
818,1609,0.0
818,55,0.0
818,1767,0.0
818,1202,0.0
818,1987,0.0
818,1965,0.0
818,60,0.0
818,1895,0.0
818,116,0.0
818,589,0.0
818,235,0.0
818,32,0.0
818,1590,0.0
818,1266,0.0
818,785,0.0
818,1931,0.0
819,8,2.0
819,272,0.0
819,692,0.0
819,1882,0.0
819,249,0.0
819,1260,0.0
819,903,0.0
819,231,0.0
819,427,0.0
819,956,0.0
819,633,0.0
819,241,0.0
819,133,0.0
819,1094,0.0
819,1881,0.0
819,1488,0.0
819,1444,0.0
819,1333,0.0
819,1023,0.0
819,1302,0.0
819,218,0.0
819,696,0.0
819,306,0.0
819,2023,0.0
819,313,0.0
819,1426,0.0
819,922,0.0
819,1752,0.0
819,1511,0.0
819,1816,0.0
819,1428,0.0
819,1402,0.0
819,280,0.0
819,1660,0.0
819,1714,0.0
819,1350,0.0
819,34,0.0
819,69,0.0
819,359,0.0
819,1713,0.0
819,1934,0.0
819,407,0.0
819,1584,0.0
819,579,0.0
819,518,0.0
819,605,0.0
819,1407,0.0
819,80,0.0
819,1461,0.0
819,249,0.0
820,2,3.0
820,517,0.0
820,1344,0.0
820,21,0.0
820,178,0.0
820,707,0.0
820,1132,0.0
820,1395,0.0
820,1720,0.0
820,1479,0.0
820,1590,0.0
820,1252,0.0
820,937,0.0
820,1018,0.0
820,947,0.0
820,1980,0.0
820,530,0.0
820,363,0.0
820,1920,0.0
820,424,0.0
820,958,0.0
820,1239,0.0
820,1071,0.0
820,1488,0.0
820,671,0.0
820,1969,0.0
820,1933,0.0
820,1296,0.0
820,1631,0.0
820,2016,0.0
820,1053,0.0
820,1656,0.0
820,1012,0.0
820,878,0.0
820,946,0.0
820,1889,0.0
820,987,0.0
820,1213,0.0
820,151,0.0
820,1399,0.0
820,254,0.0
820,702,0.0
820,653,0.0
820,757,0.0
820,1057,0.0
820,186,0.0
820,878,0.0
820,1472,0.0
820,1109,0.0
820,672,0.0
821,243,1.5
821,1434,0.0
821,396,0.0
821,1040,0.0
821,1947,0.0
821,600,0.0
821,1075,0.0
821,369,0.0
821,163,0.0
821,1326,0.0
821,449,0.0
821,1951,0.0
821,543,0.0
821,709,0.0
821,1525,0.0
821,350,0.0
821,378,0.0
821,1462,0.0
821,200,0.0
821,1130,0.0
821,504,0.0
821,1011,0.0
821,1407,0.0
821,1871,0.0
821,1880,0.0
821,1319,0.0
821,1051,0.0
821,336,0.0
821,286,0.0
821,630,0.0
821,1366,0.0
821,1054,0.0
821,665,0.0
821,1795,0.0
821,1510,0.0
821,1642,0.0
821,1274,0.0
821,1386,0.0
821,106,0.0
821,505,0.0
821,1465,0.0
821,116,0.0
821,1268,0.0
821,78,0.0
821,740,0.0
821,1509,0.0
821,22,0.0
821,1220,0.0
821,360,0.0
821,699,0.0
822,205,4.0
822,407,0.0
822,147,0.0
822,1109,0.0
822,1544,0.0
822,502,0.0
822,1788,0.0
822,231,0.0
822,1911,0.0
822,497,0.0
822,422,0.0
822,1490,0.0
822,246,0.0
822,1393,0.0
822,1536,0.0
822,1802,0.0
822,104,0.0
822,233,0.0
822,1481,0.0
822,1280,0.0
822,474,0.0
822,1616,0.0
822,1658,0.0
822,1003,0.0
822,1195,0.0
822,1842,0.0
822,1296,0.0
822,1894,0.0
822,758,0.0
822,874,0.0
822,1911,0.0
822,1217,0.0
822,111,0.0
822,22,0.0
822,936,0.0
822,1917,0.0
822,314,0.0
822,201,0.0
822,1524,0.0
822,617,0.0
822,605,0.0
822,994,0.0
822,24,0.0
822,656,0.0
822,1531,0.0
822,1389,0.0
822,530,0.0
822,1745,0.0
822,1617,0.0
822,45,0.0
823,83,3.0
823,1857,0.0
823,1080,0.0
823,1557,0.0
823,823,0.0
823,1571,0.0
823,1202,0.0
823,67,0.0
823,1519,0.0
823,1024,0.0
823,47,0.0
823,1440,0.0
823,1687,0.0
823,944,0.0
823,1220,0.0
823,1593,0.0
823,1071,0.0
823,1976,0.0
823,1983,0.0
823,354,0.0
823,1257,0.0
823,1009,0.0
823,436,0.0
823,699,0.0
823,1917,0.0
823,625,0.0
823,89,0.0
823,368,0.0
823,938,0.0
823,1192,0.0
823,1386,0.0
823,1945,0.0
823,954,0.0
823,1896,0.0
823,1200,0.0
823,499,0.0
823,703,0.0
823,132,0.0
823,171,0.0
823,1553,0.0
823,762,0.0
823,440,0.0
823,984,0.0
823,111,0.0
823,2024,0.0
823,1063,0.0
823,101,0.0
823,1392,0.0
823,1197,0.0
823,1849,0.0
824,11,4.0
824,1767,0.0
824,1574,0.0
824,676,0.0
824,1122,0.0
824,1664,0.0
824,1554,0.0
824,270,0.0
824,2008,0.0
824,0,0.0
824,286,0.0
824,2020,0.0
824,1203,0.0
824,938,0.0
824,1279,0.0
824,1197,0.0
824,853,0.0
824,49,0.0
824,1555,0.0
824,616,0.0
824,189,0.0
824,1774,0.0
824,1066,0.0
824,1540,0.0
824,1998,0.0
824,759,0.0
824,65,0.0
824,395,0.0
824,1274,0.0
824,127,0.0
824,696,0.0
824,187,0.0
824,1206,0.0
824,1606,0.0
824,577,0.0
824,1991,0.0
824,840,0.0
824,761,0.0
824,666,0.0
824,1435,0.0
824,932,0.0
824,78,0.0
824,1042,0.0
824,1501,0.0
824,1970,0.0
824,1804,0.0
824,44,0.0
824,1797,0.0
824,1245,0.0
824,128,0.0
825,211,3.0
825,1327,0.0
825,1626,0.0
825,1332,0.0
825,1596,0.0
825,1126,0.0
825,1750,0.0
825,101,0.0
825,1930,0.0
825,654,0.0
825,1113,0.0
825,1141,0.0
825,1162,0.0
825,902,0.0
825,1326,0.0
825,751,0.0
825,1671,0.0
825,1540,0.0
825,1232,0.0
825,86,0.0
825,1985,0.0
825,858,0.0
825,318,0.0
825,1812,0.0
825,966,0.0
825,886,0.0
825,632,0.0
825,1268,0.0
825,1893,0.0
825,1113,0.0
825,1501,0.0
825,651,0.0
825,1135,0.0
825,1930,0.0
825,949,0.0
825,2000,0.0
825,1417,0.0
825,1910,0.0
825,239,0.0
825,1295,0.0
825,142,0.0
825,953,0.0
825,1742,0.0
825,118,0.0
825,595,0.0
825,1923,0.0
825,2015,0.0
825,1274,0.0
825,1301,0.0
825,162,0.0
826,9,3.5
826,95,0.0
826,911,0.0
826,786,0.0
826,292,0.0
826,1258,0.0
826,340,0.0
826,718,0.0
826,956,0.0
826,537,0.0
826,1373,0.0
826,871,0.0
826,1230,0.0
826,959,0.0
826,1514,0.0
826,380,0.0
826,1164,0.0
826,858,0.0
826,598,0.0
826,929,0.0
826,1914,0.0
826,1633,0.0
826,1046,0.0
826,761,0.0
826,363,0.0
826,1785,0.0
826,1171,0.0
826,565,0.0
826,968,0.0
826,1977,0.0
826,826,0.0
826,1939,0.0
826,2030,0.0
826,1574,0.0
826,504,0.0
826,1869,0.0
826,2032,0.0
826,217,0.0
826,1882,0.0
826,481,0.0
826,2012,0.0
826,1439,0.0
826,936,0.0
826,748,0.0
826,1348,0.0
826,835,0.0
826,1878,0.0
826,1812,0.0
826,1760,0.0
826,488,0.0
827,254,3.5
827,950,0.0
827,1021,0.0
827,293,0.0
827,1371,0.0
827,1110,0.0
827,209,0.0
827,787,0.0
827,1632,0.0
827,1025,0.0
827,2022,0.0
827,228,0.0
827,409,0.0
827,1266,0.0
827,769,0.0
827,962,0.0
827,1491,0.0
827,457,0.0
827,553,0.0
827,212,0.0
827,1831,0.0
827,1928,0.0
827,385,0.0
827,1435,0.0
827,1538,0.0
827,527,0.0
827,1411,0.0
827,1302,0.0
827,989,0.0
827,101,0.0
827,1612,0.0
827,389,0.0
827,1225,0.0
827,1590,0.0
827,1744,0.0
827,1415,0.0
827,840,0.0
827,1377,0.0
827,1616,0.0
827,1779,0.0
827,234,0.0
827,113,0.0
827,981,0.0
827,1983,0.0
827,1090,0.0
827,808,0.0
827,1063,0.0
827,1756,0.0
827,102,0.0
827,410,0.0
828,212,3.0
828,1064,0.0
828,1901,0.0
828,1280,0.0
828,642,0.0
828,563,0.0
828,1125,0.0
828,1242,0.0
828,243,0.0
828,844,0.0
828,938,0.0
828,302,0.0
828,369,0.0
828,850,0.0
828,274,0.0
828,69,0.0
828,46,0.0
828,116,0.0
828,1613,0.0
828,516,0.0
828,1277,0.0
828,831,0.0
828,618,0.0
828,755,0.0
828,1196,0.0
828,959,0.0
828,1452,0.0
828,35,0.0
828,904,0.0
828,406,0.0
828,1439,0.0
828,2012,0.0
828,1708,0.0
828,411,0.0
828,487,0.0
828,1715,0.0
828,778,0.0
828,1790,0.0
828,1938,0.0
828,831,0.0
828,1344,0.0
828,1096,0.0
828,1592,0.0
828,1601,0.0
828,643,0.0
828,412,0.0
828,1795,0.0
828,123,0.0
828,1408,0.0
828,1627,0.0
829,238,4.0
829,919,0.0
829,1156,0.0
829,255,0.0
829,1473,0.0
829,720,0.0
829,2000,0.0
829,403,0.0
829,959,0.0
829,1678,0.0
829,579,0.0
829,1077,0.0
829,1802,0.0
829,406,0.0
829,1408,0.0
829,1961,0.0
829,241,0.0
829,46,0.0
829,114,0.0
829,1016,0.0
829,1731,0.0
829,805,0.0
829,129,0.0
829,1580,0.0
829,1178,0.0
829,993,0.0
829,1996,0.0
829,494,0.0
829,1852,0.0
829,81,0.0
829,1802,0.0
829,964,0.0
829,668,0.0
829,1048,0.0
829,1357,0.0
829,1205,0.0
829,1455,0.0
829,1197,0.0
829,808,0.0
829,2021,0.0
829,1064,0.0
829,444,0.0
829,868,0.0
829,1418,0.0
829,1963,0.0
829,1311,0.0
829,560,0.0
829,1285,0.0
829,1779,0.0
829,56,0.0
830,214,0.5
830,215,0.0
830,469,0.0
830,852,0.0
830,303,0.0
830,297,0.0
830,1369,0.0
830,285,0.0
830,1908,0.0
830,1011,0.0
830,125,0.0
830,50,0.0
830,1442,0.0
830,1725,0.0
830,1074,0.0
830,470,0.0
830,1399,0.0
830,1388,0.0
830,1255,0.0
830,1713,0.0
830,669,0.0
830,1682,0.0
830,1503,0.0
830,1329,0.0
830,437,0.0
830,1274,0.0
830,850,0.0
830,341,0.0
830,1155,0.0
830,748,0.0
830,523,0.0
830,654,0.0
830,505,0.0
830,398,0.0
830,905,0.0
830,1141,0.0
830,60,0.0
830,1938,0.0
830,1204,0.0
830,1991,0.0
830,2034,0.0
830,312,0.0
830,2014,0.0
830,264,0.0
830,1052,0.0
830,1286,0.0
830,711,0.0
830,1640,0.0
830,912,0.0
830,1614,0.0
831,2,3.5
831,394,0.0
831,276,0.0
831,648,0.0
831,282,0.0
831,1662,0.0
831,998,0.0
831,85,0.0
831,206,0.0
831,1898,0.0
831,1686,0.0
831,562,0.0
831,476,0.0
831,1766,0.0
831,591,0.0
831,130,0.0
831,399,0.0
831,135,0.0
831,1369,0.0
831,169,0.0
831,968,0.0
831,1186,0.0
831,198,0.0
831,1991,0.0
831,738,0.0
831,1071,0.0
831,1845,0.0
831,764,0.0
831,1517,0.0
831,102,0.0
831,547,0.0
831,5,0.0
831,710,0.0
831,11,0.0
831,102,0.0
831,698,0.0
831,1856,0.0
831,1713,0.0
831,426,0.0
831,170,0.0
831,1712,0.0
831,88,0.0
831,715,0.0
831,1462,0.0
831,1370,0.0
831,854,0.0
831,1234,0.0
831,1748,0.0
831,1457,0.0
831,1556,0.0
832,95,4.0
832,5,0.0
832,1997,0.0
832,237,0.0
832,732,0.0
832,1247,0.0
832,589,0.0
832,19,0.0
832,1841,0.0
832,776,0.0
832,1227,0.0
832,141,0.0
832,375,0.0
832,406,0.0
832,815,0.0
832,2017,0.0
832,79,0.0
832,209,0.0
832,767,0.0
832,1335,0.0
832,2024,0.0
832,376,0.0
832,39,0.0
832,1376,0.0
832,452,0.0
832,1446,0.0
832,713,0.0
832,85,0.0
832,1578,0.0
832,235,0.0
832,2016,0.0
832,1913,0.0
832,1438,0.0
832,1605,0.0
832,1379,0.0
832,1666,0.0
832,643,0.0
832,1271,0.0
832,666,0.0
832,1765,0.0
832,1624,0.0
832,1252,0.0
832,1562,0.0
832,360,0.0
832,867,0.0
832,749,0.0
832,174,0.0
832,827,0.0
832,803,0.0
832,1397,0.0
833,244,1.0
833,886,0.0
833,845,0.0
833,1562,0.0
833,841,0.0
833,634,0.0
833,155,0.0
833,728,0.0
833,1217,0.0
833,812,0.0
833,1184,0.0
833,639,0.0
833,1851,0.0
833,1713,0.0
833,1149,0.0
833,1709,0.0
833,1570,0.0
833,1262,0.0
833,1064,0.0
833,185,0.0
833,460,0.0
833,1718,0.0
833,1412,0.0
833,1284,0.0
833,1429,0.0
833,545,0.0
833,1472,0.0
833,698,0.0
833,1424,0.0
833,306,0.0
833,944,0.0
833,136,0.0
833,1225,0.0
833,892,0.0
833,654,0.0
833,620,0.0
833,156,0.0
833,1278,0.0
833,180,0.0
833,408,0.0
833,852,0.0
833,976,0.0
833,1754,0.0
833,1051,0.0
833,1686,0.0
833,870,0.0
833,611,0.0
833,1538,0.0
833,1568,0.0
833,1222,0.0
834,213,4.0
834,1994,0.0
834,41,0.0
834,1440,0.0
834,271,0.0
834,1164,0.0
834,916,0.0
834,570,0.0
834,751,0.0
834,46,0.0
834,1190,0.0
834,1645,0.0
834,125,0.0
834,471,0.0
834,810,0.0
834,1946,0.0
834,620,0.0
834,676,0.0
834,369,0.0
834,770,0.0
834,587,0.0
834,6,0.0
834,697,0.0
834,1299,0.0
834,1614,0.0
834,64,0.0
834,1650,0.0
834,201,0.0
834,141,0.0
834,1998,0.0
834,1121,0.0
834,2040,0.0
834,816,0.0
834,216,0.0
834,990,0.0
834,1609,0.0
834,1316,0.0
834,1531,0.0
834,1157,0.0
834,261,0.0
834,283,0.0
834,101,0.0
834,376,0.0
834,205,0.0
834,1676,0.0
834,1036,0.0
834,760,0.0
834,1146,0.0
834,9,0.0
834,1615,0.0
835,1941,2.5
835,1857,0.0
835,11,0.0
835,92,0.0
835,329,0.0
835,189,0.0
835,1621,0.0
835,865,0.0
835,953,0.0
835,1021,0.0
835,1812,0.0
835,292,0.0
835,260,0.0
835,709,0.0
835,1951,0.0
835,322,0.0
835,9,0.0
835,964,0.0
835,87,0.0
835,339,0.0
835,1341,0.0
835,1572,0.0
835,1246,0.0
835,686,0.0
835,208,0.0
835,1072,0.0
835,1559,0.0
835,1873,0.0
835,921,0.0
835,1641,0.0
835,1846,0.0
835,262,0.0
835,2026,0.0
835,1229,0.0
835,1704,0.0
835,1520,0.0
835,1921,0.0
835,669,0.0
835,1776,0.0
835,1488,0.0
835,1658,0.0
835,19,0.0
835,567,0.0
835,969,0.0
835,1815,0.0
835,1131,0.0
835,139,0.0
835,1114,0.0
835,270,0.0
835,1352,0.0
836,251,3.0
836,662,0.0
836,1797,0.0
836,1578,0.0
836,299,0.0
836,975,0.0
836,629,0.0
836,1871,0.0
836,1302,0.0
836,143,0.0
836,1763,0.0
836,1227,0.0
836,228,0.0
836,1288,0.0
836,465,0.0
836,136,0.0
836,239,0.0
836,2004,0.0
836,1721,0.0
836,448,0.0
836,1338,0.0
836,150,0.0
836,1348,0.0
836,1426,0.0
836,802,0.0
836,352,0.0
836,1974,0.0
836,1133,0.0
836,465,0.0
836,1063,0.0
836,653,0.0
836,1363,0.0
836,1395,0.0
836,1548,0.0
836,1530,0.0
836,52,0.0
836,1103,0.0
836,1768,0.0
836,350,0.0
836,1574,0.0
836,738,0.0
836,339,0.0
836,1144,0.0
836,64,0.0
836,1463,0.0
836,295,0.0
836,941,0.0
836,204,0.0
836,646,0.0
836,1580,0.0
837,2,3.0
837,656,0.0
837,297,0.0
837,2011,0.0
837,222,0.0
837,352,0.0
837,415,0.0
837,61,0.0
837,607,0.0
837,623,0.0
837,375,0.0
837,598,0.0
837,404,0.0
837,2008,0.0
837,928,0.0
837,1278,0.0
837,1474,0.0
837,389,0.0
837,1648,0.0
837,765,0.0
837,347,0.0
837,1525,0.0
837,1345,0.0
837,1567,0.0
837,1087,0.0
837,1177,0.0
837,957,0.0
837,516,0.0
837,1418,0.0
837,1919,0.0
837,329,0.0
837,1486,0.0
837,1745,0.0
837,1968,0.0
837,973,0.0
837,91,0.0
837,1245,0.0
837,189,0.0
837,571,0.0
837,204,0.0
837,211,0.0
837,769,0.0
837,88,0.0
837,1771,0.0
837,954,0.0
837,362,0.0
837,1394,0.0
837,331,0.0
837,920,0.0
837,707,0.0
838,209,4.0
838,553,0.0
838,898,0.0
838,1478,0.0
838,1382,0.0
838,51,0.0
838,10,0.0
838,822,0.0
838,1623,0.0
838,226,0.0
838,113,0.0
838,1560,0.0
838,603,0.0
838,1995,0.0
838,1110,0.0
838,592,0.0
838,1273,0.0
838,1273,0.0
838,936,0.0
838,1444,0.0
838,209,0.0
838,950,0.0
838,1544,0.0
838,1004,0.0
838,610,0.0
838,1571,0.0
838,1080,0.0
838,1086,0.0
838,337,0.0
838,1811,0.0
838,724,0.0
838,814,0.0
838,531,0.0
838,758,0.0
838,5,0.0
838,584,0.0
838,618,0.0
838,1628,0.0
838,1534,0.0
838,796,0.0
838,1484,0.0
838,355,0.0
838,218,0.0
838,366,0.0
838,888,0.0
838,560,0.0
838,363,0.0
838,1413,0.0
838,1318,0.0
838,504,0.0
839,211,3.0
839,1579,0.0
839,1098,0.0
839,1503,0.0
839,1371,0.0
839,271,0.0
839,2017,0.0
839,1969,0.0
839,989,0.0
839,165,0.0
839,761,0.0
839,1109,0.0
839,1924,0.0
839,648,0.0
839,844,0.0
839,550,0.0
839,598,0.0
839,154,0.0
839,1695,0.0
839,1599,0.0
839,1246,0.0
839,416,0.0
839,1385,0.0
839,1369,0.0
839,1169,0.0
839,1739,0.0
839,66,0.0
839,516,0.0
839,1997,0.0
839,1082,0.0
839,1006,0.0
839,587,0.0
839,771,0.0
839,759,0.0
839,1039,0.0
839,1610,0.0
839,1891,0.0
839,1509,0.0
839,1912,0.0
839,175,0.0
839,321,0.0
839,1484,0.0
839,135,0.0
839,427,0.0
839,1812,0.0
839,1817,0.0
839,2021,0.0
839,930,0.0
839,910,0.0
839,679,0.0
840,11,2.0
840,686,0.0
840,974,0.0
840,1239,0.0
840,505,0.0
840,1770,0.0
840,1622,0.0
840,73,0.0
840,805,0.0
840,580,0.0
840,1092,0.0
840,222,0.0
840,1959,0.0
840,896,0.0
840,385,0.0
840,1904,0.0
840,1308,0.0
840,121,0.0
840,1798,0.0
840,732,0.0
840,1464,0.0
840,822,0.0
840,456,0.0
840,163,0.0
840,1286,0.0
840,91,0.0
840,1801,0.0
840,335,0.0
840,585,0.0
840,934,0.0
840,313,0.0
840,601,0.0
840,1889,0.0
840,993,0.0
840,1831,0.0
840,909,0.0
840,1489,0.0
840,1664,0.0
840,1424,0.0
840,560,0.0
840,1621,0.0
840,484,0.0
840,655,0.0
840,1670,0.0
840,1934,0.0
840,626,0.0
840,1300,0.0
840,65,0.0
840,1722,0.0
840,1967,0.0
841,208,3.0
841,1403,0.0
841,917,0.0
841,1528,0.0
841,1118,0.0
841,29,0.0
841,1115,0.0
841,595,0.0
841,1038,0.0
841,654,0.0
841,820,0.0
841,459,0.0
841,1744,0.0
841,22,0.0
841,325,0.0
841,876,0.0
841,1679,0.0
841,2010,0.0
841,1110,0.0
841,1216,0.0
841,684,0.0
841,262,0.0
841,1452,0.0
841,806,0.0
841,1383,0.0
841,1585,0.0
841,432,0.0
841,559,0.0
841,507,0.0
841,48,0.0
841,167,0.0
841,1702,0.0
841,440,0.0
841,593,0.0
841,1598,0.0
841,227,0.0
841,1975,0.0
841,213,0.0
841,1665,0.0
841,879,0.0
841,1177,0.0
841,1777,0.0
841,607,0.0
841,1430,0.0
841,1912,0.0
841,1767,0.0
841,749,0.0
841,1041,0.0
841,466,0.0
841,343,0.0
842,2,3.5
842,19,0.0
842,1652,0.0
842,358,0.0
842,432,0.0
842,999,0.0
842,610,0.0
842,486,0.0
842,1914,0.0
842,329,0.0
842,1690,0.0
842,1330,0.0
842,184,0.0
842,334,0.0
842,505,0.0
842,462,0.0
842,1956,0.0
842,994,0.0
842,2,0.0
842,668,0.0
842,1987,0.0
842,174,0.0
842,1871,0.0
842,1604,0.0
842,1556,0.0
842,999,0.0
842,297,0.0
842,117,0.0
842,788,0.0
842,641,0.0
842,205,0.0
842,1732,0.0
842,1158,0.0
842,1226,0.0
842,1058,0.0
842,29,0.0
842,1451,0.0
842,941,0.0
842,822,0.0
842,256,0.0
842,1404,0.0
842,181,0.0
842,207,0.0
842,878,0.0
842,1664,0.0
842,1598,0.0
842,1462,0.0
842,341,0.0
842,1612,0.0
842,377,0.0
843,252,2.0
843,484,0.0
843,1169,0.0
843,1678,0.0
843,1555,0.0
843,1593,0.0
843,1319,0.0
843,577,0.0
843,344,0.0
843,1420,0.0
843,474,0.0
843,524,0.0
843,1597,0.0
843,1947,0.0
843,45,0.0
843,1934,0.0
843,1628,0.0
843,980,0.0
843,1451,0.0
843,1246,0.0
843,22,0.0
843,1892,0.0
843,66,0.0
843,625,0.0
843,1506,0.0
843,205,0.0
843,1601,0.0
843,1585,0.0
843,1676,0.0
843,257,0.0
843,1995,0.0
843,2010,0.0
843,545,0.0
843,807,0.0
843,252,0.0
843,1604,0.0
843,1212,0.0
843,152,0.0
843,1738,0.0
843,76,0.0
843,702,0.0
843,539,0.0
843,724,0.0
843,368,0.0
843,567,0.0
843,623,0.0
843,1778,0.0
843,1177,0.0
843,154,0.0
843,793,0.0
844,215,4.0
844,978,0.0
844,1045,0.0
844,809,0.0
844,876,0.0
844,1568,0.0
844,620,0.0
844,1417,0.0
844,46,0.0
844,1631,0.0
844,1148,0.0
844,1358,0.0
844,1318,0.0
844,889,0.0
844,1837,0.0
844,839,0.0
844,1842,0.0
844,1560,0.0
844,1617,0.0
844,1934,0.0
844,569,0.0
844,1978,0.0
844,537,0.0
844,1320,0.0
844,43,0.0
844,596,0.0
844,21,0.0
844,1901,0.0
844,225,0.0
844,548,0.0
844,373,0.0
844,612,0.0
844,653,0.0
844,1027,0.0
844,23,0.0
844,1985,0.0
844,1726,0.0
844,832,0.0
844,1345,0.0
844,1804,0.0
844,538,0.0
844,371,0.0
844,1616,0.0
844,1656,0.0
844,1388,0.0
844,912,0.0
844,1092,0.0
844,1495,0.0
844,1528,0.0
844,1336,0.0
845,254,2.5
845,594,0.0
845,1182,0.0
845,229,0.0
845,1258,0.0
845,799,0.0
845,1409,0.0
845,529,0.0
845,1307,0.0
845,70,0.0
845,1527,0.0
845,1238,0.0
845,116,0.0
845,99,0.0
845,599,0.0
845,859,0.0
845,1688,0.0
845,294,0.0
845,1200,0.0
845,1155,0.0
845,1004,0.0
845,1843,0.0
845,633,0.0
845,1746,0.0
845,1603,0.0
845,56,0.0
845,1036,0.0
845,192,0.0
845,1598,0.0
845,993,0.0
845,1862,0.0
845,1533,0.0
845,1176,0.0
845,1046,0.0
845,29,0.0
845,1392,0.0
845,1724,0.0
845,1414,0.0
845,309,0.0
845,1644,0.0
845,1424,0.0
845,1376,0.0
845,571,0.0
845,65,0.0
845,165,0.0
845,1515,0.0
845,1676,0.0
845,563,0.0
845,179,0.0
845,543,0.0
846,2,3.5
846,1281,0.0
846,1656,0.0
846,832,0.0
846,961,0.0
846,726,0.0
846,475,0.0
846,244,0.0
846,1360,0.0
846,691,0.0
846,487,0.0
846,852,0.0
846,1835,0.0
846,1825,0.0
846,1096,0.0
846,1744,0.0
846,752,0.0
846,1897,0.0
846,1708,0.0
846,927,0.0
846,1028,0.0
846,1485,0.0
846,1389,0.0
846,1518,0.0
846,216,0.0
846,1237,0.0
846,958,0.0
846,1348,0.0
846,309,0.0
846,37,0.0
846,904,0.0
846,1084,0.0
846,1118,0.0
846,232,0.0
846,1812,0.0
846,1571,0.0
846,512,0.0
846,149,0.0
846,1494,0.0
846,214,0.0
846,398,0.0
846,1581,0.0
846,1600,0.0
846,1029,0.0
846,1959,0.0
846,1954,0.0
846,1104,0.0
846,188,0.0
846,1686,0.0
846,659,0.0
847,209,4.0
847,1308,0.0
847,1093,0.0
847,1871,0.0
847,1600,0.0
847,957,0.0
847,1733,0.0
847,1551,0.0
847,1333,0.0
847,864,0.0
847,1286,0.0
847,59,0.0
847,521,0.0
847,308,0.0
847,1543,0.0
847,1405,0.0
847,340,0.0
847,1625,0.0
847,1572,0.0
847,2001,0.0
847,899,0.0
847,1107,0.0
847,2031,0.0
847,1257,0.0
847,761,0.0
847,239,0.0
847,1127,0.0
847,1746,0.0
847,224,0.0
847,278,0.0
847,1416,0.0
847,1701,0.0
847,1836,0.0
847,428,0.0
847,401,0.0
847,45,0.0
847,513,0.0
847,1199,0.0
847,1023,0.0
847,1808,0.0
847,1653,0.0
847,1807,0.0
847,1389,0.0
847,1196,0.0
847,303,0.0
847,151,0.0
847,350,0.0
847,704,0.0
847,91,0.0
847,2032,0.0
848,1945,4.0
848,949,0.0
848,1520,0.0
848,673,0.0
848,1750,0.0
848,1141,0.0
848,236,0.0
848,1241,0.0
848,1147,0.0
848,628,0.0
848,1286,0.0
848,1873,0.0
848,169,0.0
848,1731,0.0
848,820,0.0
848,391,0.0
848,1173,0.0
848,1269,0.0
848,500,0.0
848,1817,0.0
848,1996,0.0
848,1214,0.0
848,173,0.0
848,1908,0.0
848,592,0.0
848,171,0.0
848,957,0.0
848,675,0.0
848,808,0.0
848,622,0.0
848,718,0.0
848,337,0.0
848,1434,0.0
848,1093,0.0
848,1121,0.0
848,936,0.0
848,1540,0.0
848,1208,0.0
848,1739,0.0
848,1436,0.0
848,377,0.0
848,2020,0.0
848,1035,0.0
848,1432,0.0
848,1774,0.0
848,417,0.0
848,330,0.0
848,982,0.0
848,279,0.0
848,1138,0.0
849,238,2.5
849,982,0.0
849,944,0.0
849,1528,0.0
849,386,0.0
849,1484,0.0
849,1631,0.0
849,44,0.0
849,290,0.0
849,1281,0.0
849,814,0.0
849,1794,0.0
849,1269,0.0
849,239,0.0
849,1436,0.0
849,1151,0.0
849,1737,0.0
849,275,0.0
849,417,0.0
849,206,0.0
849,1575,0.0
849,364,0.0
849,832,0.0
849,1369,0.0
849,1854,0.0
849,567,0.0
849,159,0.0
849,1857,0.0
849,95,0.0
849,424,0.0
849,1948,0.0
849,1139,0.0
849,1235,0.0
849,598,0.0
849,1330,0.0
849,267,0.0
849,43,0.0
849,1929,0.0
849,594,0.0
849,1011,0.0
849,1481,0.0
849,1746,0.0
849,1881,0.0
849,1495,0.0
849,8,0.0
849,1948,0.0
849,668,0.0
849,2020,0.0
849,1883,0.0
849,1212,0.0
850,1,3.0
850,114,0.0
850,3,0.0
850,642,0.0
850,1762,0.0
850,1151,0.0
850,8,0.0
850,1347,0.0
850,117,0.0
850,1490,0.0
850,855,0.0
850,699,0.0
850,1674,0.0
850,1486,0.0
850,931,0.0
850,124,0.0
850,222,0.0
850,327,0.0
850,1921,0.0
850,1016,0.0
850,817,0.0
850,258,0.0
850,66,0.0
850,1620,0.0
850,882,0.0
850,1085,0.0
850,971,0.0
850,2039,0.0
850,1549,0.0
850,1657,0.0
850,278,0.0
850,1146,0.0
850,588,0.0
850,271,0.0
850,2000,0.0
850,501,0.0
850,657,0.0
850,1292,0.0
850,892,0.0
850,567,0.0
850,217,0.0
850,684,0.0
850,1575,0.0
850,1894,0.0
850,158,0.0
850,359,0.0
850,1488,0.0
850,543,0.0
850,1271,0.0
850,1664,0.0
851,211,3.0
851,1960,0.0
851,522,0.0
851,771,0.0
851,781,0.0
851,1164,0.0
851,654,0.0
851,112,0.0
851,1287,0.0
851,1514,0.0
851,1367,0.0
851,1546,0.0
851,1903,0.0
851,98,0.0
851,472,0.0
851,1046,0.0
851,238,0.0
851,620,0.0
851,1286,0.0
851,1348,0.0
851,671,0.0
851,1755,0.0
851,1707,0.0
851,386,0.0
851,605,0.0
851,121,0.0
851,1323,0.0
851,1732,0.0
851,562,0.0
851,316,0.0
851,1842,0.0
851,1952,0.0
851,19,0.0
851,541,0.0
851,1912,0.0
851,1323,0.0
851,1493,0.0
851,1109,0.0
851,1765,0.0
851,1692,0.0
851,404,0.0
851,977,0.0
851,692,0.0
851,111,0.0
851,1162,0.0
851,1033,0.0
851,1314,0.0
851,1945,0.0
851,378,0.0
851,1905,0.0
852,243,2.5
852,660,0.0
852,401,0.0
852,1511,0.0
852,45,0.0
852,686,0.0
852,153,0.0
852,260,0.0
852,644,0.0
852,286,0.0
852,1691,0.0
852,2032,0.0
852,844,0.0
852,1776,0.0
852,1354,0.0
852,638,0.0
852,704,0.0
852,1495,0.0
852,1292,0.0
852,1657,0.0
852,1681,0.0
852,1687,0.0
852,156,0.0
852,1691,0.0
852,613,0.0
852,428,0.0
852,1908,0.0
852,981,0.0
852,851,0.0
852,1275,0.0
852,266,0.0
852,1842,0.0
852,58,0.0
852,1875,0.0
852,616,0.0
852,1804,0.0
852,1582,0.0
852,1623,0.0
852,170,0.0
852,1687,0.0
852,1711,0.0
852,1342,0.0
852,656,0.0
852,836,0.0
852,1023,0.0
852,821,0.0
852,733,0.0
852,397,0.0
852,1038,0.0
852,968,0.0
853,6,3.5
853,452,0.0
853,1659,0.0
853,303,0.0
853,935,0.0
853,1637,0.0
853,1986,0.0
853,1423,0.0
853,1343,0.0
853,263,0.0
853,364,0.0
853,1412,0.0
853,741,0.0
853,1658,0.0
853,1250,0.0
853,455,0.0
853,1763,0.0
853,1688,0.0
853,1844,0.0
853,1328,0.0
853,504,0.0
853,327,0.0
853,1684,0.0
853,818,0.0
853,1965,0.0
853,1544,0.0
853,1343,0.0
853,735,0.0
853,491,0.0
853,460,0.0
853,1558,0.0
853,1467,0.0
853,1466,0.0
853,1927,0.0
853,1727,0.0
853,1250,0.0
853,565,0.0
853,1627,0.0
853,1550,0.0
853,819,0.0
853,2012,0.0
853,1714,0.0
853,515,0.0
853,417,0.0
853,1124,0.0
853,407,0.0
853,1428,0.0
853,1153,0.0
853,1542,0.0
853,1719,0.0
854,16,3.0
854,1640,0.0
854,1537,0.0
854,1650,0.0
854,502,0.0
854,31,0.0
854,357,0.0
854,61,0.0
854,1120,0.0
854,1401,0.0
854,1670,0.0
854,1519,0.0
854,1633,0.0
854,451,0.0
854,1238,0.0
854,1107,0.0
854,405,0.0
854,1005,0.0
854,1692,0.0
854,1130,0.0
854,1512,0.0
854,356,0.0
854,130,0.0
854,1045,0.0
854,595,0.0
854,1624,0.0
854,225,0.0
854,1129,0.0
854,1972,0.0
854,1884,0.0
854,952,0.0
854,393,0.0
854,870,0.0
854,2030,0.0
854,1124,0.0
854,1831,0.0
854,1905,0.0
854,1171,0.0
854,1916,0.0
854,1253,0.0
854,86,0.0
854,522,0.0
854,1671,0.0
854,92,0.0
854,803,0.0
854,152,0.0
854,1446,0.0
854,353,0.0
854,878,0.0
854,607,0.0
855,246,3.0
855,678,0.0
855,1651,0.0
855,1320,0.0
855,699,0.0
855,1790,0.0
855,1365,0.0
855,833,0.0
855,954,0.0
855,1888,0.0
855,1447,0.0
855,986,0.0
855,18,0.0
855,1846,0.0
855,1903,0.0
855,813,0.0
855,3,0.0
855,466,0.0
855,189,0.0
855,1304,0.0
855,62,0.0
855,1013,0.0
855,2037,0.0
855,1989,0.0
855,1902,0.0
855,1804,0.0
855,1277,0.0
855,1650,0.0
855,1877,0.0
855,1795,0.0
855,1025,0.0
855,66,0.0
855,877,0.0
855,1309,0.0
855,131,0.0
855,1071,0.0
855,1578,0.0
855,604,0.0
855,940,0.0
855,992,0.0
855,1676,0.0
855,1070,0.0
855,1254,0.0
855,1759,0.0
855,283,0.0
855,548,0.0
855,1051,0.0
855,1434,0.0
855,1496,0.0
855,1693,0.0
856,234,3.5
856,1382,0.0
856,136,0.0
856,774,0.0
856,1598,0.0
856,1454,0.0
856,555,0.0
856,1274,0.0
856,432,0.0
856,846,0.0
856,206,0.0
856,2004,0.0
856,445,0.0
856,1082,0.0
856,1229,0.0
856,1994,0.0
856,330,0.0
856,595,0.0
856,524,0.0
856,748,0.0
856,1181,0.0
856,1127,0.0
856,358,0.0
856,851,0.0
856,1388,0.0
856,554,0.0
856,1202,0.0
856,357,0.0
856,1287,0.0
856,754,0.0
856,548,0.0
856,1897,0.0
856,1376,0.0
856,1881,0.0
856,1387,0.0
856,1273,0.0
856,1143,0.0
856,1215,0.0
856,806,0.0
856,1927,0.0
856,1085,0.0
856,1233,0.0
856,1830,0.0
856,1933,0.0
856,51,0.0
856,1745,0.0
856,312,0.0
856,1940,0.0
856,1302,0.0
856,387,0.0
857,212,3.0
857,786,0.0
857,364,0.0
857,1933,0.0
857,1994,0.0
857,1457,0.0
857,610,0.0
857,1084,0.0
857,931,0.0
857,1346,0.0
857,1752,0.0
857,588,0.0
857,207,0.0
857,347,0.0
857,44,0.0
857,346,0.0
857,713,0.0
857,1745,0.0
857,1863,0.0
857,646,0.0
857,368,0.0
857,533,0.0
857,357,0.0
857,494,0.0
857,904,0.0
857,59,0.0
857,297,0.0
857,58,0.0
857,1447,0.0
857,230,0.0
857,796,0.0
857,1718,0.0
857,447,0.0
857,612,0.0
857,1649,0.0
857,367,0.0
857,2030,0.0
857,553,0.0
857,1052,0.0
857,987,0.0
857,276,0.0
857,608,0.0
857,702,0.0
857,1402,0.0
857,830,0.0
857,2009,0.0
857,37,0.0
857,1230,0.0
857,1729,0.0
857,1675,0.0
858,7,2.5
858,958,0.0
858,323,0.0
858,1975,0.0
858,11,0.0
858,1822,0.0
858,2024,0.0
858,1046,0.0
858,1184,0.0
858,263,0.0
858,1725,0.0
858,379,0.0
858,1776,0.0
858,79,0.0
858,1294,0.0
858,424,0.0
858,615,0.0
858,435,0.0
858,921,0.0
858,1101,0.0
858,1547,0.0
858,794,0.0
858,1134,0.0
858,990,0.0
858,451,0.0
858,1437,0.0
858,259,0.0
858,821,0.0
858,1374,0.0
858,1953,0.0
858,707,0.0
858,851,0.0
858,1207,0.0
858,657,0.0
858,174,0.0
858,711,0.0
858,1723,0.0
858,1641,0.0
858,1978,0.0
858,1409,0.0
858,1912,0.0
858,584,0.0
858,1295,0.0
858,1749,0.0
858,185,0.0
858,651,0.0
858,1924,0.0
858,166,0.0
858,142,0.0
858,492,0.0
859,213,4.0
859,1964,0.0
859,135,0.0
859,1313,0.0
859,975,0.0
859,978,0.0
859,1671,0.0
859,1675,0.0
859,42,0.0
859,1128,0.0
859,1847,0.0
859,1054,0.0
859,1705,0.0
859,1696,0.0
859,786,0.0
859,1788,0.0
859,1242,0.0
859,2007,0.0
859,112,0.0
859,731,0.0
859,1718,0.0
859,1283,0.0
859,11,0.0
859,1494,0.0
859,1363,0.0
859,871,0.0
859,1947,0.0
859,245,0.0
859,1273,0.0
859,1593,0.0
859,508,0.0
859,1327,0.0
859,1911,0.0
859,1915,0.0
859,1536,0.0
859,1384,0.0
859,1738,0.0
859,43,0.0
859,1342,0.0
859,606,0.0
859,1512,0.0
859,1317,0.0
859,508,0.0
859,1544,0.0
859,1797,0.0
859,1349,0.0
859,1276,0.0
859,307,0.0
859,1346,0.0
859,1631,0.0
860,8,2.5
860,252,0.0
860,1629,0.0
860,1824,0.0
860,957,0.0
860,661,0.0
860,1388,0.0
860,668,0.0
860,727,0.0
860,1283,0.0
860,1457,0.0
860,1995,0.0
860,611,0.0
860,1145,0.0
860,1667,0.0
860,1540,0.0
860,978,0.0
860,1768,0.0
860,678,0.0
860,568,0.0
860,542,0.0
860,518,0.0
860,11,0.0
860,9,0.0
860,156,0.0
860,1011,0.0
860,724,0.0
860,140,0.0
860,2006,0.0
860,638,0.0
860,1733,0.0
860,1950,0.0
860,136,0.0
860,690,0.0
860,1623,0.0
860,1423,0.0
860,442,0.0
860,1465,0.0
860,1290,0.0
860,675,0.0
860,1784,0.0
860,1536,0.0
860,276,0.0
860,1707,0.0
860,1379,0.0
860,932,0.0
860,1797,0.0
860,1677,0.0
860,1116,0.0
860,640,0.0
861,10,4.0
861,2024,0.0
861,1540,0.0
861,628,0.0
861,300,0.0
861,703,0.0
861,1983,0.0
861,1962,0.0
861,426,0.0
861,115,0.0
861,235,0.0
861,1586,0.0
861,12,0.0
861,1241,0.0
861,1352,0.0
861,67,0.0
861,742,0.0
861,2014,0.0
861,836,0.0
861,390,0.0
861,1115,0.0
861,103,0.0
861,1613,0.0
861,2007,0.0
861,1449,0.0
861,613,0.0
861,772,0.0
861,1966,0.0
861,303,0.0
861,378,0.0
861,1761,0.0
861,1371,0.0
861,1198,0.0
861,1415,0.0
861,1428,0.0
861,87,0.0
861,629,0.0
861,1815,0.0
861,1676,0.0
861,624,0.0
861,1934,0.0
861,1272,0.0
861,365,0.0
861,1112,0.0
861,2034,0.0
861,876,0.0
861,1844,0.0
861,731,0.0
861,998,0.0
861,455,0.0
862,236,2.0
862,1587,0.0
862,266,0.0
862,1173,0.0
862,814,0.0
862,1880,0.0
862,1548,0.0
862,381,0.0
862,1635,0.0
862,373,0.0
862,684,0.0
862,505,0.0
862,236,0.0
862,1610,0.0
862,324,0.0
862,1912,0.0
862,1273,0.0
862,589,0.0
862,789,0.0
862,1474,0.0
862,753,0.0
862,1954,0.0
862,1951,0.0
862,1445,0.0
862,1849,0.0
862,1959,0.0
862,1239,0.0
862,731,0.0
862,20,0.0
862,304,0.0
862,1376,0.0
862,603,0.0
862,806,0.0
862,1009,0.0
862,444,0.0
862,1635,0.0
862,265,0.0
862,996,0.0
862,1191,0.0
862,1081,0.0
862,600,0.0
862,1708,0.0
862,1680,0.0
862,632,0.0
862,756,0.0
862,323,0.0
862,1289,0.0
862,1908,0.0
862,1085,0.0
862,88,0.0
863,242,3.5
863,499,0.0
863,1158,0.0
863,1921,0.0
863,829,0.0
863,501,0.0
863,973,0.0
863,1368,0.0
863,729,0.0
863,900,0.0
863,659,0.0
863,1661,0.0
863,760,0.0
863,53,0.0
863,331,0.0
863,958,0.0
863,1443,0.0
863,1758,0.0
863,1744,0.0
863,655,0.0
863,312,0.0
863,1855,0.0
863,1161,0.0
863,354,0.0
863,1525,0.0
863,224,0.0
863,613,0.0
863,98,0.0
863,306,0.0
863,794,0.0
863,390,0.0
863,1114,0.0
863,1832,0.0
863,373,0.0
863,203,0.0
863,1917,0.0
863,1773,0.0
863,608,0.0
863,632,0.0
863,1932,0.0
863,1140,0.0
863,65,0.0
863,130,0.0
863,778,0.0
863,900,0.0
863,827,0.0
863,1409,0.0
863,2029,0.0
863,91,0.0
863,1100,0.0
864,2,4.0
864,1087,0.0
864,1263,0.0
864,1118,0.0
864,1681,0.0
864,397,0.0
864,887,0.0
864,48,0.0
864,1476,0.0
864,144,0.0
864,916,0.0
864,397,0.0
864,770,0.0
864,670,0.0
864,1752,0.0
864,1326,0.0
864,427,0.0
864,1040,0.0
864,2009,0.0
864,80,0.0
864,183,0.0
864,466,0.0
864,282,0.0
864,1094,0.0
864,89,0.0
864,708,0.0
864,641,0.0
864,1615,0.0
864,1981,0.0
864,1388,0.0
864,202,0.0
864,1254,0.0
864,598,0.0
864,1762,0.0
864,5,0.0
864,356,0.0
864,1472,0.0
864,1760,0.0
864,1169,0.0
864,54,0.0
864,1090,0.0
864,1720,0.0
864,146,0.0
864,585,0.0
864,979,0.0
864,1674,0.0
864,735,0.0
864,1255,0.0
864,1491,0.0
864,694,0.0
865,248,2.0
865,860,0.0
865,1852,0.0
865,255,0.0
865,115,0.0
865,790,0.0
865,1412,0.0
865,1108,0.0
865,1655,0.0
865,1919,0.0
865,49,0.0
865,1187,0.0
865,1171,0.0
865,554,0.0
865,1159,0.0
865,1781,0.0
865,1241,0.0
865,1960,0.0
865,505,0.0
865,1816,0.0
865,1395,0.0
865,233,0.0
865,774,0.0
865,1138,0.0
865,1877,0.0
865,188,0.0
865,1440,0.0
865,1220,0.0
865,549,0.0
865,523,0.0
865,1659,0.0
865,1579,0.0
865,820,0.0
865,13,0.0
865,966,0.0
865,859,0.0
865,1587,0.0
865,1268,0.0
865,1715,0.0
865,1325,0.0
865,1487,0.0
865,1960,0.0
865,1665,0.0
865,432,0.0
865,2014,0.0
865,611,0.0
865,461,0.0
865,877,0.0
865,283,0.0
865,622,0.0
866,209,4.0
866,107,0.0
866,1539,0.0
866,1750,0.0
866,1714,0.0
866,1690,0.0
866,800,0.0
866,736,0.0
866,1128,0.0
866,1405,0.0
866,1619,0.0
866,76,0.0
866,202,0.0
866,850,0.0
866,1524,0.0
866,1264,0.0
866,799,0.0
866,706,0.0
866,1395,0.0
866,1228,0.0
866,411,0.0
866,1237,0.0
866,440,0.0
866,1554,0.0
866,1694,0.0
866,1235,0.0
866,52,0.0
866,1534,0.0
866,1111,0.0
866,671,0.0
866,8,0.0
866,690,0.0
866,82,0.0
866,1686,0.0
866,1048,0.0
866,224,0.0
866,1520,0.0
866,429,0.0
866,1451,0.0
866,1217,0.0
866,1141,0.0
866,834,0.0
866,894,0.0
866,1947,0.0
866,759,0.0
866,2020,0.0
866,994,0.0
866,77,0.0
866,1175,0.0
866,1079,0.0
867,248,3.0
867,1179,0.0
867,1547,0.0
867,271,0.0
867,1760,0.0
867,1186,0.0
867,555,0.0
867,1859,0.0
867,905,0.0
867,737,0.0
867,764,0.0
867,744,0.0
867,770,0.0
867,798,0.0
867,1203,0.0
867,1246,0.0
867,115,0.0
867,960,0.0
867,1028,0.0
867,772,0.0
867,65,0.0
867,526,0.0
867,448,0.0
867,1172,0.0
867,100,0.0
867,1990,0.0
867,1290,0.0
867,729,0.0
867,553,0.0
867,65,0.0
867,1373,0.0
867,1852,0.0
867,1851,0.0
867,1933,0.0
867,119,0.0
867,244,0.0
867,388,0.0
867,286,0.0
867,1071,0.0
867,799,0.0
867,824,0.0
867,1790,0.0
867,417,0.0
867,969,0.0
867,350,0.0
867,154,0.0
867,1361,0.0
867,1284,0.0
867,1552,0.0
867,202,0.0
868,251,3.0
868,1703,0.0
868,652,0.0
868,1748,0.0
868,481,0.0
868,299,0.0
868,31,0.0
868,456,0.0
868,541,0.0
868,1408,0.0
868,1844,0.0
868,1355,0.0
868,43,0.0
868,546,0.0
868,983,0.0
868,423,0.0
868,44,0.0
868,1979,0.0
868,379,0.0
868,496,0.0
868,883,0.0
868,1915,0.0
868,958,0.0
868,137,0.0
868,1582,0.0
868,407,0.0
868,184,0.0
868,488,0.0
868,17,0.0
868,1720,0.0
868,1095,0.0
868,634,0.0
868,1965,0.0
868,170,0.0
868,1100,0.0
868,399,0.0
868,909,0.0
868,1544,0.0
868,1224,0.0
868,1778,0.0
868,1604,0.0
868,238,0.0
868,1340,0.0
868,1546,0.0
868,1938,0.0
868,319,0.0
868,1573,0.0
868,521,0.0
868,527,0.0
868,476,0.0
869,2,3.0
869,779,0.0
869,1618,0.0
869,1136,0.0
869,1802,0.0
869,506,0.0
869,1666,0.0
869,1852,0.0
869,449,0.0
869,1591,0.0
869,1913,0.0
869,749,0.0
869,537,0.0
869,1877,0.0
869,1780,0.0
869,1232,0.0
869,1313,0.0
869,497,0.0
869,1206,0.0
869,1742,0.0
869,715,0.0
869,399,0.0
869,1231,0.0
869,1446,0.0
869,1413,0.0
869,1389,0.0
869,583,0.0
869,1459,0.0
869,920,0.0
869,1335,0.0
869,338,0.0
869,1170,0.0
869,1739,0.0
869,456,0.0
869,2024,0.0
869,1884,0.0
869,1434,0.0
869,644,0.0
869,281,0.0
869,413,0.0
869,1613,0.0
869,1120,0.0
869,162,0.0
869,842,0.0
869,1460,0.0
869,1219,0.0
869,1651,0.0
869,160,0.0
869,254,0.0
869,1093,0.0
870,206,2.0
870,1948,0.0
870,1633,0.0
870,1169,0.0
870,897,0.0
870,408,0.0
870,1533,0.0
870,1108,0.0
870,1586,0.0
870,1630,0.0
870,1813,0.0
870,1032,0.0
870,858,0.0
870,1112,0.0
870,1112,0.0
870,218,0.0
870,841,0.0
870,349,0.0
870,1914,0.0
870,1923,0.0
870,404,0.0
870,1915,0.0
870,1821,0.0
870,1184,0.0
870,42,0.0
870,1497,0.0
870,1781,0.0
870,257,0.0
870,1878,0.0
870,1182,0.0
870,1155,0.0
870,1582,0.0
870,851,0.0
870,1624,0.0
870,1068,0.0
870,1344,0.0
870,1013,0.0
870,1217,0.0
870,1541,0.0
870,1286,0.0
870,434,0.0
870,1731,0.0
870,529,0.0
870,1910,0.0
870,1320,0.0
870,1524,0.0
870,1642,0.0
870,68,0.0
870,1048,0.0
870,567,0.0
871,7,3.0
871,136,0.0
871,150,0.0
871,2037,0.0
871,1652,0.0
871,702,0.0
871,201,0.0
871,942,0.0
871,1273,0.0
871,1622,0.0
871,73,0.0
871,1345,0.0
871,548,0.0
871,636,0.0
871,999,0.0
871,997,0.0
871,1189,0.0
871,1024,0.0
871,1967,0.0
871,1361,0.0
871,290,0.0
871,70,0.0
871,107,0.0
871,1513,0.0
871,597,0.0
871,1204,0.0
871,1048,0.0
871,1833,0.0
871,1174,0.0
871,1288,0.0
871,1946,0.0
871,202,0.0
871,1586,0.0
871,1498,0.0
871,2023,0.0
871,1243,0.0
871,568,0.0
871,1105,0.0
871,163,0.0
871,929,0.0
871,1292,0.0
871,1206,0.0
871,1965,0.0
871,179,0.0
871,2013,0.0
871,1819,0.0
871,597,0.0
871,471,0.0
871,1134,0.0
871,1693,0.0
872,243,1.0
872,285,0.0
872,214,0.0
872,995,0.0
872,1871,0.0
872,1095,0.0
872,1231,0.0
872,1162,0.0
872,1781,0.0
872,1402,0.0
872,1664,0.0
872,981,0.0
872,401,0.0
872,611,0.0
872,522,0.0
872,339,0.0
872,1929,0.0
872,1199,0.0
872,828,0.0
872,905,0.0
872,356,0.0
872,377,0.0
872,1339,0.0
872,1905,0.0
872,1685,0.0
872,74,0.0
872,1122,0.0
872,264,0.0
872,910,0.0
872,1013,0.0
872,1778,0.0
872,1106,0.0
872,1828,0.0
872,1605,0.0
872,227,0.0
872,1707,0.0
872,1988,0.0
872,130,0.0
872,1033,0.0
872,1996,0.0
872,1923,0.0
872,1591,0.0
872,1959,0.0
872,544,0.0
872,243,0.0
872,1249,0.0
872,227,0.0
872,244,0.0
872,1952,0.0
872,443,0.0
873,252,4.0
873,905,0.0
873,543,0.0
873,334,0.0
873,1402,0.0
873,1657,0.0
873,835,0.0
873,1563,0.0
873,899,0.0
873,700,0.0
873,1356,0.0
873,1163,0.0
873,1806,0.0
873,1308,0.0
873,1366,0.0
873,268,0.0
873,805,0.0
873,185,0.0
873,109,0.0
873,766,0.0
873,34,0.0
873,1959,0.0
873,1867,0.0
873,1245,0.0
873,1645,0.0
873,1796,0.0
873,1537,0.0
873,1769,0.0
873,797,0.0
873,1122,0.0
873,630,0.0
873,9,0.0
873,1608,0.0
873,208,0.0
873,1659,0.0
873,37,0.0
873,1978,0.0
873,93,0.0
873,1256,0.0
873,886,0.0
873,1186,0.0
873,838,0.0
873,651,0.0
873,241,0.0
873,681,0.0
873,97,0.0
873,1968,0.0
873,1406,0.0
873,578,0.0
873,1312,0.0
874,83,4.0
874,1787,0.0
874,776,0.0
874,1211,0.0
874,623,0.0
874,1053,0.0
874,1808,0.0
874,1459,0.0
874,1338,0.0
874,886,0.0
874,387,0.0
874,679,0.0
874,479,0.0
874,607,0.0
874,134,0.0
874,1061,0.0
874,287,0.0
874,1092,0.0
874,745,0.0
874,1090,0.0
874,1591,0.0
874,1811,0.0
874,191,0.0
874,1143,0.0
874,400,0.0
874,1423,0.0
874,1546,0.0
874,908,0.0
874,657,0.0
874,1037,0.0
874,1569,0.0
874,1739,0.0
874,1621,0.0
874,468,0.0
874,892,0.0
874,153,0.0
874,1193,0.0
874,956,0.0
874,678,0.0
874,1409,0.0
874,696,0.0
874,305,0.0
874,1648,0.0
874,1679,0.0
874,1341,0.0
874,353,0.0
874,906,0.0
874,1234,0.0
874,1918,0.0
874,1726,0.0
875,234,4.0
875,1356,0.0
875,1097,0.0
875,437,0.0
875,382,0.0
875,914,0.0
875,1374,0.0
875,1289,0.0
875,804,0.0
875,972,0.0
875,1680,0.0
875,2037,0.0
875,950,0.0
875,1668,0.0
875,404,0.0
875,1020,0.0
875,885,0.0
875,1446,0.0
875,1683,0.0
875,966,0.0
875,1934,0.0
875,78,0.0
875,308,0.0
875,726,0.0
875,1056,0.0
875,889,0.0
875,1451,0.0
875,1729,0.0
875,1713,0.0
875,1823,0.0
875,1358,0.0
875,1478,0.0
875,712,0.0
875,950,0.0
875,1435,0.0
875,469,0.0
875,1538,0.0
875,564,0.0
875,937,0.0
875,1793,0.0
875,120,0.0
875,149,0.0
875,152,0.0
875,1752,0.0
875,1951,0.0
875,1003,0.0
875,1670,0.0
875,1279,0.0
875,573,0.0
875,1822,0.0
876,11,2.0
876,729,0.0
876,739,0.0
876,803,0.0
876,418,0.0
876,1447,0.0
876,918,0.0
876,200,0.0
876,1441,0.0
876,1465,0.0
876,2034,0.0
876,1525,0.0
876,1105,0.0
876,1663,0.0
876,79,0.0
876,188,0.0
876,1503,0.0
876,1179,0.0
876,827,0.0
876,1183,0.0
876,753,0.0
876,825,0.0
876,1617,0.0
876,1067,0.0
876,1185,0.0
876,1756,0.0
876,1684,0.0
876,1659,0.0
876,509,0.0
876,1536,0.0
876,694,0.0
876,1231,0.0
876,1968,0.0
876,1120,0.0
876,20,0.0
876,2038,0.0
876,1378,0.0
876,1974,0.0
876,1528,0.0
876,1946,0.0
876,1427,0.0
876,1246,0.0
876,399,0.0
876,2036,0.0
876,1485,0.0
876,559,0.0
876,1055,0.0
876,2039,0.0
876,488,0.0
876,287,0.0
877,218,2.5
877,1167,0.0
877,979,0.0
877,1116,0.0
877,34,0.0
877,1627,0.0
877,1798,0.0
877,1493,0.0
877,525,0.0
877,1338,0.0
877,1507,0.0
877,829,0.0
877,1737,0.0
877,375,0.0
877,833,0.0
877,1813,0.0
877,655,0.0
877,866,0.0
877,1006,0.0
877,487,0.0
877,1519,0.0
877,1994,0.0
877,1399,0.0
877,1514,0.0
877,1322,0.0
877,352,0.0
877,353,0.0
877,1907,0.0
877,1504,0.0
877,978,0.0
877,403,0.0
877,1417,0.0
877,402,0.0
877,756,0.0
877,1514,0.0
877,1547,0.0
877,393,0.0
877,582,0.0
877,1719,0.0
877,103,0.0
877,10,0.0
877,1009,0.0
877,1743,0.0
877,1248,0.0
877,1340,0.0
877,1917,0.0
877,421,0.0
877,272,0.0
877,53,0.0
877,1196,0.0
878,205,2.5
878,566,0.0
878,475,0.0
878,1468,0.0
878,107,0.0
878,1976,0.0
878,588,0.0
878,1596,0.0
878,1145,0.0
878,1627,0.0
878,1858,0.0
878,1245,0.0
878,1482,0.0
878,1665,0.0
878,1521,0.0
878,369,0.0
878,1976,0.0
878,759,0.0
878,1144,0.0
878,1224,0.0
878,1184,0.0
878,1785,0.0
878,1241,0.0
878,574,0.0
878,1423,0.0
878,1752,0.0
878,1408,0.0
878,1876,0.0
878,63,0.0
878,211,0.0
878,1655,0.0
878,68,0.0
878,1147,0.0
878,376,0.0
878,1680,0.0
878,1319,0.0
878,1381,0.0
878,1664,0.0
878,524,0.0
878,1809,0.0
878,67,0.0
878,1902,0.0
878,1293,0.0
878,2031,0.0
878,1156,0.0
878,1085,0.0
878,160,0.0
878,1049,0.0
878,758,0.0
878,700,0.0
879,217,3.5
879,1157,0.0
879,1432,0.0
879,1474,0.0
879,534,0.0
879,1608,0.0
879,350,0.0
879,1051,0.0
879,536,0.0
879,866,0.0
879,1088,0.0
879,1217,0.0
879,1230,0.0
879,1322,0.0
879,1063,0.0
879,463,0.0
879,22,0.0
879,688,0.0
879,2018,0.0
879,1799,0.0
879,127,0.0
879,1286,0.0
879,1812,0.0
879,34,0.0
879,486,0.0
879,100,0.0
879,736,0.0
879,740,0.0
879,610,0.0
879,1105,0.0
879,1340,0.0
879,2002,0.0
879,329,0.0
879,195,0.0
879,413,0.0
879,1900,0.0
879,1532,0.0
879,1504,0.0
879,67,0.0
879,1416,0.0
879,1296,0.0
879,1322,0.0
879,870,0.0
879,1879,0.0
879,1976,0.0
879,870,0.0
879,140,0.0
879,184,0.0
879,1689,0.0
879,1212,0.0
880,9,4.0
880,92,0.0
880,1834,0.0
880,1275,0.0
880,1186,0.0
880,1181,0.0
880,578,0.0
880,137,0.0
880,1407,0.0
880,311,0.0
880,289,0.0
880,64,0.0
880,1797,0.0
880,1221,0.0
880,1706,0.0
880,1551,0.0
880,702,0.0
880,960,0.0
880,1924,0.0
880,1560,0.0
880,1273,0.0
880,538,0.0
880,1705,0.0
880,116,0.0
880,891,0.0
880,566,0.0
880,485,0.0
880,1386,0.0
880,1049,0.0
880,783,0.0
880,1011,0.0
880,876,0.0
880,619,0.0
880,2033,0.0
880,1625,0.0
880,1516,0.0
880,1380,0.0
880,1435,0.0
880,1499,0.0
880,413,0.0
880,1917,0.0
880,1145,0.0
880,1484,0.0
880,1880,0.0
880,428,0.0
880,242,0.0
880,1426,0.0
880,1804,0.0
880,251,0.0
880,1098,0.0
881,214,4.0
881,314,0.0
881,68,0.0
881,197,0.0
881,816,0.0
881,1741,0.0
881,10,0.0
881,868,0.0
881,1153,0.0
881,734,0.0
881,1133,0.0
881,1050,0.0
881,1423,0.0
881,1343,0.0
881,1217,0.0
881,1968,0.0
881,1369,0.0
881,15,0.0
881,1096,0.0
881,947,0.0
881,1651,0.0
881,1224,0.0
881,1668,0.0
881,1187,0.0
881,6,0.0
881,60,0.0
881,1375,0.0
881,924,0.0
881,484,0.0
881,631,0.0
881,1474,0.0
881,1437,0.0
881,935,0.0
881,1054,0.0
881,559,0.0
881,90,0.0
881,1541,0.0
881,445,0.0
881,1308,0.0
881,1416,0.0
881,949,0.0
881,1619,0.0
881,1905,0.0
881,1162,0.0
881,1810,0.0
881,2022,0.0
881,329,0.0
881,1156,0.0
881,1638,0.0
881,2006,0.0
882,7,3.0
882,258,0.0
882,565,0.0
882,118,0.0
882,1778,0.0
882,1165,0.0
882,289,0.0
882,1662,0.0
882,224,0.0
882,893,0.0
882,1252,0.0
882,752,0.0
882,1280,0.0
882,244,0.0
882,175,0.0
882,1378,0.0
882,521,0.0
882,1618,0.0
882,1162,0.0
882,118,0.0
882,1662,0.0
882,1634,0.0
882,1601,0.0
882,258,0.0
882,1678,0.0
882,570,0.0
882,1779,0.0
882,1896,0.0
882,1215,0.0
882,942,0.0
882,1883,0.0
882,1153,0.0
882,157,0.0
882,1701,0.0
882,260,0.0
882,389,0.0
882,644,0.0
882,2037,0.0
882,1547,0.0
882,131,0.0
882,407,0.0
882,1176,0.0
882,281,0.0
882,566,0.0
882,767,0.0
882,1661,0.0
882,45,0.0
882,685,0.0
882,1322,0.0
882,1979,0.0
883,212,2.5
883,1634,0.0
883,431,0.0
883,1688,0.0
883,1504,0.0
883,887,0.0
883,1312,0.0
883,1618,0.0
883,101,0.0
883,330,0.0
883,375,0.0
883,230,0.0
883,1474,0.0
883,763,0.0
883,1893,0.0
883,1344,0.0
883,423,0.0
883,1048,0.0
883,568,0.0
883,415,0.0
883,301,0.0
883,1123,0.0
883,1411,0.0
883,118,0.0
883,1686,0.0
883,1615,0.0
883,330,0.0
883,661,0.0
883,358,0.0
883,1149,0.0
883,288,0.0
883,552,0.0
883,1725,0.0
883,1957,0.0
883,439,0.0
883,574,0.0
883,716,0.0
883,1364,0.0
883,1227,0.0
883,1974,0.0
883,1202,0.0
883,345,0.0
883,2032,0.0
883,1014,0.0
883,1012,0.0
883,832,0.0
883,104,0.0
883,312,0.0
883,85,0.0
883,1946,0.0
884,249,3.5
884,495,0.0
884,980,0.0
884,743,0.0
884,1622,0.0
884,1839,0.0
884,699,0.0
884,2028,0.0
884,44,0.0
884,1354,0.0
884,835,0.0
884,963,0.0
884,910,0.0
884,859,0.0
884,2019,0.0
884,1095,0.0
884,727,0.0
884,97,0.0
884,1294,0.0
884,1430,0.0
884,1467,0.0
884,1114,0.0
884,1677,0.0
884,116,0.0
884,1537,0.0
884,1916,0.0
884,994,0.0
884,1066,0.0
884,70,0.0
884,1167,0.0
884,1365,0.0
884,757,0.0
884,795,0.0
884,1951,0.0
884,838,0.0
884,725,0.0
884,106,0.0
884,385,0.0
884,455,0.0
884,774,0.0
884,293,0.0
884,175,0.0
884,2004,0.0
884,1130,0.0
884,1109,0.0
884,1533,0.0
884,1250,0.0
884,593,0.0
884,328,0.0
884,1264,0.0
885,10,4.0
885,1743,0.0
885,823,0.0
885,1398,0.0
885,574,0.0
885,1101,0.0
885,29,0.0
885,1375,0.0
885,762,0.0
885,830,0.0
885,1138,0.0
885,1900,0.0
885,1355,0.0
885,1528,0.0
885,730,0.0
885,1177,0.0
885,2031,0.0
885,1756,0.0
885,534,0.0
885,368,0.0
885,1749,0.0
885,1683,0.0
885,1381,0.0
885,301,0.0
885,1743,0.0
885,1694,0.0
885,1474,0.0
885,916,0.0
885,306,0.0
885,1702,0.0
885,1086,0.0
885,836,0.0
885,1299,0.0
885,510,0.0
885,1017,0.0
885,886,0.0
885,1558,0.0
885,1759,0.0
885,937,0.0
885,1736,0.0
885,386,0.0
885,794,0.0
885,858,0.0
885,457,0.0
885,1871,0.0
885,1431,0.0
885,1750,0.0
885,1800,0.0
885,1409,0.0
885,1413,0.0
886,281,4.0
886,93,0.0
886,718,0.0
886,681,0.0
886,667,0.0
886,1779,0.0
886,514,0.0
886,1243,0.0
886,1028,0.0
886,193,0.0
886,53,0.0
886,933,0.0
886,975,0.0
886,811,0.0
886,1232,0.0
886,1611,0.0
886,1753,0.0
886,1976,0.0
886,1520,0.0
886,1653,0.0
886,1478,0.0
886,1815,0.0
886,1103,0.0
886,2001,0.0
886,1722,0.0
886,1031,0.0
886,90,0.0
886,345,0.0
886,1021,0.0
886,350,0.0
886,209,0.0
886,257,0.0
886,1064,0.0
886,726,0.0
886,695,0.0
886,303,0.0
886,1264,0.0
886,1641,0.0
886,1557,0.0
886,864,0.0
886,244,0.0
886,785,0.0
886,590,0.0
886,1960,0.0
886,1858,0.0
886,303,0.0
886,1913,0.0
886,1558,0.0
886,110,0.0
886,1153,0.0
887,214,3.0
887,854,0.0
887,39,0.0
887,1235,0.0
887,1079,0.0
887,711,0.0
887,290,0.0
887,816,0.0
887,1642,0.0
887,706,0.0
887,1375,0.0
887,1145,0.0
887,1118,0.0
887,1451,0.0
887,2029,0.0
887,798,0.0
887,1660,0.0
887,1472,0.0
887,843,0.0
887,637,0.0
887,913,0.0
887,343,0.0
887,1571,0.0
887,1981,0.0
887,1948,0.0
887,1752,0.0
887,1942,0.0
887,1026,0.0
887,1053,0.0
887,976,0.0
887,1278,0.0
887,44,0.0
887,1200,0.0
887,1245,0.0
887,1648,0.0
887,121,0.0
887,274,0.0
887,959,0.0
887,900,0.0
887,1767,0.0
887,311,0.0
887,417,0.0
887,760,0.0
887,1352,0.0
887,1126,0.0
887,687,0.0
887,1771,0.0
887,281,0.0
887,1268,0.0
887,1156,0.0
888,211,3.5
888,758,0.0
888,1499,0.0
888,1053,0.0
888,1563,0.0
888,1491,0.0
888,1411,0.0
888,1603,0.0
888,356,0.0
888,1678,0.0
888,545,0.0
888,458,0.0
888,470,0.0
888,866,0.0
888,938,0.0
888,1250,0.0
888,1738,0.0
888,572,0.0
888,1214,0.0
888,1025,0.0
888,1141,0.0
888,307,0.0
888,563,0.0
888,1038,0.0
888,423,0.0
888,1819,0.0
888,1502,0.0
888,1119,0.0
888,609,0.0
888,54,0.0
888,1969,0.0
888,1301,0.0
888,412,0.0
888,1268,0.0
888,1863,0.0
888,981,0.0
888,1419,0.0
888,1494,0.0
888,37,0.0
888,1655,0.0
888,769,0.0
888,1163,0.0
888,182,0.0
888,1236,0.0
888,125,0.0
888,139,0.0
888,620,0.0
888,1502,0.0
888,1544,0.0
888,1486,0.0
889,1995,3.5
889,1471,0.0
889,1695,0.0
889,1800,0.0
889,1846,0.0
889,322,0.0
889,1783,0.0
889,23,0.0
889,376,0.0
889,778,0.0
889,1179,0.0
889,1295,0.0
889,92,0.0
889,1896,0.0
889,1547,0.0
889,1773,0.0
889,120,0.0
889,451,0.0
889,601,0.0
889,899,0.0
889,586,0.0
889,1345,0.0
889,1054,0.0
889,951,0.0
889,1457,0.0
889,706,0.0
889,600,0.0
889,609,0.0
889,128,0.0
889,452,0.0
889,806,0.0
889,435,0.0
889,1630,0.0
889,1699,0.0
889,506,0.0
889,1986,0.0
889,1765,0.0
889,651,0.0
889,1340,0.0
889,1487,0.0
889,1351,0.0
889,906,0.0
889,108,0.0
889,525,0.0
889,1498,0.0
889,2001,0.0
889,949,0.0
889,391,0.0
889,672,0.0
889,1667,0.0
890,83,3.0
890,1319,0.0
890,384,0.0
890,1911,0.0
890,597,0.0
890,1087,0.0
890,80,0.0
890,779,0.0
890,2027,0.0
890,1208,0.0
890,460,0.0
890,1368,0.0
890,1561,0.0
890,237,0.0
890,1319,0.0
890,1901,0.0
890,1510,0.0
890,1392,0.0
890,298,0.0
890,736,0.0
890,839,0.0
890,1932,0.0
890,1113,0.0
890,1463,0.0
890,528,0.0
890,87,0.0
890,23,0.0
890,331,0.0
890,1758,0.0
890,1081,0.0
890,463,0.0
890,1001,0.0
890,188,0.0
890,1487,0.0
890,221,0.0
890,1947,0.0
890,962,0.0
890,352,0.0
890,1074,0.0
890,1111,0.0
890,221,0.0
890,487,0.0
890,2031,0.0
890,859,0.0
890,878,0.0
890,166,0.0
890,1729,0.0
890,1996,0.0
890,100,0.0
890,1737,0.0
891,531,4.0
891,806,0.0
891,2011,0.0
891,1215,0.0
891,615,0.0
891,67,0.0
891,323,0.0
891,1178,0.0
891,453,0.0
891,225,0.0
891,1256,0.0
891,1531,0.0
891,103,0.0
891,465,0.0
891,1851,0.0
891,427,0.0
891,1775,0.0
891,1949,0.0
891,992,0.0
891,441,0.0
891,723,0.0
891,1149,0.0
891,1658,0.0
891,1059,0.0
891,1261,0.0
891,1265,0.0
891,132,0.0
891,891,0.0
891,1250,0.0
891,1426,0.0
891,395,0.0
891,89,0.0
891,254,0.0
891,955,0.0
891,82,0.0
891,1523,0.0
891,650,0.0
891,1332,0.0
891,531,0.0
891,840,0.0
891,1107,0.0
891,26,0.0
891,1014,0.0
891,1593,0.0
891,378,0.0
891,1924,0.0
891,1353,0.0
891,392,0.0
891,216,0.0
891,1868,0.0
892,209,2.0
892,561,0.0
892,472,0.0
892,1534,0.0
892,1157,0.0
892,1412,0.0
892,1765,0.0
892,60,0.0
892,1787,0.0
892,1765,0.0
892,1493,0.0
892,1374,0.0
892,1081,0.0
892,917,0.0
892,1208,0.0
892,2038,0.0
892,1226,0.0
892,1055,0.0
892,656,0.0
892,1977,0.0
892,168,0.0
892,1045,0.0
892,1871,0.0
892,809,0.0
892,1102,0.0
892,1159,0.0
892,301,0.0
892,687,0.0
892,1906,0.0
892,386,0.0
892,1612,0.0
892,1565,0.0
892,1307,0.0
892,328,0.0
892,459,0.0
892,152,0.0
892,1956,0.0
892,724,0.0
892,1714,0.0
892,806,0.0
892,486,0.0
892,594,0.0
892,1735,0.0
892,997,0.0
892,1858,0.0
892,981,0.0
892,640,0.0
892,1829,0.0
892,2038,0.0
892,947,0.0
893,7,3.0
893,300,0.0
893,1021,0.0
893,89,0.0
893,1925,0.0
893,359,0.0
893,1323,0.0
893,1025,0.0
893,1436,0.0
893,1199,0.0
893,1148,0.0
893,779,0.0
893,726,0.0
893,1905,0.0
893,1602,0.0
893,1201,0.0
893,1802,0.0
893,4,0.0
893,1836,0.0
893,1737,0.0
893,116,0.0
893,1013,0.0
893,430,0.0
893,389,0.0
893,1871,0.0
893,1502,0.0
893,1494,0.0
893,1373,0.0
893,743,0.0
893,83,0.0
893,600,0.0
893,1250,0.0
893,452,0.0
893,1470,0.0
893,1134,0.0
893,322,0.0
893,1966,0.0
893,1953,0.0
893,1547,0.0
893,1562,0.0
893,1988,0.0
893,1128,0.0
893,1109,0.0
893,963,0.0
893,502,0.0
893,505,0.0
893,884,0.0
893,1179,0.0
893,1734,0.0
893,495,0.0
894,215,3.5
894,375,0.0
894,1699,0.0
894,365,0.0
894,1755,0.0
894,455,0.0
894,275,0.0
894,1578,0.0
894,1533,0.0
894,1261,0.0
894,404,0.0
894,162,0.0
894,1343,0.0
894,1642,0.0
894,799,0.0
894,803,0.0
894,1640,0.0
894,1092,0.0
894,1132,0.0
894,179,0.0
894,131,0.0
894,1542,0.0
894,2017,0.0
894,851,0.0
894,2034,0.0
894,1478,0.0
894,1011,0.0
894,1431,0.0
894,1684,0.0
894,1208,0.0
894,456,0.0
894,914,0.0
894,1016,0.0
894,2003,0.0
894,1528,0.0
894,1691,0.0
894,1951,0.0
894,509,0.0
894,1313,0.0
894,244,0.0
894,783,0.0
894,1061,0.0
894,1138,0.0
894,497,0.0
894,1360,0.0
894,458,0.0
894,1142,0.0
894,643,0.0
894,55,0.0
894,423,0.0
895,233,3.0
895,1575,0.0
895,359,0.0
895,1259,0.0
895,1056,0.0
895,1564,0.0
895,544,0.0
895,99,0.0
895,656,0.0
895,329,0.0
895,1088,0.0
895,121,0.0
895,1578,0.0
895,958,0.0
895,1908,0.0
895,1744,0.0
895,1001,0.0
895,475,0.0
895,741,0.0
895,126,0.0
895,867,0.0
895,1209,0.0
895,1772,0.0
895,90,0.0
895,1578,0.0
895,1956,0.0
895,45,0.0
895,24,0.0
895,1889,0.0
895,1730,0.0
895,348,0.0
895,1634,0.0
895,1002,0.0
895,767,0.0
895,872,0.0
895,1458,0.0
895,1353,0.0
895,1908,0.0
895,293,0.0
895,245,0.0
895,1189,0.0
895,256,0.0
895,821,0.0
895,1984,0.0
895,351,0.0
895,789,0.0
895,1212,0.0
895,1721,0.0
895,1022,0.0
895,693,0.0
896,4,3.5
896,479,0.0
896,847,0.0
896,629,0.0
896,1280,0.0
896,503,0.0
896,109,0.0
896,1602,0.0
896,1171,0.0
896,731,0.0
896,213,0.0
896,995,0.0
896,1597,0.0
896,567,0.0
896,1000,0.0
896,1460,0.0
896,960,0.0
896,823,0.0
896,1357,0.0
896,1452,0.0
896,846,0.0
896,1119,0.0
896,657,0.0
896,1071,0.0
896,1829,0.0
896,1301,0.0
896,975,0.0
896,1226,0.0
896,198,0.0
896,507,0.0
896,328,0.0
896,1920,0.0
896,1961,0.0
896,1916,0.0
896,123,0.0
896,199,0.0
896,74,0.0
896,1988,0.0
896,156,0.0
896,1157,0.0
896,311,0.0
896,1143,0.0
896,1035,0.0
896,1770,0.0
896,1830,0.0
896,1990,0.0
896,1643,0.0
896,1931,0.0
896,1568,0.0
896,1143,0.0
897,6,3.5
897,1939,0.0
897,1411,0.0
897,1166,0.0
897,1245,0.0
897,439,0.0
897,531,0.0
897,1303,0.0
897,776,0.0
897,1271,0.0
897,115,0.0
897,404,0.0
897,2021,0.0
897,1278,0.0
897,296,0.0
897,1548,0.0
897,900,0.0
897,1983,0.0
897,557,0.0
897,333,0.0
897,1777,0.0
897,1094,0.0
897,965,0.0
897,58,0.0
897,715,0.0
897,1005,0.0
897,1074,0.0
897,15,0.0
897,1527,0.0
897,50,0.0
897,1759,0.0
897,1151,0.0
897,1193,0.0
897,1802,0.0
897,1603,0.0
897,1656,0.0
897,988,0.0
897,1203,0.0
897,737,0.0
897,1992,0.0
897,905,0.0
897,327,0.0
897,1726,0.0
897,931,0.0
897,2015,0.0
897,300,0.0
897,1274,0.0
897,517,0.0
897,261,0.0
897,90,0.0
898,248,2.0
898,1438,0.0
898,827,0.0
898,1564,0.0
898,1195,0.0
898,684,0.0
898,371,0.0
898,1521,0.0
898,1259,0.0
898,1065,0.0
898,1172,0.0
898,799,0.0
898,1947,0.0
898,724,0.0
898,1710,0.0
898,610,0.0
898,1501,0.0
898,119,0.0
898,1838,0.0
898,1552,0.0
898,540,0.0
898,47,0.0
898,1409,0.0
898,800,0.0
898,1151,0.0
898,1525,0.0
898,1470,0.0
898,1603,0.0
898,2041,0.0
898,1008,0.0
898,38,0.0
898,472,0.0
898,1156,0.0
898,1142,0.0
898,323,0.0
898,51,0.0
898,947,0.0
898,1948,0.0
898,932,0.0
898,135,0.0
898,1427,0.0
898,1782,0.0
898,168,0.0
898,1605,0.0
898,1571,0.0
898,1823,0.0
898,516,0.0
898,359,0.0
898,1683,0.0
898,1260,0.0
899,0,3.5
899,1922,0.0
899,231,0.0
899,1290,0.0
899,795,0.0
899,189,0.0
899,47,0.0
899,1307,0.0
899,813,0.0
899,1983,0.0
899,54,0.0
899,1362,0.0
899,118,0.0
899,1025,0.0
899,223,0.0
899,747,0.0
899,202,0.0
899,1679,0.0
899,10,0.0
899,258,0.0
899,1974,0.0
899,297,0.0
899,668,0.0
899,1220,0.0
899,1627,0.0
899,1438,0.0
899,332,0.0
899,152,0.0
899,1399,0.0
899,133,0.0
899,955,0.0
899,115,0.0
899,1090,0.0
899,661,0.0
899,1279,0.0
899,552,0.0
899,692,0.0
899,187,0.0
899,38,0.0
899,1846,0.0
899,479,0.0
899,925,0.0
899,1350,0.0
899,728,0.0
899,1153,0.0
899,775,0.0
899,1649,0.0
899,62,0.0
899,954,0.0
899,96,0.0
900,0,3.0
900,1776,0.0
900,1530,0.0
900,373,0.0
900,1131,0.0
900,1322,0.0
900,1456,0.0
900,111,0.0
900,1429,0.0
900,1993,0.0
900,499,0.0
900,674,0.0
900,1810,0.0
900,1923,0.0
900,1042,0.0
900,1768,0.0
900,1043,0.0
900,1776,0.0
900,771,0.0
900,560,0.0
900,1529,0.0
900,153,0.0
900,1538,0.0
900,819,0.0
900,1501,0.0
900,383,0.0
900,803,0.0
900,680,0.0
900,1221,0.0
900,178,0.0
900,614,0.0
900,1754,0.0
900,1551,0.0
900,46,0.0
900,1871,0.0
900,557,0.0
900,1635,0.0
900,182,0.0
900,353,0.0
900,486,0.0
900,215,0.0
900,891,0.0
900,1446,0.0
900,1669,0.0
900,851,0.0
900,828,0.0
900,1032,0.0
900,1008,0.0
900,1236,0.0
900,1162,0.0
901,11,3.0
901,414,0.0
901,873,0.0
901,318,0.0
901,1048,0.0
901,757,0.0
901,1576,0.0
901,1457,0.0
901,58,0.0
901,176,0.0
901,1565,0.0
901,1068,0.0
901,1475,0.0
901,308,0.0
901,153,0.0
901,966,0.0
901,1575,0.0
901,2031,0.0
901,1163,0.0
901,768,0.0
901,1605,0.0
901,384,0.0
901,1671,0.0
901,747,0.0
901,623,0.0
901,1056,0.0
901,1731,0.0
901,1394,0.0
901,1201,0.0
901,1383,0.0
901,1669,0.0
901,2028,0.0
901,1979,0.0
901,1726,0.0
901,1459,0.0
901,1922,0.0
901,1870,0.0
901,1989,0.0
901,5,0.0
901,1828,0.0
901,690,0.0
901,794,0.0
901,1641,0.0
901,2024,0.0
901,1965,0.0
901,1781,0.0
901,1860,0.0
901,890,0.0
901,1254,0.0
901,1424,0.0
902,580,1.0
902,900,0.0
902,1620,0.0
902,1278,0.0
902,1350,0.0
902,408,0.0
902,748,0.0
902,0,0.0
902,776,0.0
902,193,0.0
902,962,0.0
902,1387,0.0
902,1892,0.0
902,121,0.0
902,363,0.0
902,1027,0.0
902,148,0.0
902,1084,0.0
902,793,0.0
902,1140,0.0
902,1707,0.0
902,1956,0.0
902,845,0.0
902,237,0.0
902,1161,0.0
902,729,0.0
902,457,0.0
902,484,0.0
902,1105,0.0
902,1754,0.0
902,848,0.0
902,713,0.0
902,1610,0.0
902,1070,0.0
902,343,0.0
902,1362,0.0
902,235,0.0
902,1487,0.0
902,662,0.0
902,375,0.0
902,1146,0.0
902,971,0.0
902,245,0.0
902,1277,0.0
902,565,0.0
902,698,0.0
902,914,0.0
902,280,0.0
902,66,0.0
902,1676,0.0
903,710,4.0
903,890,0.0
903,398,0.0
903,544,0.0
903,906,0.0
903,1682,0.0
903,681,0.0
903,977,0.0
903,1749,0.0
903,313,0.0
903,227,0.0
903,657,0.0
903,1169,0.0
903,1045,0.0
903,1624,0.0
903,1909,0.0
903,691,0.0
903,299,0.0
903,926,0.0
903,1288,0.0
903,1073,0.0
903,741,0.0
903,1398,0.0
903,60,0.0
903,1042,0.0
903,307,0.0
903,1846,0.0
903,536,0.0
903,1230,0.0
903,1348,0.0
903,74,0.0
903,1676,0.0
903,1441,0.0
903,1351,0.0
903,1304,0.0
903,1626,0.0
903,1098,0.0
903,1599,0.0
903,593,0.0
903,1785,0.0
903,1673,0.0
903,608,0.0
903,611,0.0
903,1020,0.0
903,784,0.0
903,240,0.0
903,4,0.0
903,1238,0.0
903,1602,0.0
903,486,0.0
904,7,4.0
904,1831,0.0
904,988,0.0
904,484,0.0
904,129,0.0
904,47,0.0
904,1792,0.0
904,826,0.0
904,1439,0.0
904,599,0.0
904,769,0.0
904,570,0.0
904,1922,0.0
904,456,0.0
904,1072,0.0
904,727,0.0
904,1099,0.0
904,1569,0.0
904,1271,0.0
904,1853,0.0
904,289,0.0
904,534,0.0
904,1554,0.0
904,435,0.0
904,827,0.0
904,1406,0.0
904,1119,0.0
904,250,0.0
904,240,0.0
904,923,0.0
904,1881,0.0
904,304,0.0
904,556,0.0
904,1611,0.0
904,1642,0.0
904,1017,0.0
904,990,0.0
904,1595,0.0
904,1994,0.0
904,1463,0.0
904,1511,0.0
904,1521,0.0
904,131,0.0
904,1425,0.0
904,1692,0.0
904,1006,0.0
904,375,0.0
904,1958,0.0
904,1590,0.0
904,1721,0.0
905,775,1.5
905,759,0.0
905,472,0.0
905,1203,0.0
905,1626,0.0
905,193,0.0
905,1730,0.0
905,796,0.0
905,1407,0.0
905,759,0.0
905,1252,0.0
905,794,0.0
905,835,0.0
905,674,0.0
905,1626,0.0
905,1746,0.0
905,265,0.0
905,1662,0.0
905,793,0.0
905,1094,0.0
905,90,0.0
905,1629,0.0
905,1099,0.0
905,1639,0.0
905,444,0.0
905,1220,0.0
905,1207,0.0
905,76,0.0
905,1471,0.0
905,1320,0.0
905,1411,0.0
905,321,0.0
905,420,0.0
905,545,0.0
905,1657,0.0
905,1329,0.0
905,1989,0.0
905,345,0.0
905,714,0.0
905,1833,0.0
905,1664,0.0
905,1825,0.0
905,724,0.0
905,649,0.0
905,1284,0.0
905,1369,0.0
905,1707,0.0
905,658,0.0
905,148,0.0
905,1912,0.0
906,91,3.0
906,962,0.0
906,727,0.0
906,1587,0.0
906,649,0.0
906,664,0.0
906,1243,0.0
906,977,0.0
906,873,0.0
906,172,0.0
906,973,0.0
906,0,0.0
906,1491,0.0
906,2030,0.0
906,1048,0.0
906,1227,0.0
906,879,0.0
906,1894,0.0
906,2029,0.0
906,1224,0.0
906,1928,0.0
906,937,0.0
906,1214,0.0
906,872,0.0
906,408,0.0
906,1501,0.0
906,1327,0.0
906,1974,0.0
906,743,0.0
906,1755,0.0
906,577,0.0
906,2008,0.0
906,2001,0.0
906,1559,0.0
906,81,0.0
906,602,0.0
906,1707,0.0
906,1975,0.0
906,546,0.0
906,1569,0.0
906,2021,0.0
906,1285,0.0
906,176,0.0
906,655,0.0
906,1238,0.0
906,987,0.0
906,140,0.0
906,267,0.0
906,138,0.0
906,1070,0.0
907,206,1.5
907,2021,0.0
907,2011,0.0
907,1542,0.0
907,645,0.0
907,282,0.0
907,513,0.0
907,901,0.0
907,828,0.0
907,1695,0.0
907,156,0.0
907,225,0.0
907,832,0.0
907,1678,0.0
907,1417,0.0
907,265,0.0
907,1289,0.0
907,1572,0.0
907,1311,0.0
907,1315,0.0
907,1343,0.0
907,472,0.0
907,398,0.0
907,1096,0.0
907,527,0.0
907,1896,0.0
907,1106,0.0
907,173,0.0
907,889,0.0
907,1451,0.0
907,1611,0.0
907,290,0.0
907,380,0.0
907,562,0.0
907,1386,0.0
907,185,0.0
907,1028,0.0
907,1957,0.0
907,1285,0.0
907,178,0.0
907,1165,0.0
907,1967,0.0
907,1291,0.0
907,625,0.0
907,469,0.0
907,1004,0.0
907,1715,0.0
907,1000,0.0
907,1905,0.0
907,1091,0.0
908,10,4.0
908,775,0.0
908,674,0.0
908,1815,0.0
908,2,0.0
908,592,0.0
908,1827,0.0
908,690,0.0
908,1383,0.0
908,848,0.0
908,1976,0.0
908,1338,0.0
908,605,0.0
908,728,0.0
908,21,0.0
908,420,0.0
908,1994,0.0
908,1149,0.0
908,1803,0.0
908,1428,0.0
908,1678,0.0
908,267,0.0
908,1877,0.0
908,614,0.0
908,567,0.0
908,738,0.0
908,1129,0.0
908,655,0.0
908,544,0.0
908,1652,0.0
908,170,0.0
908,304,0.0
908,333,0.0
908,1041,0.0
908,1771,0.0
908,399,0.0
908,1191,0.0
908,962,0.0
908,874,0.0
908,957,0.0
908,857,0.0
908,334,0.0
908,1891,0.0
908,1178,0.0
908,751,0.0
908,629,0.0
908,375,0.0
908,1918,0.0
908,80,0.0
908,909,0.0
909,212,3.5
909,689,0.0
909,367,0.0
909,597,0.0
909,559,0.0
909,804,0.0
909,717,0.0
909,1877,0.0
909,1952,0.0
909,1925,0.0
909,858,0.0
909,1349,0.0
909,822,0.0
909,1963,0.0
909,1841,0.0
909,309,0.0
909,702,0.0
909,1384,0.0
909,527,0.0
909,639,0.0
909,1326,0.0
909,696,0.0
909,1665,0.0
909,1700,0.0
909,604,0.0
909,1302,0.0
909,1748,0.0
909,652,0.0
909,1650,0.0
909,320,0.0
909,1500,0.0
909,303,0.0
909,518,0.0
909,926,0.0
909,1982,0.0
909,940,0.0
909,1079,0.0
909,191,0.0
909,21,0.0
909,830,0.0
909,79,0.0
909,1307,0.0
909,427,0.0
909,102,0.0
909,728,0.0
909,141,0.0
909,1009,0.0
909,1620,0.0
909,402,0.0
909,955,0.0
910,10,4.0
910,538,0.0
910,1454,0.0
910,339,0.0
910,1677,0.0
910,518,0.0
910,1934,0.0
910,1453,0.0
910,923,0.0
910,1450,0.0
910,1545,0.0
910,690,0.0
910,1538,0.0
910,971,0.0
910,972,0.0
910,614,0.0
910,1323,0.0
910,1077,0.0
910,1185,0.0
910,1472,0.0
910,1765,0.0
910,856,0.0
910,210,0.0
910,1816,0.0
910,446,0.0
910,69,0.0
910,1324,0.0
910,1091,0.0
910,1817,0.0
910,281,0.0
910,1177,0.0
910,461,0.0
910,1981,0.0
910,1247,0.0
910,367,0.0
910,1883,0.0
910,1212,0.0
910,385,0.0
910,40,0.0
910,684,0.0
910,980,0.0
910,1773,0.0
910,781,0.0
910,676,0.0
910,1665,0.0
910,516,0.0
910,1893,0.0
910,1153,0.0
910,1920,0.0
910,687,0.0
911,11,4.0
911,149,0.0
911,2004,0.0
911,559,0.0
911,625,0.0
911,1528,0.0
911,575,0.0
911,962,0.0
911,149,0.0
911,1608,0.0
911,1070,0.0
911,1831,0.0
911,361,0.0
911,1716,0.0
911,373,0.0
911,770,0.0
911,94,0.0
911,1124,0.0
911,1413,0.0
911,1933,0.0
911,1618,0.0
911,953,0.0
911,81,0.0
911,2041,0.0
911,632,0.0
911,902,0.0
911,995,0.0
911,412,0.0
911,2,0.0
911,12,0.0
911,163,0.0
911,616,0.0
911,1368,0.0
911,1883,0.0
911,165,0.0
911,1098,0.0
911,59,0.0
911,1768,0.0
911,381,0.0
911,1096,0.0
911,789,0.0
911,660,0.0
911,1146,0.0
911,466,0.0
911,1312,0.0
911,515,0.0
911,480,0.0
911,236,0.0
911,719,0.0
911,171,0.0
912,236,2.5
912,566,0.0
912,246,0.0
912,1523,0.0
912,316,0.0
912,1457,0.0
912,1256,0.0
912,958,0.0
912,1983,0.0
912,781,0.0
912,1917,0.0
912,1644,0.0
912,985,0.0
912,1773,0.0
912,889,0.0
912,1842,0.0
912,1392,0.0
912,1690,0.0
912,1191,0.0
912,1091,0.0
912,776,0.0
912,1975,0.0
912,2010,0.0
912,746,0.0
912,1574,0.0
912,1678,0.0
912,344,0.0
912,1553,0.0
912,51,0.0
912,1468,0.0
912,1757,0.0
912,804,0.0
912,591,0.0
912,692,0.0
912,1163,0.0
912,1744,0.0
912,408,0.0
912,334,0.0
912,1304,0.0
912,404,0.0
912,121,0.0
912,1746,0.0
912,1879,0.0
912,646,0.0
912,2036,0.0
912,1483,0.0
912,688,0.0
912,1062,0.0
912,74,0.0
912,864,0.0
913,240,3.0
913,416,0.0
913,842,0.0
913,743,0.0
913,1895,0.0
913,1005,0.0
913,12,0.0
913,1417,0.0
913,880,0.0
913,1850,0.0
913,805,0.0
913,1555,0.0
913,212,0.0
913,269,0.0
913,983,0.0
913,1063,0.0
913,1670,0.0
913,1988,0.0
913,773,0.0
913,1959,0.0
913,180,0.0
913,1762,0.0
913,1288,0.0
913,1016,0.0
913,105,0.0
913,832,0.0
913,486,0.0
913,403,0.0
913,389,0.0
913,607,0.0
913,1996,0.0
913,1830,0.0
913,999,0.0
913,122,0.0
913,788,0.0
913,36,0.0
913,1803,0.0
913,709,0.0
913,766,0.0
913,502,0.0
913,1550,0.0
913,916,0.0
913,596,0.0
913,91,0.0
913,99,0.0
913,976,0.0
913,685,0.0
913,1478,0.0
913,1750,0.0
913,1900,0.0
914,206,2.5
914,1278,0.0
914,1241,0.0
914,207,0.0
914,1784,0.0
914,1313,0.0
914,851,0.0
914,576,0.0
914,2007,0.0
914,1308,0.0
914,1539,0.0
914,707,0.0
914,1654,0.0
914,1725,0.0
914,677,0.0
914,1986,0.0
914,231,0.0
914,1665,0.0
914,988,0.0
914,880,0.0
914,603,0.0
914,331,0.0
914,1660,0.0
914,811,0.0
914,206,0.0
914,1649,0.0
914,360,0.0
914,1374,0.0
914,372,0.0
914,1124,0.0
914,543,0.0
914,1493,0.0
914,130,0.0
914,528,0.0
914,1500,0.0
914,1271,0.0
914,1398,0.0
914,1419,0.0
914,1599,0.0
914,1982,0.0
914,77,0.0
914,1735,0.0
914,40,0.0
914,257,0.0
914,1204,0.0
914,289,0.0
914,1148,0.0
914,1879,0.0
914,623,0.0
914,1491,0.0
915,243,3.5
915,270,0.0
915,1573,0.0
915,1176,0.0
915,1340,0.0
915,2005,0.0
915,726,0.0
915,433,0.0
915,521,0.0
915,611,0.0
915,868,0.0
915,945,0.0
915,1914,0.0
915,489,0.0
915,809,0.0
915,745,0.0
915,1222,0.0
915,435,0.0
915,685,0.0
915,216,0.0
915,1533,0.0
915,39,0.0
915,697,0.0
915,1512,0.0
915,791,0.0
915,1604,0.0
915,1272,0.0
915,1108,0.0
915,679,0.0
915,403,0.0
915,1052,0.0
915,36,0.0
915,506,0.0
915,1555,0.0
915,1681,0.0
915,259,0.0
915,1674,0.0
915,1278,0.0
915,2036,0.0
915,959,0.0
915,1109,0.0
915,1587,0.0
915,1834,0.0
915,1677,0.0
915,633,0.0
915,1964,0.0
915,411,0.0
915,1411,0.0
915,1423,0.0
915,421,0.0
916,250,4.0
916,1595,0.0
916,1986,0.0
916,1680,0.0
916,1234,0.0
916,1132,0.0
916,192,0.0
916,1380,0.0
916,1718,0.0
916,520,0.0
916,1667,0.0
916,425,0.0
916,941,0.0
916,73,0.0
916,1119,0.0
916,1152,0.0
916,342,0.0
916,370,0.0
916,400,0.0
916,883,0.0
916,221,0.0
916,639,0.0
916,1535,0.0
916,858,0.0
916,1528,0.0
916,1358,0.0
916,373,0.0
916,1509,0.0
916,1030,0.0
916,736,0.0
916,1412,0.0
916,435,0.0
916,1139,0.0
916,1126,0.0
916,737,0.0
916,564,0.0
916,1910,0.0
916,1026,0.0
916,1853,0.0
916,543,0.0
916,1793,0.0
916,1103,0.0
916,635,0.0
916,848,0.0
916,820,0.0
916,395,0.0
916,891,0.0
916,388,0.0
916,1283,0.0
916,1335,0.0
917,16,4.0
917,1842,0.0
917,1303,0.0
917,1996,0.0
917,1626,0.0
917,1440,0.0
917,146,0.0
917,792,0.0
917,1605,0.0
917,992,0.0
917,984,0.0
917,1494,0.0
917,1072,0.0
917,16,0.0
917,148,0.0
917,1578,0.0
917,1235,0.0
917,1739,0.0
917,1015,0.0
917,716,0.0
917,849,0.0
917,917,0.0
917,1086,0.0
917,1559,0.0
917,1568,0.0
917,1986,0.0
917,1744,0.0
917,1510,0.0
917,479,0.0
917,1808,0.0
917,1711,0.0
917,43,0.0
917,1688,0.0
917,1479,0.0
917,1534,0.0
917,874,0.0
917,354,0.0
917,1723,0.0
917,1820,0.0
917,1035,0.0
917,355,0.0
917,894,0.0
917,1160,0.0
917,473,0.0
917,1621,0.0
917,52,0.0
917,1596,0.0
917,1950,0.0
917,2036,0.0
917,112,0.0
918,1826,4.0
918,1727,0.0
918,1884,0.0
918,295,0.0
918,969,0.0
918,1203,0.0
918,1923,0.0
918,1154,0.0
918,1932,0.0
918,532,0.0
918,1031,0.0
918,887,0.0
918,1224,0.0
918,877,0.0
918,384,0.0
918,1549,0.0
918,1867,0.0
918,547,0.0
918,1429,0.0
918,372,0.0
918,1187,0.0
918,556,0.0
918,655,0.0
918,522,0.0
918,834,0.0
918,1377,0.0
918,1432,0.0
918,510,0.0
918,857,0.0
918,962,0.0
918,211,0.0
918,926,0.0
918,624,0.0
918,1984,0.0
918,1881,0.0
918,344,0.0
918,1034,0.0
918,335,0.0
918,1363,0.0
918,1897,0.0
918,1907,0.0
918,1701,0.0
918,1281,0.0
918,53,0.0
918,604,0.0
918,1798,0.0
918,1968,0.0
918,295,0.0
918,1580,0.0
918,1973,0.0
919,243,3.0
919,1230,0.0
919,925,0.0
919,399,0.0
919,1973,0.0
919,1210,0.0
919,1383,0.0
919,2012,0.0
919,1627,0.0
919,1029,0.0
919,1156,0.0
919,997,0.0
919,1496,0.0
919,1627,0.0
919,512,0.0
919,781,0.0
919,82,0.0
919,1822,0.0
919,1714,0.0
919,1400,0.0
919,334,0.0
919,658,0.0
919,101,0.0
919,1311,0.0
919,824,0.0
919,1054,0.0
919,1337,0.0
919,996,0.0
919,153,0.0
919,559,0.0
919,1914,0.0
919,1576,0.0
919,1176,0.0
919,942,0.0
919,693,0.0
919,231,0.0
919,1144,0.0
919,1208,0.0
919,1479,0.0
919,1852,0.0
919,387,0.0
919,1950,0.0
919,631,0.0
919,863,0.0
919,1249,0.0
919,1647,0.0
919,1218,0.0
919,808,0.0
919,1049,0.0
919,1987,0.0
920,80,4.0
920,40,0.0
920,1937,0.0
920,898,0.0
920,770,0.0
920,355,0.0
920,1167,0.0
920,1706,0.0
920,278,0.0
920,1494,0.0
920,654,0.0
920,968,0.0
920,1662,0.0
920,57,0.0
920,167,0.0
920,1653,0.0
920,1189,0.0
920,372,0.0
920,81,0.0
920,1893,0.0
920,133,0.0
920,363,0.0
920,1508,0.0
920,1069,0.0
920,261,0.0
920,468,0.0
920,1658,0.0
920,1245,0.0
920,91,0.0
920,1939,0.0
920,18,0.0
920,269,0.0
920,576,0.0
920,1754,0.0
920,2035,0.0
920,863,0.0
920,668,0.0
920,414,0.0
920,1688,0.0
920,1270,0.0
920,1734,0.0
920,1766,0.0
920,1325,0.0
920,1971,0.0
920,15,0.0
920,619,0.0
920,502,0.0
920,1418,0.0
920,1809,0.0
920,1899,0.0
921,206,3.0
921,1795,0.0
921,1941,0.0
921,1964,0.0
921,243,0.0
921,155,0.0
921,1417,0.0
921,961,0.0
921,248,0.0
921,944,0.0
921,1630,0.0
921,1278,0.0
921,1385,0.0
921,2006,0.0
921,1871,0.0
921,1736,0.0
921,818,0.0
921,1962,0.0
921,645,0.0
921,376,0.0
921,152,0.0
921,1790,0.0
921,771,0.0
921,239,0.0
921,1483,0.0
921,1175,0.0
921,1463,0.0
921,602,0.0
921,239,0.0
921,1206,0.0
921,309,0.0
921,258,0.0
921,1483,0.0
921,430,0.0
921,499,0.0
921,1821,0.0
921,75,0.0
921,296,0.0
921,1385,0.0
921,182,0.0
921,1082,0.0
921,1575,0.0
921,1580,0.0
921,1429,0.0
921,526,0.0
921,1755,0.0
921,1808,0.0
921,1210,0.0
921,1899,0.0
921,2031,0.0
922,254,1.0
922,1591,0.0
922,1592,0.0
922,1409,0.0
922,1516,0.0
922,1318,0.0
922,60,0.0
922,1708,0.0
922,989,0.0
922,1645,0.0
922,1947,0.0
922,145,0.0
922,1549,0.0
922,182,0.0
922,314,0.0
922,1900,0.0
922,658,0.0
922,743,0.0
922,995,0.0
922,808,0.0
922,651,0.0
922,1683,0.0
922,929,0.0
922,892,0.0
922,35,0.0
922,788,0.0
922,1079,0.0
922,2002,0.0
922,1064,0.0
922,382,0.0
922,168,0.0
922,170,0.0
922,1641,0.0
922,738,0.0
922,1479,0.0
922,597,0.0
922,1514,0.0
922,1317,0.0
922,1681,0.0
922,1287,0.0
922,246,0.0
922,1985,0.0
922,147,0.0
922,1988,0.0
922,440,0.0
922,361,0.0
922,221,0.0
922,657,0.0
922,107,0.0
922,1979,0.0
923,10,4.0
923,1950,0.0
923,1362,0.0
923,978,0.0
923,1963,0.0
923,1046,0.0
923,349,0.0
923,848,0.0
923,1089,0.0
923,1418,0.0
923,432,0.0
923,973,0.0
923,1000,0.0
923,569,0.0
923,1016,0.0
923,28,0.0
923,1106,0.0
923,1499,0.0
923,1458,0.0
923,640,0.0
923,1156,0.0
923,114,0.0
923,1057,0.0
923,636,0.0
923,1101,0.0
923,274,0.0
923,343,0.0
923,679,0.0
923,80,0.0
923,1985,0.0
923,606,0.0
923,720,0.0
923,1983,0.0
923,71,0.0
923,2029,0.0
923,1168,0.0
923,1061,0.0
923,473,0.0
923,1020,0.0
923,170,0.0
923,39,0.0
923,1196,0.0
923,423,0.0
923,1222,0.0
923,887,0.0
923,1879,0.0
923,1245,0.0
923,1625,0.0
923,797,0.0
923,1698,0.0
924,249,4.0
924,91,0.0
924,749,0.0
924,695,0.0
924,1713,0.0
924,721,0.0
924,1299,0.0
924,303,0.0
924,867,0.0
924,786,0.0
924,1860,0.0
924,2017,0.0
924,1296,0.0
924,1435,0.0
924,35,0.0
924,421,0.0
924,1501,0.0
924,1525,0.0
924,337,0.0
924,581,0.0
924,627,0.0
924,1433,0.0
924,462,0.0
924,1536,0.0
924,80,0.0
924,1502,0.0
924,1409,0.0
924,419,0.0
924,1463,0.0
924,34,0.0
924,894,0.0
924,794,0.0
924,500,0.0
924,1730,0.0
924,183,0.0
924,557,0.0
924,1171,0.0
924,1287,0.0
924,1628,0.0
924,839,0.0
924,1512,0.0
924,1649,0.0
924,1882,0.0
924,281,0.0
924,614,0.0
924,201,0.0
924,573,0.0
924,1629,0.0
924,416,0.0
924,316,0.0
925,120,3.0
925,1030,0.0
925,1730,0.0
925,255,0.0
925,1194,0.0
925,1575,0.0
925,1311,0.0
925,1763,0.0
925,233,0.0
925,872,0.0
925,1718,0.0
925,492,0.0
925,1234,0.0
925,2014,0.0
925,1885,0.0
925,1390,0.0
925,228,0.0
925,344,0.0
925,1790,0.0
925,76,0.0
925,1483,0.0
925,264,0.0
925,1527,0.0
925,743,0.0
925,1672,0.0
925,1599,0.0
925,244,0.0
925,428,0.0
925,1114,0.0
925,444,0.0
925,1256,0.0
925,862,0.0
925,453,0.0
925,348,0.0
925,1117,0.0
925,421,0.0
925,714,0.0
925,489,0.0
925,685,0.0
925,1147,0.0
925,581,0.0
925,614,0.0
925,1256,0.0
925,1087,0.0
925,1630,0.0
925,162,0.0
925,779,0.0
925,303,0.0
925,318,0.0
925,684,0.0
926,537,3.5
926,194,0.0
926,1328,0.0
926,249,0.0
926,257,0.0
926,989,0.0
926,1979,0.0
926,1473,0.0
926,1894,0.0
926,58,0.0
926,1244,0.0
926,1595,0.0
926,1557,0.0
926,1880,0.0
926,1385,0.0
926,941,0.0
926,1076,0.0
926,786,0.0
926,560,0.0
926,975,0.0
926,528,0.0
926,497,0.0
926,638,0.0
926,1020,0.0
926,154,0.0
926,1002,0.0
926,1810,0.0
926,1770,0.0
926,1513,0.0
926,797,0.0
926,77,0.0
926,1197,0.0
926,1641,0.0
926,319,0.0
926,1055,0.0
926,1972,0.0
926,1942,0.0
926,1315,0.0
926,521,0.0
926,1338,0.0
926,613,0.0
926,629,0.0
926,668,0.0
926,1290,0.0
926,2033,0.0
926,1445,0.0
926,244,0.0
926,590,0.0
926,671,0.0
926,1114,0.0
927,577,4.0
927,563,0.0
927,1568,0.0
927,1555,0.0
927,1999,0.0
927,740,0.0
927,186,0.0
927,699,0.0
927,702,0.0
927,111,0.0
927,1207,0.0
927,292,0.0
927,955,0.0
927,873,0.0
927,360,0.0
927,501,0.0
927,983,0.0
927,1330,0.0
927,1820,0.0
927,1762,0.0
927,648,0.0
927,85,0.0
927,979,0.0
927,295,0.0
927,1475,0.0
927,1194,0.0
927,1379,0.0
927,1483,0.0
927,278,0.0
927,1894,0.0
927,251,0.0
927,1031,0.0
927,585,0.0
927,1343,0.0
927,1174,0.0
927,604,0.0
927,375,0.0
927,1388,0.0
927,607,0.0
927,439,0.0
927,141,0.0
927,591,0.0
927,1894,0.0
927,1775,0.0
927,1808,0.0
927,19,0.0
927,1906,0.0
927,11,0.0
927,1992,0.0
927,635,0.0
928,11,2.5
928,1456,0.0
928,590,0.0
928,591,0.0
928,8,0.0
928,148,0.0
928,1460,0.0
928,1907,0.0
928,498,0.0
928,1911,0.0
928,1078,0.0
928,296,0.0
928,517,0.0
928,768,0.0
928,1886,0.0
928,703,0.0
928,900,0.0
928,1252,0.0
928,1270,0.0
928,1022,0.0
928,281,0.0
928,768,0.0
928,256,0.0
928,1116,0.0
928,213,0.0
928,1829,0.0
928,552,0.0
928,2002,0.0
928,1691,0.0
928,132,0.0
928,916,0.0
928,1520,0.0
928,1854,0.0
928,85,0.0
928,1619,0.0
928,1419,0.0
928,901,0.0
928,1948,0.0
928,876,0.0
928,759,0.0
928,871,0.0
928,956,0.0
928,1570,0.0
928,248,0.0
928,1866,0.0
928,1660,0.0
928,563,0.0
928,288,0.0
928,408,0.0
928,1805,0.0
929,252,2.0
929,738,0.0
929,1483,0.0
929,361,0.0
929,475,0.0
929,303,0.0
929,184,0.0
929,264,0.0
929,1437,0.0
929,401,0.0
929,172,0.0
929,1751,0.0
929,877,0.0
929,1106,0.0
929,1613,0.0
929,1345,0.0
929,906,0.0
929,345,0.0
929,1095,0.0
929,1474,0.0
929,1806,0.0
929,1900,0.0
929,807,0.0
929,1676,0.0
929,207,0.0
929,1365,0.0
929,1056,0.0
929,1405,0.0
929,1409,0.0
929,1132,0.0
929,988,0.0
929,877,0.0
929,161,0.0
929,15,0.0
929,1037,0.0
929,742,0.0
929,245,0.0
929,1069,0.0
929,1841,0.0
929,1648,0.0
929,1924,0.0
929,554,0.0
929,1425,0.0
929,1071,0.0
929,1727,0.0
929,1433,0.0
929,713,0.0
929,1477,0.0
929,141,0.0
929,449,0.0
930,204,4.0
930,722,0.0
930,1405,0.0
930,10,0.0
930,438,0.0
930,1033,0.0
930,314,0.0
930,64,0.0
930,900,0.0
930,591,0.0
930,1491,0.0
930,915,0.0
930,1627,0.0
930,644,0.0
930,1647,0.0
930,194,0.0
930,1437,0.0
930,1622,0.0
930,1697,0.0
930,1904,0.0
930,1909,0.0
930,1883,0.0
930,0,0.0
930,367,0.0
930,1946,0.0
930,630,0.0
930,375,0.0
930,1789,0.0
930,1214,0.0
930,289,0.0
930,862,0.0
930,799,0.0
930,627,0.0
930,1222,0.0
930,234,0.0
930,1253,0.0
930,1249,0.0
930,1453,0.0
930,195,0.0
930,1490,0.0
930,440,0.0
930,789,0.0
930,156,0.0
930,1019,0.0
930,1505,0.0
930,353,0.0
930,812,0.0
930,1708,0.0
930,834,0.0
930,532,0.0
931,775,3.0
931,1052,0.0
931,1544,0.0
931,276,0.0
931,1311,0.0
931,1607,0.0
931,182,0.0
931,938,0.0
931,521,0.0
931,688,0.0
931,1622,0.0
931,83,0.0
931,1420,0.0
931,85,0.0
931,1320,0.0
931,1742,0.0
931,1310,0.0
931,1132,0.0
931,543,0.0
931,940,0.0
931,1036,0.0
931,1400,0.0
931,1432,0.0
931,724,0.0
931,963,0.0
931,1653,0.0
931,617,0.0
931,14,0.0
931,1855,0.0
931,724,0.0
931,187,0.0
931,233,0.0
931,1908,0.0
931,1799,0.0
931,734,0.0
931,457,0.0
931,724,0.0
931,144,0.0
931,516,0.0
931,1164,0.0
931,532,0.0
931,1652,0.0
931,891,0.0
931,1138,0.0
931,1067,0.0
931,203,0.0
931,1496,0.0
931,1332,0.0
931,1947,0.0
931,1345,0.0
932,632,4.0
932,5,0.0
932,188,0.0
932,316,0.0
932,730,0.0
932,1708,0.0
932,1628,0.0
932,523,0.0
932,1186,0.0
932,1853,0.0
932,1391,0.0
932,516,0.0
932,1089,0.0
932,714,0.0
932,1347,0.0
932,1877,0.0
932,1216,0.0
932,1388,0.0
932,1393,0.0
932,1359,0.0
932,577,0.0
932,1704,0.0
932,666,0.0
932,587,0.0
932,772,0.0
932,1156,0.0
932,853,0.0
932,1164,0.0
932,335,0.0
932,857,0.0
932,498,0.0
932,648,0.0
932,175,0.0
932,799,0.0
932,850,0.0
932,1059,0.0
932,987,0.0
932,142,0.0
932,648,0.0
932,527,0.0
932,1785,0.0
932,1527,0.0
932,5,0.0
932,583,0.0
932,672,0.0
932,223,0.0
932,1901,0.0
932,355,0.0
932,937,0.0
932,1850,0.0
933,218,4.0
933,142,0.0
933,1924,0.0
933,396,0.0
933,1742,0.0
933,1382,0.0
933,1675,0.0
933,738,0.0
933,1342,0.0
933,647,0.0
933,969,0.0
933,801,0.0
933,711,0.0
933,1301,0.0
933,1841,0.0
933,1675,0.0
933,1685,0.0
933,1114,0.0
933,1721,0.0
933,1105,0.0
933,18,0.0
933,1402,0.0
933,644,0.0
933,783,0.0
933,368,0.0
933,1704,0.0
933,457,0.0
933,18,0.0
933,1276,0.0
933,1387,0.0
933,1216,0.0
933,1301,0.0
933,1680,0.0
933,1058,0.0
933,678,0.0
933,1267,0.0
933,1608,0.0
933,1846,0.0
933,644,0.0
933,1096,0.0
933,626,0.0
933,1290,0.0
933,1357,0.0
933,621,0.0
933,1191,0.0
933,727,0.0
933,1363,0.0
933,96,0.0
933,899,0.0
933,1918,0.0
934,213,4.0
934,1123,0.0
934,1210,0.0
934,1802,0.0
934,392,0.0
934,719,0.0
934,848,0.0
934,1334,0.0
934,260,0.0
934,1092,0.0
934,37,0.0
934,2014,0.0
934,1089,0.0
934,1498,0.0
934,1517,0.0
934,1770,0.0
934,466,0.0
934,63,0.0
934,746,0.0
934,1688,0.0
934,1203,0.0
934,677,0.0
934,844,0.0
934,2012,0.0
934,1810,0.0
934,98,0.0
934,1560,0.0
934,303,0.0
934,1096,0.0
934,1980,0.0
934,1570,0.0
934,946,0.0
934,1166,0.0
934,213,0.0
934,1740,0.0
934,304,0.0
934,1437,0.0
934,1940,0.0
934,1752,0.0
934,344,0.0
934,743,0.0
934,1621,0.0
934,493,0.0
934,1704,0.0
934,1922,0.0
934,1148,0.0
934,840,0.0
934,407,0.0
934,1259,0.0
934,1902,0.0
935,9,3.0
935,86,0.0
935,1030,0.0
935,1482,0.0
935,182,0.0
935,1351,0.0
935,298,0.0
935,397,0.0
935,13,0.0
935,99,0.0
935,755,0.0
935,168,0.0
935,231,0.0
935,1134,0.0
935,1370,0.0
935,1363,0.0
935,613,0.0
935,728,0.0
935,239,0.0
935,239,0.0
935,732,0.0
935,269,0.0
935,539,0.0
935,1309,0.0
935,334,0.0
935,1589,0.0
935,442,0.0
935,724,0.0
935,907,0.0
935,1526,0.0
935,369,0.0
935,1143,0.0
935,74,0.0
935,422,0.0
935,69,0.0
935,834,0.0
935,744,0.0
935,270,0.0
935,2017,0.0
935,131,0.0
935,1121,0.0
935,101,0.0
935,1451,0.0
935,1190,0.0
935,1128,0.0
935,1989,0.0
935,597,0.0
935,1572,0.0
935,1465,0.0
935,671,0.0
936,217,4.0
936,427,0.0
936,1535,0.0
936,412,0.0
936,838,0.0
936,47,0.0
936,1639,0.0
936,1026,0.0
936,1620,0.0
936,684,0.0
936,787,0.0
936,328,0.0
936,232,0.0
936,1699,0.0
936,59,0.0
936,589,0.0
936,529,0.0
936,1120,0.0
936,2034,0.0
936,1089,0.0
936,2020,0.0
936,1054,0.0
936,981,0.0
936,1773,0.0
936,776,0.0
936,147,0.0
936,1683,0.0
936,46,0.0
936,1267,0.0
936,1280,0.0
936,1501,0.0
936,1618,0.0
936,355,0.0
936,653,0.0
936,1664,0.0
936,452,0.0
936,521,0.0
936,1992,0.0
936,176,0.0
936,1933,0.0
936,955,0.0
936,2022,0.0
936,209,0.0
936,1065,0.0
936,1147,0.0
936,186,0.0
936,1048,0.0
936,1187,0.0
936,1886,0.0
936,1005,0.0
937,507,4.0
937,1636,0.0
937,185,0.0
937,1993,0.0
937,1053,0.0
937,469,0.0
937,1403,0.0
937,311,0.0
937,1885,0.0
937,799,0.0
937,1101,0.0
937,534,0.0
937,528,0.0
937,121,0.0
937,227,0.0
937,988,0.0
937,1431,0.0
937,1198,0.0
937,1930,0.0
937,552,0.0
937,14,0.0
937,213,0.0
937,602,0.0
937,51,0.0
937,929,0.0
937,1339,0.0
937,56,0.0
937,1312,0.0
937,1172,0.0
937,407,0.0
937,531,0.0
937,1392,0.0
937,1347,0.0
937,1636,0.0
937,356,0.0
937,699,0.0
937,1453,0.0
937,1056,0.0
937,1566,0.0
937,673,0.0
937,1813,0.0
937,873,0.0
937,1309,0.0
937,516,0.0
937,680,0.0
937,1708,0.0
937,726,0.0
937,1852,0.0
937,116,0.0
937,766,0.0
938,1573,4.0
938,120,0.0
938,738,0.0
938,1944,0.0
938,2001,0.0
938,1461,0.0
938,750,0.0
938,788,0.0
938,1124,0.0
938,894,0.0
938,1006,0.0
938,186,0.0
938,1182,0.0
938,517,0.0
938,681,0.0
938,1910,0.0
938,1203,0.0
938,1454,0.0
938,1235,0.0
938,1947,0.0
938,1000,0.0
938,1699,0.0
938,639,0.0
938,1831,0.0
938,729,0.0
938,652,0.0
938,432,0.0
938,643,0.0
938,1889,0.0
938,762,0.0
938,889,0.0
938,100,0.0
938,319,0.0
938,1121,0.0
938,847,0.0
938,278,0.0
938,697,0.0
938,1878,0.0
938,1166,0.0
938,1368,0.0
938,1884,0.0
938,355,0.0
938,894,0.0
938,1614,0.0
938,868,0.0
938,1378,0.0
938,429,0.0
938,1062,0.0
938,1326,0.0
938,1572,0.0
939,214,3.5
939,755,0.0
939,1854,0.0
939,6,0.0
939,187,0.0
939,1997,0.0
939,1623,0.0
939,1139,0.0
939,498,0.0
939,62,0.0
939,440,0.0
939,1367,0.0
939,586,0.0
939,378,0.0
939,294,0.0
939,1706,0.0
939,1255,0.0
939,439,0.0
939,393,0.0
939,1783,0.0
939,1898,0.0
939,736,0.0
939,1299,0.0
939,873,0.0
939,703,0.0
939,1190,0.0
939,2005,0.0
939,98,0.0
939,882,0.0
939,411,0.0
939,1251,0.0
939,413,0.0
939,313,0.0
939,325,0.0
939,1085,0.0
939,128,0.0
939,1785,0.0
939,1475,0.0
939,1432,0.0
939,422,0.0
939,650,0.0
939,229,0.0
939,1594,0.0
939,676,0.0
939,1535,0.0
939,715,0.0
939,1948,0.0
939,609,0.0
939,337,0.0
939,245,0.0
940,215,3.0
940,1823,0.0
940,789,0.0
940,1415,0.0
940,1900,0.0
940,577,0.0
940,1293,0.0
940,388,0.0
940,1036,0.0
940,342,0.0
940,1659,0.0
940,1612,0.0
940,338,0.0
940,23,0.0
940,1058,0.0
940,1997,0.0
940,1859,0.0
940,1945,0.0
940,585,0.0
940,1509,0.0
940,421,0.0
940,1313,0.0
940,1313,0.0
940,1042,0.0
940,1794,0.0
940,1651,0.0
940,1315,0.0
940,1795,0.0
940,377,0.0
940,1177,0.0
940,1738,0.0
940,1666,0.0
940,127,0.0
940,432,0.0
940,776,0.0
940,813,0.0
940,1985,0.0
940,1293,0.0
940,514,0.0
940,1281,0.0
940,1365,0.0
940,501,0.0
940,988,0.0
940,416,0.0
940,99,0.0
940,1417,0.0
940,878,0.0
940,1076,0.0
940,427,0.0
940,677,0.0
941,4,4.0
941,1489,0.0
941,2030,0.0
941,1739,0.0
941,1189,0.0
941,479,0.0
941,1406,0.0
941,60,0.0
941,1840,0.0
941,1302,0.0
941,771,0.0
941,587,0.0
941,208,0.0
941,2004,0.0
941,36,0.0
941,604,0.0
941,1157,0.0
941,1774,0.0
941,411,0.0
941,647,0.0
941,734,0.0
941,1171,0.0
941,911,0.0
941,1420,0.0
941,1275,0.0
941,1526,0.0
941,506,0.0
941,1614,0.0
941,1267,0.0
941,829,0.0
941,972,0.0
941,1390,0.0
941,449,0.0
941,119,0.0
941,1332,0.0
941,633,0.0
941,211,0.0
941,283,0.0
941,1277,0.0
941,1553,0.0
941,1286,0.0
941,276,0.0
941,1064,0.0
941,1446,0.0
941,968,0.0
941,1532,0.0
941,1387,0.0
941,905,0.0
941,542,0.0
941,1833,0.0
942,249,2.5
942,921,0.0
942,1641,0.0
942,1526,0.0
942,24,0.0
942,91,0.0
942,328,0.0
942,1912,0.0
942,1561,0.0
942,971,0.0
942,601,0.0
942,1710,0.0
942,341,0.0
942,896,0.0
942,1471,0.0
942,395,0.0
942,1943,0.0
942,541,0.0
942,525,0.0
942,1525,0.0
942,1430,0.0
942,1153,0.0
942,1154,0.0
942,1541,0.0
942,1746,0.0
942,1172,0.0
942,2028,0.0
942,1299,0.0
942,1684,0.0
942,1575,0.0
942,1219,0.0
942,408,0.0
942,882,0.0
942,1659,0.0
942,70,0.0
942,1222,0.0
942,544,0.0
942,818,0.0
942,601,0.0
942,1488,0.0
942,1991,0.0
942,1113,0.0
942,884,0.0
942,846,0.0
942,1811,0.0
942,786,0.0
942,1734,0.0
942,951,0.0
942,1591,0.0
942,1772,0.0
943,11,2.5
943,1014,0.0
943,1627,0.0
943,1250,0.0
943,1541,0.0
943,1891,0.0
943,1035,0.0
943,1273,0.0
943,1441,0.0
943,1400,0.0
943,197,0.0
943,1662,0.0
943,1471,0.0
943,36,0.0
943,892,0.0
943,420,0.0
943,1031,0.0
943,164,0.0
943,119,0.0
943,743,0.0
943,1760,0.0
943,371,0.0
943,232,0.0
943,1453,0.0
943,286,0.0
943,737,0.0
943,1418,0.0
943,1443,0.0
943,451,0.0
943,656,0.0
943,2041,0.0
943,1785,0.0
943,1295,0.0
943,1309,0.0
943,1062,0.0
943,1579,0.0
943,1520,0.0
943,964,0.0
943,1511,0.0
943,371,0.0
943,548,0.0
943,1002,0.0
943,1433,0.0
943,1279,0.0
943,475,0.0
943,210,0.0
943,404,0.0
943,603,0.0
943,1554,0.0
943,611,0.0
944,214,2.5
944,1022,0.0
944,1494,0.0
944,1554,0.0
944,425,0.0
944,1901,0.0
944,398,0.0
944,953,0.0
944,1805,0.0
944,303,0.0
944,839,0.0
944,1736,0.0
944,103,0.0
944,1354,0.0
944,363,0.0
944,1389,0.0
944,1105,0.0
944,1854,0.0
944,566,0.0
944,799,0.0
944,1771,0.0
944,675,0.0
944,1900,0.0
944,1108,0.0
944,1242,0.0
944,367,0.0
944,1897,0.0
944,724,0.0
944,714,0.0
944,824,0.0
944,1835,0.0
944,1265,0.0
944,1185,0.0
944,1202,0.0
944,1988,0.0
944,91,0.0
944,1523,0.0
944,1673,0.0
944,1529,0.0
944,623,0.0
944,1931,0.0
944,168,0.0
944,386,0.0
944,1344,0.0
944,100,0.0
944,1319,0.0
944,1008,0.0
944,192,0.0
944,1484,0.0
944,869,0.0
945,10,3.0
945,1354,0.0
945,186,0.0
945,1560,0.0
945,891,0.0
945,1528,0.0
945,850,0.0
945,607,0.0
945,1344,0.0
945,1216,0.0
945,253,0.0
945,578,0.0
945,313,0.0
945,1005,0.0
945,1575,0.0
945,1247,0.0
945,430,0.0
945,1379,0.0
945,1450,0.0
945,1415,0.0
945,221,0.0
945,1126,0.0
945,317,0.0
945,759,0.0
945,1697,0.0
945,1799,0.0
945,1560,0.0
945,1689,0.0
945,1242,0.0
945,1461,0.0
945,765,0.0
945,2002,0.0
945,726,0.0
945,1192,0.0
945,1615,0.0
945,71,0.0
945,1598,0.0
945,989,0.0
945,455,0.0
945,1098,0.0
945,1286,0.0
945,1492,0.0
945,609,0.0
945,596,0.0
945,836,0.0
945,1841,0.0
945,938,0.0
945,889,0.0
945,784,0.0
945,1684,0.0
946,236,4.0
946,858,0.0
946,917,0.0
946,698,0.0
946,1034,0.0
946,580,0.0
946,1161,0.0
946,130,0.0
946,1422,0.0
946,1274,0.0
946,1658,0.0
946,365,0.0
946,420,0.0
946,423,0.0
946,1808,0.0
946,1939,0.0
946,1778,0.0
946,1923,0.0
946,2017,0.0
946,161,0.0
946,94,0.0
946,1185,0.0
946,834,0.0
946,1819,0.0
946,1384,0.0
946,1252,0.0
946,1139,0.0
946,220,0.0
946,462,0.0
946,1955,0.0
946,930,0.0
946,680,0.0
946,1338,0.0
946,1353,0.0
946,656,0.0
946,285,0.0
946,1205,0.0
946,819,0.0
946,455,0.0
946,918,0.0
946,274,0.0
946,36,0.0
946,442,0.0
946,874,0.0
946,1059,0.0
946,67,0.0
946,1433,0.0
946,2030,0.0
946,359,0.0
946,1144,0.0
947,1,0.5
947,87,0.0
947,438,0.0
947,420,0.0
947,1675,0.0
947,1845,0.0
947,1279,0.0
947,1299,0.0
947,1681,0.0
947,1030,0.0
947,499,0.0
947,245,0.0
947,345,0.0
947,1227,0.0
947,1505,0.0
947,1775,0.0
947,479,0.0
947,1117,0.0
947,897,0.0
947,1333,0.0
947,519,0.0
947,1952,0.0
947,429,0.0
947,169,0.0
947,118,0.0
947,757,0.0
947,1663,0.0
947,1757,0.0
947,62,0.0
947,1140,0.0
947,108,0.0
947,745,0.0
947,1516,0.0
947,2011,0.0
947,716,0.0
947,1623,0.0
947,416,0.0
947,1348,0.0
947,891,0.0
947,1263,0.0
947,709,0.0
947,1539,0.0
947,617,0.0
947,1642,0.0
947,251,0.0
947,1209,0.0
947,737,0.0
947,1436,0.0
947,503,0.0
947,1556,0.0
948,213,3.5
948,1565,0.0
948,677,0.0
948,306,0.0
948,461,0.0
948,1571,0.0
948,1374,0.0
948,1522,0.0
948,1234,0.0
948,1136,0.0
948,116,0.0
948,1339,0.0
948,562,0.0
948,971,0.0
948,1456,0.0
948,1038,0.0
948,200,0.0
948,1370,0.0
948,123,0.0
948,1875,0.0
948,155,0.0
948,408,0.0
948,1231,0.0
948,465,0.0
948,753,0.0
948,1187,0.0
948,771,0.0
948,1300,0.0
948,1882,0.0
948,1728,0.0
948,836,0.0
948,1003,0.0
948,749,0.0
948,393,0.0
948,49,0.0
948,724,0.0
948,1801,0.0
948,1625,0.0
948,143,0.0
948,165,0.0
948,1090,0.0
948,1043,0.0
948,622,0.0
948,68,0.0
948,453,0.0
948,24,0.0
948,1880,0.0
948,309,0.0
948,11,0.0
948,576,0.0
949,584,3.0
949,467,0.0
949,603,0.0
949,465,0.0
949,450,0.0
949,602,0.0
949,69,0.0
949,1667,0.0
949,256,0.0
949,1940,0.0
949,866,0.0
949,1020,0.0
949,91,0.0
949,593,0.0
949,371,0.0
949,892,0.0
949,1843,0.0
949,98,0.0
949,509,0.0
949,1588,0.0
949,1876,0.0
949,1615,0.0
949,1847,0.0
949,985,0.0
949,1894,0.0
949,1530,0.0
949,968,0.0
949,1366,0.0
949,961,0.0
949,1986,0.0
949,245,0.0
949,800,0.0
949,1495,0.0
949,278,0.0
949,773,0.0
949,852,0.0
949,1533,0.0
949,430,0.0
949,441,0.0
949,1284,0.0
949,1868,0.0
949,1767,0.0
949,1783,0.0
949,1278,0.0
949,1484,0.0
949,1618,0.0
949,264,0.0
949,514,0.0
949,444,0.0
949,222,0.0
950,156,4.0
950,1974,0.0
950,1400,0.0
950,1966,0.0
950,189,0.0
950,1218,0.0
950,1599,0.0
950,376,0.0
950,682,0.0
950,1041,0.0
950,258,0.0
950,826,0.0
950,371,0.0
950,1725,0.0
950,1830,0.0
950,986,0.0
950,831,0.0
950,968,0.0
950,1788,0.0
950,592,0.0
950,59,0.0
950,104,0.0
950,1449,0.0
950,876,0.0
950,1284,0.0
950,1790,0.0
950,1069,0.0
950,643,0.0
950,1549,0.0
950,1500,0.0
950,266,0.0
950,955,0.0
950,1557,0.0
950,1129,0.0
950,1540,0.0
950,1716,0.0
950,1419,0.0
950,1172,0.0
950,1870,0.0
950,279,0.0
950,524,0.0
950,863,0.0
950,25,0.0
950,551,0.0
950,1305,0.0
950,1507,0.0
950,1964,0.0
950,797,0.0
950,1087,0.0
950,110,0.0
951,463,3.5
951,1236,0.0
951,1939,0.0
951,732,0.0
951,1859,0.0
951,1697,0.0
951,297,0.0
951,1448,0.0
951,1020,0.0
951,760,0.0
951,701,0.0
951,1424,0.0
951,523,0.0
951,1603,0.0
951,552,0.0
951,1421,0.0
951,1283,0.0
951,125,0.0
951,225,0.0
951,721,0.0
951,332,0.0
951,329,0.0
951,909,0.0
951,1288,0.0
951,170,0.0
951,915,0.0
951,0,0.0
951,875,0.0
951,860,0.0
951,1744,0.0
951,240,0.0
951,583,0.0
951,1808,0.0
951,2004,0.0
951,600,0.0
951,19,0.0
951,1338,0.0
951,472,0.0
951,2004,0.0
951,140,0.0
951,1912,0.0
951,1356,0.0
951,686,0.0
951,49,0.0
951,1629,0.0
951,1484,0.0
951,1703,0.0
951,390,0.0
951,1078,0.0
951,1074,0.0
952,212,4.0
952,397,0.0
952,536,0.0
952,393,0.0
952,1379,0.0
952,47,0.0
952,1455,0.0
952,700,0.0
952,52,0.0
952,240,0.0
952,904,0.0
952,1418,0.0
952,1050,0.0
952,1082,0.0
952,1209,0.0
952,1164,0.0
952,960,0.0
952,2022,0.0
952,1930,0.0
952,1080,0.0
952,1730,0.0
952,449,0.0
952,1901,0.0
952,1129,0.0
952,1303,0.0
952,1491,0.0
952,432,0.0
952,1703,0.0
952,846,0.0
952,1781,0.0
952,965,0.0
952,1363,0.0
952,1749,0.0
952,1537,0.0
952,1973,0.0
952,1422,0.0
952,1839,0.0
952,865,0.0
952,181,0.0
952,1325,0.0
952,1976,0.0
952,182,0.0
952,1979,0.0
952,1533,0.0
952,1118,0.0
952,1437,0.0
952,155,0.0
952,1715,0.0
952,96,0.0
952,936,0.0
953,83,1.5
953,1962,0.0
953,1531,0.0
953,779,0.0
953,1476,0.0
953,199,0.0
953,1296,0.0
953,775,0.0
953,225,0.0
953,470,0.0
953,17,0.0
953,1778,0.0
953,628,0.0
953,9,0.0
953,1062,0.0
953,40,0.0
953,619,0.0
953,43,0.0
953,196,0.0
953,298,0.0
953,208,0.0
953,1966,0.0
953,458,0.0
953,878,0.0
953,1711,0.0
953,1810,0.0
953,788,0.0
953,1259,0.0
953,514,0.0
953,1383,0.0
953,1847,0.0
953,382,0.0
953,1450,0.0
953,1920,0.0
953,1367,0.0
953,1277,0.0
953,547,0.0
953,506,0.0
953,1541,0.0
953,329,0.0
953,1006,0.0
953,487,0.0
953,813,0.0
953,481,0.0
953,471,0.0
953,1942,0.0
953,1555,0.0
953,1019,0.0
953,1460,0.0
953,1445,0.0
954,6,3.5
954,25,0.0
954,1029,0.0
954,1164,0.0
954,1773,0.0
954,1765,0.0
954,1050,0.0
954,104,0.0
954,1879,0.0
954,1545,0.0
954,783,0.0
954,1302,0.0
954,302,0.0
954,1035,0.0
954,1691,0.0
954,1100,0.0
954,1041,0.0
954,1593,0.0
954,641,0.0
954,173,0.0
954,1424,0.0
954,1110,0.0
954,1855,0.0
954,1366,0.0
954,448,0.0
954,53,0.0
954,1450,0.0
954,77,0.0
954,1739,0.0
954,438,0.0
954,781,0.0
954,1520,0.0
954,171,0.0
954,549,0.0
954,1721,0.0
954,360,0.0
954,235,0.0
954,432,0.0
954,1039,0.0
954,737,0.0
954,849,0.0
954,1519,0.0
954,1609,0.0
954,1234,0.0
954,1821,0.0
954,1859,0.0
954,1350,0.0
954,1871,0.0
954,626,0.0
954,246,0.0
955,8,4.0
955,1655,0.0
955,1578,0.0
955,1115,0.0
955,741,0.0
955,1775,0.0
955,186,0.0
955,1613,0.0
955,1488,0.0
955,1806,0.0
955,557,0.0
955,1542,0.0
955,1705,0.0
955,114,0.0
955,1286,0.0
955,1966,0.0
955,1018,0.0
955,1367,0.0
955,857,0.0
955,973,0.0
955,238,0.0
955,1810,0.0
955,308,0.0
955,1881,0.0
955,15,0.0
955,2017,0.0
955,61,0.0
955,705,0.0
955,1344,0.0
955,1391,0.0
955,1458,0.0
955,291,0.0
955,1186,0.0
955,746,0.0
955,791,0.0
955,240,0.0
955,1348,0.0
955,1398,0.0
955,924,0.0
955,1768,0.0
955,1152,0.0
955,952,0.0
955,1146,0.0
955,1672,0.0
955,1891,0.0
955,1487,0.0
955,526,0.0
955,1865,0.0
955,1252,0.0
955,1167,0.0
956,1,2.0
956,15,0.0
956,278,0.0
956,1374,0.0
956,369,0.0
956,1576,0.0
956,1949,0.0
956,962,0.0
956,886,0.0
956,377,0.0
956,1078,0.0
956,207,0.0
956,131,0.0
956,1389,0.0
956,1379,0.0
956,1819,0.0
956,177,0.0
956,1265,0.0
956,753,0.0
956,1307,0.0
956,1658,0.0
956,436,0.0
956,962,0.0
956,1817,0.0
956,678,0.0
956,524,0.0
956,70,0.0
956,53,0.0
956,12,0.0
956,1399,0.0
956,1594,0.0
956,1283,0.0
956,79,0.0
956,1976,0.0
956,475,0.0
956,1083,0.0
956,1070,0.0
956,1868,0.0
956,1513,0.0
956,713,0.0
956,1796,0.0
956,1059,0.0
956,1554,0.0
956,1279,0.0
956,285,0.0
956,1390,0.0
956,1576,0.0
956,943,0.0
956,1819,0.0
956,1822,0.0
957,248,2.0
957,489,0.0
957,1946,0.0
957,1205,0.0
957,1640,0.0
957,1119,0.0
957,601,0.0
957,1094,0.0
957,611,0.0
957,1334,0.0
957,326,0.0
957,1706,0.0
957,346,0.0
957,165,0.0
957,879,0.0
957,751,0.0
957,1239,0.0
957,343,0.0
957,60,0.0
957,1964,0.0
957,1209,0.0
957,363,0.0
957,924,0.0
957,1023,0.0
957,1205,0.0
957,1754,0.0
957,33,0.0
957,404,0.0
957,1580,0.0
957,896,0.0
957,137,0.0
957,1721,0.0
957,1885,0.0
957,27,0.0
957,1980,0.0
957,105,0.0
957,1821,0.0
957,1819,0.0
957,156,0.0
957,1822,0.0
957,1130,0.0
957,1256,0.0
957,195,0.0
957,1008,0.0
957,1874,0.0
957,201,0.0
957,108,0.0
957,542,0.0
957,1761,0.0
957,40,0.0
958,208,4.0
958,594,0.0
958,23,0.0
958,1440,0.0
958,352,0.0
958,72,0.0
958,694,0.0
958,2040,0.0
958,514,0.0
958,770,0.0
958,1053,0.0
958,657,0.0
958,1473,0.0
958,1503,0.0
958,938,0.0
958,1480,0.0
958,833,0.0
958,1747,0.0
958,1050,0.0
958,1379,0.0
958,1640,0.0
958,621,0.0
958,18,0.0
958,527,0.0
958,793,0.0
958,1293,0.0
958,1582,0.0
958,1169,0.0
958,1691,0.0
958,1902,0.0
958,1938,0.0
958,541,0.0
958,616,0.0
958,1172,0.0
958,1940,0.0
958,1583,0.0
958,1206,0.0
958,1693,0.0
958,2032,0.0
958,1065,0.0
958,164,0.0
958,808,0.0
958,1709,0.0
958,863,0.0
958,1117,0.0
958,1237,0.0
958,1211,0.0
958,1111,0.0
958,1481,0.0
958,1495,0.0
959,2,4.0
959,256,0.0
959,1746,0.0
959,514,0.0
959,678,0.0
959,1931,0.0
959,1373,0.0
959,911,0.0
959,204,0.0
959,689,0.0
959,343,0.0
959,464,0.0
959,1562,0.0
959,28,0.0
959,1662,0.0
959,1399,0.0
959,104,0.0
959,333,0.0
959,1092,0.0
959,106,0.0
959,1715,0.0
959,101,0.0
959,1285,0.0
959,1687,0.0
959,551,0.0
959,1312,0.0
959,136,0.0
959,489,0.0
959,1712,0.0
959,66,0.0
959,1174,0.0
959,2004,0.0
959,277,0.0
959,2028,0.0
959,1863,0.0
959,211,0.0
959,1869,0.0
959,1373,0.0
959,627,0.0
959,647,0.0
959,1170,0.0
959,364,0.0
959,677,0.0
959,1251,0.0
959,1669,0.0
959,1715,0.0
959,1313,0.0
959,1353,0.0
959,862,0.0
959,394,0.0
960,6,0.5
960,1049,0.0
960,1189,0.0
960,1389,0.0
960,805,0.0
960,438,0.0
960,96,0.0
960,393,0.0
960,1490,0.0
960,266,0.0
960,1922,0.0
960,1146,0.0
960,1558,0.0
960,829,0.0
960,1221,0.0
960,1064,0.0
960,120,0.0
960,424,0.0
960,1884,0.0
960,3,0.0
960,1278,0.0
960,642,0.0
960,1022,0.0
960,1491,0.0
960,818,0.0
960,182,0.0
960,1130,0.0
960,498,0.0
960,1470,0.0
960,1200,0.0
960,71,0.0
960,69,0.0
960,580,0.0
960,1799,0.0
960,122,0.0
960,391,0.0
960,1250,0.0
960,914,0.0
960,367,0.0
960,457,0.0
960,182,0.0
960,1250,0.0
960,1992,0.0
960,1095,0.0
960,511,0.0
960,1031,0.0
960,1976,0.0
960,1095,0.0
960,723,0.0
960,1798,0.0
961,248,2.5
961,1393,0.0
961,1401,0.0
961,1955,0.0
961,845,0.0
961,1418,0.0
961,1414,0.0
961,1375,0.0
961,1105,0.0
961,1011,0.0
961,545,0.0
961,62,0.0
961,1537,0.0
961,701,0.0
961,1926,0.0
961,554,0.0
961,606,0.0
961,1809,0.0
961,147,0.0
961,1542,0.0
961,1749,0.0
961,307,0.0
961,1528,0.0
961,1828,0.0
961,97,0.0
961,1325,0.0
961,1894,0.0
961,1065,0.0
961,315,0.0
961,753,0.0
961,1407,0.0
961,1127,0.0
961,1782,0.0
961,1359,0.0
961,589,0.0
961,1659,0.0
961,2024,0.0
961,1055,0.0
961,933,0.0
961,678,0.0
961,1305,0.0
961,1053,0.0
961,1789,0.0
961,680,0.0
961,870,0.0
961,392,0.0
961,1055,0.0
961,695,0.0
961,1588,0.0
961,1926,0.0
962,1,2.0
962,411,0.0
962,353,0.0
962,431,0.0
962,2,0.0
962,955,0.0
962,2032,0.0
962,130,0.0
962,1098,0.0
962,1347,0.0
962,1501,0.0
962,1958,0.0
962,1973,0.0
962,1023,0.0
962,159,0.0
962,1807,0.0
962,16,0.0
962,1418,0.0
962,355,0.0
962,1055,0.0
962,888,0.0
962,482,0.0
962,1909,0.0
962,1178,0.0
962,1647,0.0
962,609,0.0
962,772,0.0
962,856,0.0
962,1627,0.0
962,1681,0.0
962,1538,0.0
962,795,0.0
962,961,0.0
962,801,0.0
962,341,0.0
962,405,0.0
962,1396,0.0
962,1309,0.0
962,2017,0.0
962,559,0.0
962,576,0.0
962,220,0.0
962,1980,0.0
962,146,0.0
962,2002,0.0
962,1000,0.0
962,1203,0.0
962,1533,0.0
962,1320,0.0
962,1372,0.0
963,4,3.0
963,309,0.0
963,1660,0.0
963,1698,0.0
963,1914,0.0
963,1822,0.0
963,1377,0.0
963,249,0.0
963,1402,0.0
963,941,0.0
963,739,0.0
963,1168,0.0
963,624,0.0
963,1876,0.0
963,1881,0.0
963,1512,0.0
963,91,0.0
963,1204,0.0
963,1151,0.0
963,1301,0.0
963,1465,0.0
963,1704,0.0
963,1282,0.0
963,1371,0.0
963,574,0.0
963,483,0.0
963,833,0.0
963,301,0.0
963,1235,0.0
963,487,0.0
963,1777,0.0
963,483,0.0
963,647,0.0
963,550,0.0
963,1944,0.0
963,462,0.0
963,1373,0.0
963,302,0.0
963,417,0.0
963,67,0.0
963,56,0.0
963,1493,0.0
963,1176,0.0
963,200,0.0
963,598,0.0
963,829,0.0
963,1062,0.0
963,1535,0.0
963,1271,0.0
963,1137,0.0
964,252,4.0
964,76,0.0
964,1750,0.0
964,604,0.0
964,1902,0.0
964,1674,0.0
964,591,0.0
964,49,0.0
964,747,0.0
964,1366,0.0
964,331,0.0
964,1317,0.0
964,1175,0.0
964,1118,0.0
964,677,0.0
964,995,0.0
964,1404,0.0
964,957,0.0
964,1463,0.0
964,320,0.0
964,1113,0.0
964,528,0.0
964,867,0.0
964,1936,0.0
964,740,0.0
964,1306,0.0
964,1368,0.0
964,1757,0.0
964,1256,0.0
964,1816,0.0
964,1893,0.0
964,1375,0.0
964,715,0.0
964,432,0.0
964,1337,0.0
964,2004,0.0
964,1001,0.0
964,2017,0.0
964,379,0.0
964,256,0.0
964,396,0.0
964,1972,0.0
964,788,0.0
964,256,0.0
964,972,0.0
964,158,0.0
964,828,0.0
964,982,0.0
964,1794,0.0
964,202,0.0
965,1,4.0
965,284,0.0
965,1941,0.0
965,706,0.0
965,1775,0.0
965,1750,0.0
965,2,0.0
965,759,0.0
965,261,0.0
965,1703,0.0
965,1494,0.0
965,331,0.0
965,964,0.0
965,260,0.0
965,1026,0.0
965,771,0.0
965,446,0.0
965,1239,0.0
965,772,0.0
965,1980,0.0
965,478,0.0
965,568,0.0
965,866,0.0
965,1705,0.0
965,594,0.0
965,439,0.0
965,199,0.0
965,667,0.0
965,1846,0.0
965,933,0.0
965,278,0.0
965,1158,0.0
965,293,0.0
965,204,0.0
965,876,0.0
965,1720,0.0
965,84,0.0
965,292,0.0
965,389,0.0
965,1161,0.0
965,410,0.0
965,508,0.0
965,1907,0.0
965,1241,0.0
965,617,0.0
965,1080,0.0
965,91,0.0
965,783,0.0
965,1393,0.0
965,570,0.0
966,2,3.5
966,17,0.0
966,212,0.0
966,1746,0.0
966,513,0.0
966,1117,0.0
966,856,0.0
966,921,0.0
966,806,0.0
966,1040,0.0
966,1262,0.0
966,527,0.0
966,1690,0.0
966,176,0.0
966,1154,0.0
966,297,0.0
966,1086,0.0
966,997,0.0
966,796,0.0
966,1153,0.0
966,362,0.0
966,615,0.0
966,1293,0.0
966,267,0.0
966,499,0.0
966,1815,0.0
966,1563,0.0
966,1510,0.0
966,913,0.0
966,216,0.0
966,1380,0.0
966,645,0.0
966,1004,0.0
966,1309,0.0
966,1502,0.0
966,545,0.0
966,722,0.0
966,1721,0.0
966,1435,0.0
966,967,0.0
966,1354,0.0
966,692,0.0
966,783,0.0
966,921,0.0
966,1472,0.0
966,1720,0.0
966,1950,0.0
966,1020,0.0
966,26,0.0
966,1135,0.0
967,1,3.0
967,140,0.0
967,454,0.0
967,1967,0.0
967,144,0.0
967,968,0.0
967,525,0.0
967,157,0.0
967,104,0.0
967,741,0.0
967,889,0.0
967,1949,0.0
967,288,0.0
967,631,0.0
967,1717,0.0
967,1208,0.0
967,1240,0.0
967,1054,0.0
967,278,0.0
967,947,0.0
967,1498,0.0
967,224,0.0
967,1906,0.0
967,1845,0.0
967,1710,0.0
967,1200,0.0
967,83,0.0
967,1591,0.0
967,91,0.0
967,7,0.0
967,1685,0.0
967,1597,0.0
967,1077,0.0
967,1186,0.0
967,1654,0.0
967,478,0.0
967,107,0.0
967,1879,0.0
967,1294,0.0
967,1649,0.0
967,236,0.0
967,2014,0.0
967,1284,0.0
967,981,0.0
967,528,0.0
967,1627,0.0
967,628,0.0
967,1410,0.0
967,1426,0.0
967,1381,0.0
968,231,3.0
968,490,0.0
968,1630,0.0
968,327,0.0
968,0,0.0
968,1383,0.0
968,626,0.0
968,1360,0.0
968,1576,0.0
968,186,0.0
968,268,0.0
968,1973,0.0
968,1454,0.0
968,1562,0.0
968,1996,0.0
968,122,0.0
968,551,0.0
968,1242,0.0
968,1439,0.0
968,1789,0.0
968,1209,0.0
968,587,0.0
968,1962,0.0
968,1587,0.0
968,1228,0.0
968,335,0.0
968,1825,0.0
968,389,0.0
968,303,0.0
968,913,0.0
968,848,0.0
968,2030,0.0
968,1702,0.0
968,1535,0.0
968,1997,0.0
968,1798,0.0
968,1797,0.0
968,971,0.0
968,225,0.0
968,1844,0.0
968,512,0.0
968,1009,0.0
968,28,0.0
968,603,0.0
968,964,0.0
968,980,0.0
968,614,0.0
968,1006,0.0
968,1535,0.0
968,1012,0.0
969,3,4.0
969,270,0.0
969,1982,0.0
969,1334,0.0
969,312,0.0
969,1140,0.0
969,1811,0.0
969,1941,0.0
969,344,0.0
969,1201,0.0
969,116,0.0
969,1699,0.0
969,1020,0.0
969,1778,0.0
969,1188,0.0
969,173,0.0
969,1654,0.0
969,748,0.0
969,154,0.0
969,1682,0.0
969,594,0.0
969,1807,0.0
969,1533,0.0
969,309,0.0
969,1748,0.0
969,2034,0.0
969,1760,0.0
969,233,0.0
969,1374,0.0
969,161,0.0
969,1614,0.0
969,690,0.0
969,291,0.0
969,126,0.0
969,692,0.0
969,601,0.0
969,1117,0.0
969,1469,0.0
969,1950,0.0
969,1112,0.0
969,387,0.0
969,779,0.0
969,248,0.0
969,180,0.0
969,1084,0.0
969,1170,0.0
969,1654,0.0
969,695,0.0
969,1800,0.0
969,280,0.0
970,212,2.5
970,280,0.0
970,1460,0.0
970,1087,0.0
970,1952,0.0
970,358,0.0
970,1012,0.0
970,1252,0.0
970,1637,0.0
970,1829,0.0
970,1270,0.0
970,1115,0.0
970,846,0.0
970,647,0.0
970,0,0.0
970,1993,0.0
970,314,0.0
970,1314,0.0
970,1269,0.0
970,1263,0.0
970,480,0.0
970,1295,0.0
970,653,0.0
970,1540,0.0
970,847,0.0
970,788,0.0
970,313,0.0
970,1592,0.0
970,138,0.0
970,497,0.0
970,1350,0.0
970,120,0.0
970,1415,0.0
970,464,0.0
970,989,0.0
970,909,0.0
970,1200,0.0
970,363,0.0
970,1521,0.0
970,160,0.0
970,663,0.0
970,966,0.0
970,549,0.0
970,1358,0.0
970,1073,0.0
970,746,0.0
970,88,0.0
970,1599,0.0
970,892,0.0
970,720,0.0
971,1,3.5
971,808,0.0
971,1338,0.0
971,1246,0.0
971,1869,0.0
971,1212,0.0
971,975,0.0
971,304,0.0
971,875,0.0
971,355,0.0
971,772,0.0
971,1503,0.0
971,778,0.0
971,1877,0.0
971,1770,0.0
971,39,0.0
971,475,0.0
971,1137,0.0
971,1349,0.0
971,678,0.0
971,837,0.0
971,1645,0.0
971,531,0.0
971,229,0.0
971,1411,0.0
971,984,0.0
971,780,0.0
971,1328,0.0
971,75,0.0
971,264,0.0
971,314,0.0
971,627,0.0
971,1538,0.0
971,991,0.0
971,1546,0.0
971,1284,0.0
971,1954,0.0
971,1392,0.0
971,1687,0.0
971,2024,0.0
971,1733,0.0
971,81,0.0
971,1660,0.0
971,229,0.0
971,645,0.0
971,1621,0.0
971,297,0.0
971,1578,0.0
971,1933,0.0
971,1739,0.0
972,16,3.5
972,103,0.0
972,463,0.0
972,1871,0.0
972,469,0.0
972,579,0.0
972,249,0.0
972,991,0.0
972,602,0.0
972,782,0.0
972,402,0.0
972,25,0.0
972,718,0.0
972,940,0.0
972,1787,0.0
972,9,0.0
972,1633,0.0
972,613,0.0
972,1520,0.0
972,1433,0.0
972,1159,0.0
972,847,0.0
972,220,0.0
972,543,0.0
972,1300,0.0
972,95,0.0
972,1836,0.0
972,1462,0.0
972,1531,0.0
972,779,0.0
972,1711,0.0
972,614,0.0
972,1210,0.0
972,841,0.0
972,1861,0.0
972,1060,0.0
972,1233,0.0
972,879,0.0
972,1438,0.0
972,2018,0.0
972,1790,0.0
972,130,0.0
972,1860,0.0
972,97,0.0
972,1466,0.0
972,1568,0.0
972,1059,0.0
972,969,0.0
972,1772,0.0
972,1538,0.0
973,243,2.5
973,38,0.0
973,664,0.0
973,866,0.0
973,294,0.0
973,38,0.0
973,186,0.0
973,749,0.0
973,961,0.0
973,783,0.0
973,308,0.0
973,361,0.0
973,461,0.0
973,668,0.0
973,1254,0.0
973,705,0.0
973,1273,0.0
973,777,0.0
973,1,0.0
973,1498,0.0
973,652,0.0
973,181,0.0
973,1,0.0
973,1193,0.0
973,1293,0.0
973,976,0.0
973,306,0.0
973,875,0.0
973,48,0.0
973,1445,0.0
973,995,0.0
973,1953,0.0
973,1308,0.0
973,1902,0.0
973,379,0.0
973,1855,0.0
973,790,0.0
973,790,0.0
973,503,0.0
973,783,0.0
973,555,0.0
973,571,0.0
973,1222,0.0
973,108,0.0
973,64,0.0
973,1938,0.0
973,1708,0.0
973,1376,0.0
973,1121,0.0
973,1152,0.0
974,1090,3.0
974,364,0.0
974,1225,0.0
974,912,0.0
974,1122,0.0
974,660,0.0
974,1992,0.0
974,976,0.0
974,1183,0.0
974,815,0.0
974,1701,0.0
974,27,0.0
974,465,0.0
974,1723,0.0
974,1861,0.0
974,1849,0.0
974,1221,0.0
974,1232,0.0
974,1460,0.0
974,265,0.0
974,769,0.0
974,992,0.0
974,1514,0.0
974,1432,0.0
974,1957,0.0
974,256,0.0
974,1359,0.0
974,857,0.0
974,1256,0.0
974,1739,0.0
974,72,0.0
974,1036,0.0
974,582,0.0
974,1528,0.0
974,1024,0.0
974,1182,0.0
974,1532,0.0
974,482,0.0
974,1239,0.0
974,194,0.0
974,1335,0.0
974,402,0.0
974,3,0.0
974,764,0.0
974,1819,0.0
974,1835,0.0
974,541,0.0
974,803,0.0
974,1972,0.0
974,105,0.0
975,10,2.0
975,772,0.0
975,561,0.0
975,315,0.0
975,1806,0.0
975,474,0.0
975,875,0.0
975,370,0.0
975,1638,0.0
975,992,0.0
975,1687,0.0
975,1556,0.0
975,257,0.0
975,722,0.0
975,428,0.0
975,1523,0.0
975,1617,0.0
975,1033,0.0
975,1964,0.0
975,676,0.0
975,662,0.0
975,1708,0.0
975,424,0.0
975,1600,0.0
975,1785,0.0
975,1535,0.0
975,1340,0.0
975,629,0.0
975,133,0.0
975,960,0.0
975,17,0.0
975,1370,0.0
975,367,0.0
975,1790,0.0
975,167,0.0
975,1957,0.0
975,1964,0.0
975,16,0.0
975,2009,0.0
975,908,0.0
975,1545,0.0
975,1530,0.0
975,1765,0.0
975,1497,0.0
975,542,0.0
975,726,0.0
975,305,0.0
975,378,0.0
975,339,0.0
975,150,0.0
976,215,3.0
976,325,0.0
976,1960,0.0
976,1700,0.0
976,1542,0.0
976,972,0.0
976,1024,0.0
976,599,0.0
976,1441,0.0
976,1203,0.0
976,9,0.0
976,374,0.0
976,1979,0.0
976,645,0.0
976,1475,0.0
976,1991,0.0
976,1133,0.0
976,1148,0.0
976,1455,0.0
976,1742,0.0
976,1324,0.0
976,651,0.0
976,102,0.0
976,1646,0.0
976,1093,0.0
976,884,0.0
976,916,0.0
976,109,0.0
976,223,0.0
976,223,0.0
976,1754,0.0
976,750,0.0
976,630,0.0
976,842,0.0
976,213,0.0
976,1571,0.0
976,1366,0.0
976,1380,0.0
976,1814,0.0
976,1462,0.0
976,255,0.0
976,666,0.0
976,1505,0.0
976,1019,0.0
976,1427,0.0
976,1806,0.0
976,1065,0.0
976,1411,0.0
976,1052,0.0
976,694,0.0
977,337,4.0
977,261,0.0
977,183,0.0
977,519,0.0
977,979,0.0
977,822,0.0
977,872,0.0
977,1551,0.0
977,1911,0.0
977,385,0.0
977,575,0.0
977,252,0.0
977,1034,0.0
977,599,0.0
977,210,0.0
977,1539,0.0
977,1666,0.0
977,1806,0.0
977,359,0.0
977,67,0.0
977,426,0.0
977,1872,0.0
977,8,0.0
977,536,0.0
977,1600,0.0
977,1639,0.0
977,1089,0.0
977,694,0.0
977,1196,0.0
977,800,0.0
977,21,0.0
977,1065,0.0
977,1227,0.0
977,154,0.0
977,1546,0.0
977,809,0.0
977,1485,0.0
977,77,0.0
977,103,0.0
977,2026,0.0
977,277,0.0
977,1672,0.0
977,718,0.0
977,762,0.0
977,1760,0.0
977,56,0.0
977,338,0.0
977,1822,0.0
977,273,0.0
977,907,0.0
978,251,2.5
978,820,0.0
978,670,0.0
978,1419,0.0
978,1544,0.0
978,993,0.0
978,322,0.0
978,1956,0.0
978,369,0.0
978,1179,0.0
978,1005,0.0
978,213,0.0
978,665,0.0
978,1106,0.0
978,404,0.0
978,612,0.0
978,1033,0.0
978,1871,0.0
978,1303,0.0
978,280,0.0
978,1715,0.0
978,1113,0.0
978,128,0.0
978,308,0.0
978,1987,0.0
978,484,0.0
978,1130,0.0
978,973,0.0
978,1022,0.0
978,1528,0.0
978,791,0.0
978,282,0.0
978,1130,0.0
978,154,0.0
978,1879,0.0
978,1255,0.0
978,1472,0.0
978,1403,0.0
978,806,0.0
978,1356,0.0
978,595,0.0
978,869,0.0
978,1955,0.0
978,1099,0.0
978,1988,0.0
978,260,0.0
978,1360,0.0
978,1253,0.0
978,1929,0.0
978,783,0.0
979,234,2.5
979,1762,0.0
979,1389,0.0
979,1325,0.0
979,962,0.0
979,348,0.0
979,783,0.0
979,393,0.0
979,1347,0.0
979,947,0.0
979,49,0.0
979,1347,0.0
979,1537,0.0
979,842,0.0
979,1486,0.0
979,1098,0.0
979,1782,0.0
979,500,0.0
979,1750,0.0
979,741,0.0
979,1777,0.0
979,2013,0.0
979,187,0.0
979,945,0.0
979,128,0.0
979,1516,0.0
979,96,0.0
979,364,0.0
979,500,0.0
979,1188,0.0
979,918,0.0
979,176,0.0
979,1007,0.0
979,628,0.0
979,1745,0.0
979,969,0.0
979,1983,0.0
979,272,0.0
979,1350,0.0
979,398,0.0
979,1586,0.0
979,410,0.0
979,776,0.0
979,1087,0.0
979,1470,0.0
979,340,0.0
979,1972,0.0
979,1252,0.0
979,504,0.0
979,860,0.0
980,209,4.0
980,1136,0.0
980,1021,0.0
980,408,0.0
980,1954,0.0
980,719,0.0
980,1842,0.0
980,364,0.0
980,1014,0.0
980,240,0.0
980,88,0.0
980,1718,0.0
980,1295,0.0
980,1278,0.0
980,1512,0.0
980,1879,0.0
980,244,0.0
980,1803,0.0
980,1122,0.0
980,570,0.0
980,1096,0.0
980,623,0.0
980,1700,0.0
980,1311,0.0
980,952,0.0
980,210,0.0
980,533,0.0
980,940,0.0
980,1889,0.0
980,1106,0.0
980,1265,0.0
980,11,0.0
980,2001,0.0
980,516,0.0
980,793,0.0
980,1139,0.0
980,346,0.0
980,19,0.0
980,1724,0.0
980,135,0.0
980,445,0.0
980,1461,0.0
980,1871,0.0
980,1593,0.0
980,1985,0.0
980,172,0.0
980,704,0.0
980,516,0.0
980,158,0.0
980,1814,0.0
981,243,2.5
981,1148,0.0
981,1198,0.0
981,1124,0.0
981,50,0.0
981,1281,0.0
981,660,0.0
981,1191,0.0
981,1128,0.0
981,1604,0.0
981,34,0.0
981,427,0.0
981,1698,0.0
981,2039,0.0
981,338,0.0
981,719,0.0
981,1176,0.0
981,505,0.0
981,79,0.0
981,1054,0.0
981,224,0.0
981,1790,0.0
981,1232,0.0
981,2004,0.0
981,179,0.0
981,418,0.0
981,1520,0.0
981,1942,0.0
981,1328,0.0
981,655,0.0
981,741,0.0
981,313,0.0
981,1841,0.0
981,1357,0.0
981,1087,0.0
981,307,0.0
981,39,0.0
981,1266,0.0
981,360,0.0
981,1268,0.0
981,1845,0.0
981,1905,0.0
981,1632,0.0
981,980,0.0
981,1168,0.0
981,899,0.0
981,1999,0.0
981,1591,0.0
981,1053,0.0
981,1643,0.0
982,232,2.0
982,266,0.0
982,1513,0.0
982,130,0.0
982,146,0.0
982,602,0.0
982,902,0.0
982,374,0.0
982,1508,0.0
982,1527,0.0
982,503,0.0
982,1242,0.0
982,1518,0.0
982,1569,0.0
982,1034,0.0
982,2021,0.0
982,1284,0.0
982,1011,0.0
982,70,0.0
982,1187,0.0
982,260,0.0
982,695,0.0
982,1668,0.0
982,1818,0.0
982,860,0.0
982,1434,0.0
982,1439,0.0
982,1368,0.0
982,233,0.0
982,1905,0.0
982,1889,0.0
982,1038,0.0
982,616,0.0
982,1377,0.0
982,482,0.0
982,1461,0.0
982,1043,0.0
982,759,0.0
982,471,0.0
982,161,0.0
982,638,0.0
982,1057,0.0
982,1138,0.0
982,1453,0.0
982,730,0.0
982,753,0.0
982,1044,0.0
982,736,0.0
982,166,0.0
982,1319,0.0
983,447,0.5
983,709,0.0
983,1313,0.0
983,305,0.0
983,171,0.0
983,525,0.0
983,327,0.0
983,152,0.0
983,707,0.0
983,1201,0.0
983,606,0.0
983,852,0.0
983,1772,0.0
983,1439,0.0
983,310,0.0
983,589,0.0
983,1267,0.0
983,731,0.0
983,408,0.0
983,1243,0.0
983,718,0.0
983,1459,0.0
983,183,0.0
983,626,0.0
983,1147,0.0
983,237,0.0
983,1643,0.0
983,405,0.0
983,1582,0.0
983,1221,0.0
983,562,0.0
983,1729,0.0
983,581,0.0
983,1910,0.0
983,86,0.0
983,2009,0.0
983,1098,0.0
983,1728,0.0
983,1755,0.0
983,789,0.0
983,1960,0.0
983,1356,0.0
983,744,0.0
983,1454,0.0
983,1979,0.0
983,369,0.0
983,1763,0.0
983,1941,0.0
983,899,0.0
983,43,0.0
984,4,2.5
984,653,0.0
984,1314,0.0
984,1645,0.0
984,496,0.0
984,1324,0.0
984,1184,0.0
984,60,0.0
984,860,0.0
984,71,0.0
984,1460,0.0
984,481,0.0
984,114,0.0
984,2030,0.0
984,1229,0.0
984,1357,0.0
984,1329,0.0
984,910,0.0
984,553,0.0
984,1905,0.0
984,1555,0.0
984,1627,0.0
984,1603,0.0
984,1158,0.0
984,1601,0.0
984,1864,0.0
984,1174,0.0
984,547,0.0
984,139,0.0
984,406,0.0
984,1758,0.0
984,489,0.0
984,1930,0.0
984,896,0.0
984,204,0.0
984,294,0.0
984,860,0.0
984,581,0.0
984,670,0.0
984,904,0.0
984,1207,0.0
984,17,0.0
984,1406,0.0
984,1594,0.0
984,1858,0.0
984,735,0.0
984,620,0.0
984,642,0.0
984,2028,0.0
984,541,0.0
985,5,3.5
985,1748,0.0
985,1473,0.0
985,1409,0.0
985,1700,0.0
985,382,0.0
985,164,0.0
985,708,0.0
985,301,0.0
985,773,0.0
985,1071,0.0
985,1150,0.0
985,367,0.0
985,647,0.0
985,1055,0.0
985,506,0.0
985,612,0.0
985,76,0.0
985,706,0.0
985,1224,0.0
985,67,0.0
985,1051,0.0
985,935,0.0
985,399,0.0
985,56,0.0
985,1226,0.0
985,566,0.0
985,1106,0.0
985,617,0.0
985,1274,0.0
985,341,0.0
985,422,0.0
985,1867,0.0
985,438,0.0
985,413,0.0
985,871,0.0
985,1961,0.0
985,132,0.0
985,1892,0.0
985,428,0.0
985,703,0.0
985,1567,0.0
985,1633,0.0
985,267,0.0
985,106,0.0
985,65,0.0
985,1006,0.0
985,1075,0.0
985,710,0.0
985,287,0.0
986,215,3.5
986,899,0.0
986,1775,0.0
986,1908,0.0
986,984,0.0
986,829,0.0
986,607,0.0
986,587,0.0
986,1,0.0
986,2030,0.0
986,382,0.0
986,689,0.0
986,1135,0.0
986,1908,0.0
986,203,0.0
986,2033,0.0
986,1773,0.0
986,25,0.0
986,1876,0.0
986,107,0.0
986,1700,0.0
986,1590,0.0
986,867,0.0
986,273,0.0
986,1815,0.0
986,1565,0.0
986,16,0.0
986,1487,0.0
986,297,0.0
986,592,0.0
986,875,0.0
986,1419,0.0
986,1050,0.0
986,182,0.0
986,1539,0.0
986,674,0.0
986,448,0.0
986,1355,0.0
986,1948,0.0
986,1607,0.0
986,1479,0.0
986,587,0.0
986,419,0.0
986,239,0.0
986,511,0.0
986,1313,0.0
986,803,0.0
986,438,0.0
986,771,0.0
986,1020,0.0
987,713,2.5
987,314,0.0
987,1733,0.0
987,1465,0.0
987,246,0.0
987,264,0.0
987,1592,0.0
987,424,0.0
987,794,0.0
987,1081,0.0
987,1872,0.0
987,1507,0.0
987,323,0.0
987,1209,0.0
987,791,0.0
987,1522,0.0
987,847,0.0
987,61,0.0
987,592,0.0
987,962,0.0
987,1269,0.0
987,1510,0.0
987,1784,0.0
987,868,0.0
987,1396,0.0
987,514,0.0
987,747,0.0
987,50,0.0
987,616,0.0
987,98,0.0
987,322,0.0
987,591,0.0
987,1464,0.0
987,403,0.0
987,1836,0.0
987,1925,0.0
987,1440,0.0
987,1706,0.0
987,1969,0.0
987,154,0.0
987,541,0.0
987,1634,0.0
987,145,0.0
987,925,0.0
987,1258,0.0
987,1497,0.0
987,1422,0.0
987,863,0.0
987,1634,0.0
987,1483,0.0
988,212,4.0
988,1207,0.0
988,1538,0.0
988,1515,0.0
988,505,0.0
988,1658,0.0
988,1778,0.0
988,436,0.0
988,802,0.0
988,1128,0.0
988,102,0.0
988,1231,0.0
988,2004,0.0
988,1684,0.0
988,704,0.0
988,824,0.0
988,1757,0.0
988,1070,0.0
988,1953,0.0
988,303,0.0
988,166,0.0
988,493,0.0
988,86,0.0
988,1249,0.0
988,119,0.0
988,1949,0.0
988,1271,0.0
988,1528,0.0
988,945,0.0
988,352,0.0
988,1167,0.0
988,1768,0.0
988,349,0.0
988,1538,0.0
988,1017,0.0
988,1772,0.0
988,1340,0.0
988,769,0.0
988,1049,0.0
988,1553,0.0
988,321,0.0
988,295,0.0
988,130,0.0
988,16,0.0
988,1943,0.0
988,769,0.0
988,1605,0.0
988,935,0.0
988,921,0.0
988,184,0.0
989,1635,4.0
989,798,0.0
989,1999,0.0
989,608,0.0
989,692,0.0
989,1521,0.0
989,1024,0.0
989,1621,0.0
989,475,0.0
989,1476,0.0
989,963,0.0
989,64,0.0
989,910,0.0
989,1508,0.0
989,614,0.0
989,2032,0.0
989,1971,0.0
989,421,0.0
989,1004,0.0
989,1559,0.0
989,1174,0.0
989,1838,0.0
989,1414,0.0
989,1015,0.0
989,1788,0.0
989,1438,0.0
989,6,0.0
989,972,0.0
989,1539,0.0
989,1786,0.0
989,1717,0.0
989,1019,0.0
989,1489,0.0
989,103,0.0
989,2002,0.0
989,463,0.0
989,1587,0.0
989,1617,0.0
989,847,0.0
989,1583,0.0
989,350,0.0
989,1752,0.0
989,1857,0.0
989,365,0.0
989,1916,0.0
989,181,0.0
989,242,0.0
989,219,0.0
989,1231,0.0
989,1662,0.0
990,16,3.5
990,1111,0.0
990,903,0.0
990,1343,0.0
990,1413,0.0
990,1875,0.0
990,269,0.0
990,1895,0.0
990,965,0.0
990,1483,0.0
990,1384,0.0
990,1149,0.0
990,838,0.0
990,184,0.0
990,364,0.0
990,1565,0.0
990,719,0.0
990,1031,0.0
990,653,0.0
990,1839,0.0
990,1747,0.0
990,1819,0.0
990,901,0.0
990,1437,0.0
990,2038,0.0
990,1155,0.0
990,1379,0.0
990,1017,0.0
990,322,0.0
990,905,0.0
990,101,0.0
990,794,0.0
990,1489,0.0
990,1452,0.0
990,74,0.0
990,1123,0.0
990,743,0.0
990,1826,0.0
990,235,0.0
990,1292,0.0
990,887,0.0
990,1590,0.0
990,1277,0.0
990,726,0.0
990,810,0.0
990,328,0.0
990,835,0.0
990,1322,0.0
990,1831,0.0
990,369,0.0
991,336,1.5
991,1293,0.0
991,1576,0.0
991,39,0.0
991,504,0.0
991,600,0.0
991,612,0.0
991,1754,0.0
991,1238,0.0
991,1990,0.0
991,1327,0.0
991,521,0.0
991,1752,0.0
991,1144,0.0
991,1333,0.0
991,1698,0.0
991,1687,0.0
991,304,0.0
991,1449,0.0
991,1482,0.0
991,595,0.0
991,201,0.0
991,561,0.0
991,1684,0.0
991,411,0.0
991,219,0.0
991,1974,0.0
991,1178,0.0
991,1632,0.0
991,323,0.0
991,610,0.0
991,339,0.0
991,1413,0.0
991,1209,0.0
991,133,0.0
991,827,0.0
991,848,0.0
991,146,0.0
991,1136,0.0
991,1980,0.0
991,1552,0.0
991,432,0.0
991,386,0.0
991,1389,0.0
991,1057,0.0
991,61,0.0
991,443,0.0
991,195,0.0
991,86,0.0
991,890,0.0
992,427,4.0
992,920,0.0
992,653,0.0
992,1446,0.0
992,651,0.0
992,1915,0.0
992,944,0.0
992,339,0.0
992,373,0.0
992,884,0.0
992,1297,0.0
992,256,0.0
992,1898,0.0
992,515,0.0
992,1291,0.0
992,1945,0.0
992,1951,0.0
992,1380,0.0
992,846,0.0
992,307,0.0
992,1890,0.0
992,601,0.0
992,1550,0.0
992,1671,0.0
992,731,0.0
992,1821,0.0
992,1717,0.0
992,490,0.0
992,638,0.0
992,637,0.0
992,2027,0.0
992,706,0.0
992,197,0.0
992,1374,0.0
992,1241,0.0
992,1031,0.0
992,1254,0.0
992,1726,0.0
992,1116,0.0
992,656,0.0
992,15,0.0
992,2037,0.0
992,1648,0.0
992,1836,0.0
992,1219,0.0
992,905,0.0
992,463,0.0
992,914,0.0
992,1958,0.0
992,817,0.0
993,205,3.0
993,1815,0.0
993,469,0.0
993,54,0.0
993,1519,0.0
993,1944,0.0
993,583,0.0
993,754,0.0
993,126,0.0
993,2003,0.0
993,1344,0.0
993,1789,0.0
993,1091,0.0
993,1419,0.0
993,152,0.0
993,1172,0.0
993,1426,0.0
993,225,0.0
993,837,0.0
993,691,0.0
993,1333,0.0
993,418,0.0
993,514,0.0
993,288,0.0
993,200,0.0
993,1542,0.0
993,872,0.0
993,666,0.0
993,768,0.0
993,167,0.0
993,913,0.0
993,1698,0.0
993,1360,0.0
993,1318,0.0
993,379,0.0
993,1034,0.0
993,356,0.0
993,812,0.0
993,1994,0.0
993,130,0.0
993,204,0.0
993,1459,0.0
993,315,0.0
993,603,0.0
993,1337,0.0
993,485,0.0
993,1973,0.0
993,110,0.0
993,1313,0.0
993,246,0.0
994,208,3.5
994,1536,0.0
994,848,0.0
994,347,0.0
994,765,0.0
994,1222,0.0
994,1235,0.0
994,681,0.0
994,1175,0.0
994,1908,0.0
994,576,0.0
994,529,0.0
994,1113,0.0
994,1037,0.0
994,18,0.0
994,1105,0.0
994,1784,0.0
994,620,0.0
994,1542,0.0
994,1855,0.0
994,1,0.0
994,1286,0.0
994,1563,0.0
994,1883,0.0
994,1513,0.0
994,336,0.0
994,285,0.0
994,253,0.0
994,596,0.0
994,1508,0.0
994,1224,0.0
994,1315,0.0
994,1907,0.0
994,1301,0.0
994,1358,0.0
994,1613,0.0
994,1434,0.0
994,1233,0.0
994,637,0.0
994,1033,0.0
994,1263,0.0
994,1813,0.0
994,918,0.0
994,819,0.0
994,1193,0.0
994,680,0.0
994,815,0.0
994,836,0.0
994,946,0.0
994,472,0.0
995,234,4.0
995,1566,0.0
995,776,0.0
995,154,0.0
995,1139,0.0
995,948,0.0
995,720,0.0
995,1650,0.0
995,1074,0.0
995,1095,0.0
995,1946,0.0
995,1663,0.0
995,935,0.0
995,760,0.0
995,1853,0.0
995,825,0.0
995,142,0.0
995,1190,0.0
995,1093,0.0
995,991,0.0
995,1021,0.0
995,1519,0.0
995,1543,0.0
995,1186,0.0
995,1598,0.0
995,1310,0.0
995,1257,0.0
995,1753,0.0
995,1961,0.0
995,1367,0.0
995,1906,0.0
995,1276,0.0
995,705,0.0
995,1832,0.0
995,256,0.0
995,841,0.0
995,1529,0.0
995,1777,0.0
995,1494,0.0
995,1312,0.0
995,619,0.0
995,548,0.0
995,1915,0.0
995,1848,0.0
995,1528,0.0
995,1546,0.0
995,1107,0.0
995,1753,0.0
995,1773,0.0
995,558,0.0
996,6,2.0
996,579,0.0
996,1073,0.0
996,441,0.0
996,669,0.0
996,1221,0.0
996,1793,0.0
996,462,0.0
996,376,0.0
996,545,0.0
996,435,0.0
996,1020,0.0
996,723,0.0
996,1295,0.0
996,891,0.0
996,938,0.0
996,1599,0.0
996,2032,0.0
996,2012,0.0
996,154,0.0
996,2038,0.0
996,1344,0.0
996,268,0.0
996,1575,0.0
996,159,0.0
996,322,0.0
996,1037,0.0
996,1399,0.0
996,119,0.0
996,1337,0.0
996,347,0.0
996,45,0.0
996,1369,0.0
996,468,0.0
996,1405,0.0
996,621,0.0
996,1394,0.0
996,1482,0.0
996,218,0.0
996,1003,0.0
996,1978,0.0
996,1144,0.0
996,960,0.0
996,1312,0.0
996,511,0.0
996,1581,0.0
996,1361,0.0
996,380,0.0
996,1529,0.0
996,565,0.0
997,233,2.5
997,503,0.0
997,476,0.0
997,1320,0.0
997,1405,0.0
997,443,0.0
997,683,0.0
997,122,0.0
997,1312,0.0
997,1985,0.0
997,1233,0.0
997,493,0.0
997,1942,0.0
997,1599,0.0
997,389,0.0
997,62,0.0
997,1917,0.0
997,1962,0.0
997,1432,0.0
997,2002,0.0
997,519,0.0
997,244,0.0
997,164,0.0
997,2009,0.0
997,1116,0.0
997,954,0.0
997,283,0.0
997,1844,0.0
997,1911,0.0
997,710,0.0
997,1147,0.0
997,1590,0.0
997,931,0.0
997,1213,0.0
997,654,0.0
997,1845,0.0
997,1340,0.0
997,1632,0.0
997,821,0.0
997,196,0.0
997,284,0.0
997,1616,0.0
997,1132,0.0
997,1818,0.0
997,1232,0.0
997,114,0.0
997,963,0.0
997,752,0.0
997,1931,0.0
997,893,0.0
998,206,1.5
998,16,0.0
998,853,0.0
998,8,0.0
998,179,0.0
998,2,0.0
998,1301,0.0
998,693,0.0
998,1827,0.0
998,166,0.0
998,1274,0.0
998,1297,0.0
998,1616,0.0
998,26,0.0
998,117,0.0
998,738,0.0
998,351,0.0
998,194,0.0
998,652,0.0
998,1296,0.0
998,316,0.0
998,1425,0.0
998,754,0.0
998,1552,0.0
998,1719,0.0
998,1071,0.0
998,1039,0.0
998,1493,0.0
998,1944,0.0
998,1728,0.0
998,1306,0.0
998,13,0.0
998,1371,0.0
998,366,0.0
998,227,0.0
998,1651,0.0
998,1396,0.0
998,1002,0.0
998,1841,0.0
998,735,0.0
998,1564,0.0
998,2000,0.0
998,1563,0.0
998,2024,0.0
998,1428,0.0
998,1431,0.0
998,557,0.0
998,1083,0.0
998,866,0.0
998,659,0.0
999,6,2.5
999,1623,0.0
999,1437,0.0
999,1156,0.0
999,771,0.0
999,1202,0.0
999,2025,0.0
999,1928,0.0
999,822,0.0
999,288,0.0
999,1650,0.0
999,1372,0.0
999,1310,0.0
999,1387,0.0
999,1106,0.0
999,236,0.0
999,437,0.0
999,1262,0.0
999,444,0.0
999,1089,0.0
999,1683,0.0
999,715,0.0
999,113,0.0
999,1876,0.0
999,188,0.0
999,2014,0.0
999,1827,0.0
999,1619,0.0
999,875,0.0
999,275,0.0
999,940,0.0
999,1635,0.0
999,1325,0.0
999,884,0.0
999,785,0.0
999,709,0.0
999,1888,0.0
999,1993,0.0
999,913,0.0
999,1010,0.0
999,959,0.0
999,1569,0.0
999,1614,0.0
999,1666,0.0
999,583,0.0
999,754,0.0
999,1674,0.0
999,1709,0.0
999,479,0.0
999,2031,0.0
1000,11,4.0
1000,1223,0.0
1000,1030,0.0
1000,678,0.0
1000,385,0.0
1000,682,0.0
1000,395,0.0
1000,539,0.0
1000,619,0.0
1000,1170,0.0
1000,1307,0.0
1000,1122,0.0
1000,587,0.0
1000,1627,0.0
1000,1530,0.0
1000,1497,0.0
1000,1765,0.0
1000,709,0.0
1000,1170,0.0
1000,575,0.0
1000,858,0.0
1000,884,0.0
1000,904,0.0
1000,502,0.0
1000,936,0.0
1000,49,0.0
1000,1545,0.0
1000,1993,0.0
1000,224,0.0
1000,81,0.0
1000,181,0.0
1000,521,0.0
1000,902,0.0
1000,1383,0.0
1000,927,0.0
1000,234,0.0
1000,821,0.0
1000,1349,0.0
1000,1490,0.0
1000,1470,0.0
1000,1768,0.0
1000,746,0.0
1000,545,0.0
1000,42,0.0
1000,381,0.0
1000,1156,0.0
1000,402,0.0
1000,1648,0.0
1000,1393,0.0
1000,53,0.0
1001,800,3.5
1001,2002,0.0
1001,907,0.0
1001,1752,0.0
1001,1707,0.0
1001,972,0.0
1001,1859,0.0
1001,954,0.0
1001,649,0.0
1001,303,0.0
1001,1179,0.0
1001,772,0.0
1001,987,0.0
1001,1323,0.0
1001,1694,0.0
1001,271,0.0
1001,122,0.0
1001,510,0.0
1001,278,0.0
1001,860,0.0
1001,1390,0.0
1001,1556,0.0
1001,897,0.0
1001,790,0.0
1001,719,0.0
1001,906,0.0
1001,1653,0.0
1001,122,0.0
1001,1736,0.0
1001,1409,0.0
1001,1873,0.0
1001,396,0.0
1001,300,0.0
1001,1863,0.0
1001,1417,0.0
1001,602,0.0
1001,592,0.0
1001,215,0.0
1001,1812,0.0
1001,0,0.0
1001,1167,0.0
1001,1273,0.0
1001,1194,0.0
1001,992,0.0
1001,133,0.0
1001,1099,0.0
1001,1503,0.0
1001,623,0.0
1001,761,0.0
1001,266,0.0
